5
26
114 20 26 82 59 8 86 23 15 52 35 109 19 18 113 19 39 98 6 16 39 30 44 65 15 42
98 35 58 119 6 38 28 110 117 30 97 48 9 119 110 100 90 33 13 20 88 68 103 64 106 31
33 24 98 30 74 35 103 53 8 117 75 2 113 39 76 9 104 114 85 77 9 13 1 64 24 73
56 33 81 83 9 49 48 30 49 33 28 61 29 20 21 75 79 101 68 47 71 96 96 33 116 27
119 108 4 66 71 42 50 39 112 45 99 72 92 55 8 89 98 31 31 98 40 34 32 107 21 9
0 21 22 23 15 16 21
21 0 20 19 21 20 25
22 20 0 24 23 15 23
23 19 24 0 16 22 15
15 21 23 16 0 19 25
16 20 15 22 19 0 25
21 25 23 15 25 25 0
