5
26
14 31 36 6 14 34 5 12 38 30 16 14 34 33 25 19 39 6 28 12 12 13 26 1 26 38
16 30 20 13 22 36 33 39 22 9 14 40 15 17 6 21 7 38 5 38 32 4 6 26 6 36
20 36 24 38 37 13 37 22 7 26 32 16 31 7 13 28 28 31 35 36 6 30 22 9 31 13
21 19 18 23 37 30 14 2 40 4 20 25 20 16 19 19 11 20 26 20 11 8 32 31 19 14
7 21 30 21 28 30 3 8 16 31 12 14 36 24 34 2 37 37 26 14 32 38 1 7 35 11
0 16 17 16 18 19 15
16 0 22 17 22 19 23
17 22 0 19 22 25 22
16 17 19 0 19 17 15
18 22 22 19 0 18 20
19 19 25 17 18 0 18
15 23 22 15 20 18 0
