5
24
6 76 17 62 95 47 6 13 120 100 16 92 44 39 109 22 43 113 63 7 56 28 20 49
63 88 28 116 30 67 87 23 52 28 98 82 56 70 78 73 119 102 47 103 62 79 20 22
65 104 28 70 50 83 24 43 85 71 16 28 47 114 14 43 111 92 52 42 96 95 54 67
13 15 57 32 48 81 93 101 97 31 91 38 28 6 72 26 87 26 102 65 29 38 69 110
2 14 28 77 104 8 6 42 85 93 6 56 62 55 91 37 67 83 115 64 97 64 21 16
0 20 21 17 17 18 19
20 0 22 24 19 20 17
21 22 0 21 17 21 16
17 24 21 0 15 19 20
17 19 17 15 0 19 21
18 20 21 19 19 0 18
19 17 16 20 21 18 0
