5
24
7 98 145 60 47 60 35 120 36 25 98 44 65 19 115 136 117 18 144 94 76 6 91 118
83 137 22 32 115 41 40 148 24 123 29 6 68 101 5 94 90 121 145 82 158 146 70 33
55 11 104 15 21 75 151 71 76 30 98 78 151 135 26 147 76 88 82 96 119 9 153 93
19 159 43 99 79 46 88 66 125 93 147 134 154 13 79 158 94 134 57 1 111 54 85 19
141 109 142 22 70 110 68 51 62 101 38 67 111 5 16 66 18 11 1 8 130 67 157 127
0 15 25 25 18 17 24
15 0 20 16 18 24 20
25 20 0 16 25 21 22
25 16 16 0 20 16 15
18 18 25 20 0 16 25
17 24 21 16 16 0 25
24 20 22 15 25 25 0
