5
26
18 11 36 40 16 15 18 36 11 22 34 8 28 20 34 29 34 32 4 25 38 12 6 33 5 31
2 1 14 12 33 16 14 31 25 1 25 34 8 23 16 22 15 9 17 38 36 33 15 1 38 1
37 19 33 19 2 15 14 34 40 21 37 35 29 7 17 9 20 14 22 13 19 36 11 26 9 22
6 22 27 10 5 13 40 2 7 31 16 12 12 3 39 24 24 29 13 33 20 10 15 2 39 4
19 5 22 34 26 39 28 27 9 20 20 28 10 21 23 5 34 39 35 38 6 37 29 21 16 24
0 25 24 21 23 16 20
25 0 23 25 16 19 24
24 23 0 22 23 18 22
21 25 22 0 23 15 23
23 16 23 23 0 19 25
16 19 18 15 19 0 24
20 24 22 23 25 24 0
