5
22
136 73 26 8 33 4 152 65 115 122 148 96 70 81 10 109 66 156 6 144 30 91
109 45 26 3 3 65 159 130 17 129 84 112 44 141 119 15 25 69 26 81 126 40
38 47 117 55 67 58 41 4 52 19 76 155 43 149 19 66 13 126 79 50 16 81
87 23 38 112 125 119 88 15 104 45 21 11 34 87 41 5 133 39 74 153 88 59
24 18 151 103 80 149 127 96 16 129 1 151 149 104 117 17 112 94 85 97 53 143
0 20 25 20 23 15 24
20 0 25 18 16 22 15
25 25 0 20 17 23 16
20 18 20 0 18 15 15
23 16 17 18 0 25 23
15 22 23 15 25 0 25
24 15 16 15 23 25 0
