5
26
158 107 14 78 44 144 149 107 148 48 7 46 114 100 81 27 76 58 18 2 29 25 104 33 39 110
114 49 138 67 146 46 63 62 106 39 85 139 22 120 130 39 72 94 109 143 113 113 94 26 91 70
6 156 100 6 88 124 23 5 33 93 35 40 106 150 25 51 133 127 89 99 110 139 129 95 97 87
60 52 118 81 57 94 46 44 151 35 9 25 109 56 127 95 67 56 130 10 45 100 81 28 66 128
102 51 120 155 32 5 52 64 18 32 15 127 82 20 44 98 99 129 41 93 61 155 131 60 146 107
0 23 15 18 16 18 16
23 0 20 16 20 24 23
15 20 0 16 21 21 21
18 16 16 0 16 20 19
16 20 21 16 0 22 23
18 24 21 20 22 0 21
16 23 21 19 23 21 0
