6
26
80 34 65 73 71 61 16 73 71 77 54 5 35 48 42 30 20 31 6 13 33 50 2 56 48 2
27 69 50 74 58 23 75 14 20 36 69 33 14 32 14 68 29 61 5 66 64 9 35 54 75 36
77 49 21 25 34 5 61 13 72 33 47 19 34 79 36 71 57 20 50 27 30 23 59 67 8 51
76 20 42 9 61 38 76 39 52 31 64 12 16 52 45 29 68 67 44 32 51 36 44 35 30 6
70 65 41 45 48 62 29 45 9 18 27 55 23 36 2 41 26 3 35 74 26 10 65 32 67 70
6 22 51 69 73 53 74 46 50 78 23 73 56 55 71 53 77 19 56 28 38 51 71 64 29 64
0 16 15 17 15 19 21 24
16 0 21 18 17 15 19 21
15 21 0 21 16 25 19 16
17 18 21 0 16 22 22 24
15 17 16 16 0 25 23 15
19 15 25 22 25 0 15 22
21 19 19 22 23 15 0 24
24 21 16 24 15 22 24 0
