6
18
6 48 118 108 7 45 2 11 2 47 25 101 101 23 108 98 96 65
57 54 66 106 109 11 97 33 14 112 58 7 77 58 6 7 86 2
14 81 88 24 51 89 23 119 32 84 106 98 112 52 26 102 82 46
14 20 91 92 3 104 60 75 14 113 79 56 34 120 85 80 77 44
88 31 82 69 50 115 49 62 34 34 111 86 68 77 56 59 29 107
21 84 74 62 81 108 24 96 110 39 8 44 104 73 111 29 60 118
0 25 16 18 22 25 20 25
25 0 19 22 17 22 20 24
16 19 0 19 15 20 18 16
18 22 19 0 19 24 18 23
22 17 15 19 0 20 18 18
25 22 20 24 20 0 17 25
20 20 18 18 18 17 0 21
25 24 16 23 18 25 21 0
