6
18
17 29 84 95 2 76 57 106 68 66 29 70 99 100 17 109 19 49
46 68 69 18 50 79 105 37 11 32 118 8 45 93 17 30 62 89
105 72 25 8 57 57 6 114 38 54 111 95 45 104 66 28 7 114
63 64 70 60 48 99 52 70 3 99 43 69 45 31 61 48 108 39
4 99 3 30 67 102 10 64 59 83 34 19 38 96 14 39 50 19
101 69 62 39 15 90 38 14 54 60 59 2 26 4 100 72 39 88
0 19 18 23 16 18 18 17
19 0 18 21 22 21 22 21
18 18 0 22 23 20 25 25
23 21 22 0 18 21 15 22
16 22 23 18 0 16 25 18
18 21 20 21 16 0 16 19
18 22 25 15 25 16 0 15
17 21 25 22 18 19 15 0
