6
18
53 33 77 78 12 33 52 42 63 80 14 44 13 21 16 45 71 75
9 30 29 76 21 70 64 79 57 78 64 80 21 74 12 34 50 4
69 79 9 37 62 80 78 7 80 38 21 65 62 63 27 6 80 76
61 23 23 79 49 36 34 47 78 36 80 43 44 3 61 43 15 69
77 68 37 28 49 12 40 74 21 76 58 42 56 7 20 8 38 57
15 6 55 25 8 58 21 17 33 23 37 6 13 26 13 31 61 28
0 16 24 22 18 18 20 16
16 0 25 24 20 22 23 21
24 25 0 20 24 17 15 16
22 24 20 0 22 16 19 16
18 20 24 22 0 24 17 21
18 22 17 16 24 0 22 18
20 23 15 19 17 22 0 17
16 21 16 16 21 18 17 0
