6
24
94 62 13 139 20 40 8 8 108 11 41 124 40 53 135 155 14 32 24 158 159 148 110 119
16 85 111 94 26 137 66 75 68 98 126 97 140 68 84 129 41 46 11 17 14 72 27 119
152 81 64 14 82 73 83 28 125 103 9 41 33 89 12 153 9 160 138 21 71 154 78 104
155 1 59 20 94 44 147 62 141 140 107 23 37 126 94 19 142 152 152 143 119 154 69 81
88 131 75 18 87 30 66 74 59 143 73 31 91 146 85 15 156 26 138 88 31 16 38 27
158 33 71 121 43 131 130 88 121 142 17 133 143 137 114 114 11 36 131 88 154 108 141 27
0 19 20 18 24 25 25 17
19 0 18 21 19 16 19 23
20 18 0 17 23 25 22 18
18 21 17 0 18 15 23 23
24 19 23 18 0 23 23 22
25 16 25 15 23 0 18 24
25 19 22 23 23 18 0 24
17 23 18 23 22 24 24 0
