6
24
90 61 110 36 99 89 13 58 106 55 38 37 104 8 119 92 7 105 33 93 47 60 48 114
64 2 75 11 37 21 2 14 37 90 107 108 79 22 40 73 77 80 67 61 116 120 91 52
120 31 26 48 10 12 101 111 37 7 59 47 80 92 101 67 119 79 13 23 118 18 115 119
27 87 81 89 82 101 20 18 99 114 30 64 81 44 119 24 9 44 115 14 35 2 5 74
43 102 74 17 84 99 6 34 103 36 84 58 65 30 51 49 29 8 72 73 52 111 70 2
78 76 115 16 73 80 24 29 45 94 82 118 116 31 104 79 47 66 54 67 25 105 58 96
0 24 19 18 25 18 18 25
24 0 19 17 25 16 19 24
19 19 0 15 15 23 20 19
18 17 15 0 23 16 22 18
25 25 15 23 0 17 20 17
18 16 23 16 17 0 18 18
18 19 20 22 20 18 0 15
25 24 19 18 17 18 15 0
