6
20
115 147 28 13 139 121 17 132 155 141 23 58 160 141 155 53 23 34 37 30
146 5 141 39 65 135 26 13 139 3 81 108 57 99 23 153 85 97 66 119
12 76 31 111 141 11 112 133 108 47 20 22 95 126 61 49 153 7 86 137
52 160 105 43 16 83 143 58 33 51 122 17 141 112 114 92 135 132 123 12
137 64 154 112 146 74 145 83 1 38 36 101 32 116 58 34 85 1 119 122
78 39 84 28 138 123 98 111 11 79 71 71 90 93 157 29 159 151 48 108
0 25 24 23 23 17 20 22
25 0 25 16 21 20 15 21
24 25 0 15 24 22 24 24
23 16 15 0 23 24 22 23
23 21 24 23 0 15 22 18
17 20 22 24 15 0 15 23
20 15 24 22 22 15 0 25
22 21 24 23 18 23 25 0
