6
20
10 49 74 1 5 52 115 7 138 151 84 33 33 24 107 143 90 138 160 143
140 134 133 143 15 69 148 54 90 123 39 120 1 40 15 111 102 153 61 26
17 121 66 157 81 1 105 158 57 130 15 144 33 157 156 78 107 111 112 61
83 57 139 117 73 46 29 12 79 140 48 130 156 146 58 14 96 111 103 99
141 46 53 70 77 54 39 58 10 129 156 98 134 14 48 46 24 90 111 42
46 95 103 10 149 123 19 96 138 71 12 90 79 146 47 75 98 119 115 43
0 18 15 16 21 24 19 24
18 0 24 25 19 22 24 17
15 24 0 15 23 21 19 18
16 25 15 0 17 19 23 22
21 19 23 17 0 22 15 17
24 22 21 19 22 0 23 16
19 24 19 23 15 23 0 15
24 17 18 22 17 16 15 0
