6
24
34 15 13 38 4 26 38 30 27 19 15 13 27 40 11 17 40 3 6 21 1 1 5 17
38 2 36 28 40 33 22 29 34 29 25 18 17 16 37 32 21 2 32 37 15 7 29 18
22 6 14 9 8 32 4 16 18 8 31 3 29 23 13 20 11 19 34 22 39 12 5 36
33 40 15 27 13 33 19 28 33 39 29 13 12 38 3 25 19 2 30 28 12 25 37 36
22 38 32 40 4 34 8 3 10 12 28 1 14 38 14 28 17 31 29 9 1 39 32 13
13 6 30 10 27 32 40 25 11 36 10 2 32 10 13 18 6 10 10 17 12 3 10 27
0 21 18 22 19 25 19 18
21 0 24 25 15 15 20 17
18 24 0 22 18 25 17 23
22 25 22 0 15 18 16 18
19 15 18 15 0 24 21 17
25 15 25 18 24 0 15 15
19 20 17 16 21 15 0 20
18 17 23 18 17 15 20 0
