6
24
62 31 75 85 118 45 20 119 47 2 29 102 6 12 4 119 93 63 87 34 70 40 27 54
89 86 85 105 102 52 48 36 89 86 74 87 51 12 84 52 29 108 35 62 82 20 26 52
22 80 79 4 116 16 117 61 3 99 15 38 51 93 94 29 99 73 102 87 43 3 114 1
92 50 62 93 82 30 105 68 77 56 86 38 79 115 116 34 34 102 72 92 91 81 98 6
57 89 51 48 86 93 2 49 101 105 96 50 43 84 96 11 44 110 82 57 73 119 95 66
104 62 30 24 112 113 86 26 119 6 51 68 42 1 52 102 34 2 30 93 52 28 10 28
0 20 20 23 24 23 23 16
20 0 16 25 18 23 20 21
20 16 0 18 23 17 19 16
23 25 18 0 21 22 23 25
24 18 23 21 0 16 15 23
23 23 17 22 16 0 24 18
23 20 19 23 15 24 0 16
16 21 16 25 23 18 16 0
