6
24
25 39 28 34 35 29 17 29 31 13 14 20 17 10 29 14 28 7 25 2 12 17 19 20
1 23 15 22 3 10 18 17 40 15 19 21 34 6 40 5 39 32 39 17 1 17 10 39
17 1 17 14 21 3 13 25 39 8 36 4 14 22 17 33 34 27 32 1 21 35 29 17
25 35 8 12 34 31 38 30 40 1 33 23 8 6 36 40 31 34 4 17 25 18 23 27
17 38 7 24 12 30 3 17 14 28 35 9 32 2 23 13 25 4 33 10 40 20 17 2
2 12 23 11 21 14 6 22 20 37 15 24 30 6 23 13 17 16 35 29 2 15 24 17
0 25 19 15 20 18 20 21
25 0 19 18 15 15 19 19
19 19 0 22 18 15 18 16
15 18 22 0 18 17 16 19
20 15 18 18 0 15 22 23
18 15 15 17 15 0 15 25
20 19 18 16 22 15 0 16
21 19 16 19 23 25 16 0
