6
20
40 73 17 133 112 6 104 118 9 43 60 3 101 151 14 75 5 55 2 151
109 130 81 112 33 136 134 140 72 46 23 159 113 75 77 112 54 116 20 141
143 120 4 89 115 65 92 52 37 39 35 85 72 40 160 123 64 106 115 145
35 77 145 36 64 149 119 52 50 117 132 99 140 125 129 64 129 22 121 111
138 21 160 99 33 145 36 84 46 6 151 39 154 160 93 148 80 30 18 17
85 71 138 56 96 48 92 69 14 111 93 53 110 107 4 149 22 33 111 129
0 16 19 20 20 23 20 24
16 0 17 19 19 20 19 22
19 17 0 15 21 23 17 19
20 19 15 0 17 17 23 21
20 19 21 17 0 15 19 24
23 20 23 17 15 0 25 22
20 19 17 23 19 25 0 24
24 22 19 21 24 22 24 0
