6
20
95 114 64 113 75 22 64 111 36 57 92 97 88 110 49 59 115 107 85 71
54 72 23 58 65 67 16 31 110 104 79 35 51 104 28 13 65 88 112 27
88 65 103 50 15 81 87 83 39 41 92 50 63 43 72 35 13 9 34 100
3 95 98 13 69 91 79 73 101 31 72 24 100 117 29 61 87 69 72 106
49 47 26 84 82 31 120 16 30 48 51 39 101 80 24 89 101 49 97 3
68 65 18 67 25 70 47 46 59 83 117 84 18 62 105 89 60 73 85 57
0 20 15 24 15 22 19 25
20 0 23 18 17 25 18 17
15 23 0 24 16 24 15 17
24 18 24 0 18 25 17 20
15 17 16 18 0 16 25 18
22 25 24 25 16 0 23 23
19 18 15 17 25 23 0 21
25 17 17 20 18 23 21 0
