6
26
67 58 124 112 34 103 106 140 73 121 140 96 154 118 131 105 2 57 7 96 159 29 93 61 12 4
111 9 52 127 31 29 44 147 117 108 61 90 109 65 160 5 102 150 72 141 159 128 139 12 97 112
13 1 112 124 111 42 83 84 160 68 3 158 45 36 11 132 122 116 33 111 21 48 57 135 77 139
18 156 152 132 127 123 117 24 4 4 14 99 39 98 89 80 68 29 86 2 44 79 46 73 126 143
41 136 4 126 149 70 100 140 86 16 110 102 97 112 71 91 30 25 63 144 73 1 49 149 123 41
59 110 5 71 84 24 16 40 139 31 144 35 158 8 64 40 39 141 50 32 107 149 98 150 2 28
0 22 20 19 19 23 15 23
22 0 15 19 22 23 24 18
20 15 0 15 18 17 17 24
19 19 15 0 16 25 18 18
19 22 18 16 0 16 25 15
23 23 17 25 16 0 20 22
15 24 17 18 25 20 0 17
23 18 24 18 15 22 17 0
