6
22
8 2 16 19 17 18 30 33 4 39 33 37 32 36 29 33 7 30 26 23 18 6
20 36 31 31 21 11 24 14 12 11 26 8 14 31 6 3 38 8 37 13 39 7
19 10 21 27 40 20 32 3 34 36 17 10 17 4 15 3 20 40 28 9 34 2
18 27 15 24 26 27 18 15 7 13 34 20 9 14 37 13 6 25 34 3 19 33
11 19 5 29 22 24 11 2 5 40 8 20 5 3 9 37 15 27 37 30 17 25
1 15 6 32 16 17 25 36 2 4 22 40 31 32 37 15 14 19 6 21 1 29
0 18 18 23 16 18 23 16
18 0 20 23 18 19 17 18
18 20 0 23 19 18 24 17
23 23 23 0 16 22 16 17
16 18 19 16 0 17 23 18
18 19 18 22 17 0 15 22
23 17 24 16 23 15 0 22
16 18 17 17 18 22 22 0
