6
18
102 37 44 109 27 23 77 18 120 107 78 28 66 114 81 113 91 37
112 17 20 84 47 97 29 74 70 80 112 111 11 66 118 93 119 104
105 5 23 49 71 40 70 4 19 100 4 53 26 5 10 47 95 59
119 52 44 6 91 111 90 99 61 53 43 68 83 43 64 79 78 19
65 89 76 73 47 62 97 67 81 68 51 3 77 16 117 93 67 63
42 26 87 41 104 78 30 9 70 25 28 56 25 116 58 47 9 95
0 17 23 17 18 22 15 16
17 0 23 19 20 19 16 18
23 23 0 23 18 24 18 17
17 19 23 0 17 20 15 21
18 20 18 17 0 20 23 23
22 19 24 20 20 0 23 17
15 16 18 15 23 23 0 24
16 18 17 21 23 17 24 0
