6
26
79 63 51 90 55 46 30 56 106 32 29 35 62 82 43 20 13 85 6 52 1 58 56 84 19 119
31 69 23 25 35 23 105 105 46 11 94 55 57 60 50 21 49 50 27 37 40 68 60 26 29 23
89 18 33 92 37 115 47 115 98 2 105 68 111 61 38 108 28 114 99 53 13 36 97 3 93 79
6 11 70 51 36 41 70 59 40 56 78 59 76 27 85 71 25 106 69 64 36 96 42 105 112 64
47 92 32 43 27 33 21 60 94 3 1 92 66 6 97 108 57 109 117 65 88 88 72 48 116 46
58 94 37 94 67 72 28 63 18 47 113 77 102 98 112 35 61 63 54 55 100 27 4 63 111 16
0 15 16 19 15 22 23 16
15 0 21 19 21 16 18 20
16 21 0 22 17 21 24 21
19 19 22 0 23 20 16 17
15 21 17 23 0 24 15 18
22 16 21 20 24 0 23 16
23 18 24 16 15 23 0 20
16 20 21 17 18 16 20 0
