6
24
43 61 116 160 127 64 76 113 43 112 81 85 132 1 29 23 112 53 9 95 29 98 12 156
53 27 69 107 79 156 92 67 41 118 108 146 94 73 135 86 154 136 157 8 4 100 124 121
41 112 89 111 65 25 7 95 7 79 1 36 139 47 24 84 120 101 60 33 55 62 9 3
71 91 36 32 96 87 66 46 49 81 90 148 99 87 35 7 33 150 6 150 152 109 112 101
19 118 106 34 80 35 23 107 138 40 15 63 86 142 84 3 124 23 73 127 32 150 26 100
83 15 119 93 76 128 48 142 83 73 27 87 60 108 132 32 150 25 113 93 61 76 58 66
0 20 16 21 15 17 24 22
20 0 15 24 23 22 20 25
16 15 0 20 18 25 22 22
21 24 20 0 20 22 19 23
15 23 18 20 0 15 17 22
17 22 25 22 15 0 24 24
24 20 22 19 17 24 0 24
22 25 22 23 22 24 24 0
