6
24
35 42 51 32 66 20 33 25 10 4 59 16 17 61 65 60 40 64 59 45 69 41 34 22
9 63 68 71 28 4 67 25 27 53 48 18 50 22 60 46 66 49 18 73 77 52 4 62
57 33 29 71 41 58 26 46 19 35 11 73 41 77 31 32 21 24 46 55 55 43 76 42
51 15 71 14 1 1 8 25 19 4 47 56 79 9 59 63 55 18 76 11 62 77 47 30
6 45 46 70 19 59 74 29 74 73 17 15 53 1 55 9 16 42 57 9 53 32 66 23
37 30 15 45 64 50 32 50 37 54 55 35 19 22 65 47 26 53 70 44 13 33 39 44
0 19 23 18 16 21 22 25
19 0 19 20 19 24 22 18
23 19 0 19 19 19 23 21
18 20 19 0 17 21 22 18
16 19 19 17 0 22 23 24
21 24 19 21 22 0 23 16
22 22 23 22 23 23 0 15
25 18 21 18 24 16 15 0
