6
18
60 122 91 98 22 33 81 94 11 144 77 145 62 113 114 97 76 65
73 20 116 129 144 144 64 120 148 35 118 95 16 18 88 89 14 63
154 62 152 91 40 42 130 96 159 62 118 2 95 44 1 116 57 65
101 109 124 50 45 123 148 153 25 31 10 31 6 136 135 93 79 25
63 31 36 75 137 142 81 51 131 118 45 114 50 102 54 102 98 45
73 75 100 136 19 2 62 101 93 27 128 125 97 2 40 22 33 38
0 23 25 16 18 20 15 15
23 0 21 17 19 15 15 16
25 21 0 21 16 20 15 20
16 17 21 0 24 17 19 22
18 19 16 24 0 15 23 16
20 15 20 17 15 0 16 24
15 15 15 19 23 16 0 24
15 16 20 22 16 24 24 0
