7
22
1 35 75 47 10 36 37 51 44 62 44 68 53 20 45 21 16 67 5 25 58 60
53 58 33 9 69 4 4 64 76 13 12 7 16 65 60 62 38 2 75 77 63 3
36 6 19 50 72 6 30 28 39 11 50 44 64 79 38 59 50 79 59 73 9 38
51 33 79 1 23 8 62 12 32 65 17 31 8 8 66 64 29 38 78 74 26 2
10 41 78 52 7 51 42 12 69 47 2 51 49 23 62 24 77 13 15 52 32 52
24 37 42 60 24 15 50 49 66 4 55 40 5 77 71 43 6 78 80 34 15 11
10 36 40 63 18 42 42 46 51 24 20 29 62 28 21 30 57 80 31 62 23 65
0 24 21 25 19 18 21 21 15
24 0 24 19 18 22 21 17 17
21 24 0 23 19 19 24 19 23
25 19 23 0 25 23 24 23 18
19 18 19 25 0 15 16 25 21
18 22 19 23 15 0 17 16 25
21 21 24 24 16 17 0 17 20
21 17 19 23 25 16 17 0 25
15 17 23 18 21 25 20 25 0
