7
22
52 7 20 38 37 61 21 22 26 61 9 22 29 32 5 54 66 10 17 79 80 68
55 30 71 66 29 37 62 22 80 14 34 27 53 29 32 76 30 36 29 34 42 70
45 78 8 30 26 48 27 33 4 68 11 50 30 73 62 29 22 78 24 71 65 7
70 30 5 59 8 17 23 74 59 57 79 56 54 19 70 75 79 31 45 14 20 45
54 44 6 41 35 42 31 50 44 16 6 7 54 15 13 49 66 17 13 18 4 21
44 15 5 65 11 75 68 43 72 66 12 47 50 8 60 58 8 77 9 80 57 64
15 18 48 7 29 4 3 72 41 10 68 29 74 72 34 68 52 80 12 16 17 31
0 18 22 21 15 24 18 20 22
18 0 24 18 25 18 20 17 19
22 24 0 25 15 22 15 21 15
21 18 25 0 16 21 22 24 25
15 25 15 16 0 23 20 21 19
24 18 22 21 23 0 21 17 20
18 20 15 22 20 21 0 25 25
20 17 21 24 21 17 25 0 18
22 19 15 25 19 20 25 18 0
