7
18
20 31 2 23 13 10 6 1 9 23 39 18 19 25 37 12 6 39
19 13 36 34 14 9 2 16 22 31 18 33 18 40 33 23 38 9
15 40 9 5 10 21 23 10 28 5 29 12 12 17 7 28 30 21
28 3 38 16 5 15 31 32 4 33 8 39 19 19 35 39 2 1
13 28 2 18 8 40 29 10 34 6 32 12 27 13 40 23 39 38
19 14 22 24 9 21 37 4 37 11 24 8 32 3 11 14 7 19
25 4 38 27 15 25 26 38 26 35 24 10 8 23 6 4 32 9
0 18 18 15 25 22 17 22 24
18 0 23 19 22 19 18 15 17
18 23 0 23 19 20 20 21 17
15 19 23 0 21 19 22 16 16
25 22 19 21 0 22 23 24 18
22 19 20 19 22 0 17 22 23
17 18 20 22 23 17 0 19 24
22 15 21 16 24 22 19 0 16
24 17 17 16 18 23 24 16 0
