7
20
25 65 72 55 16 32 39 21 61 9 78 16 2 16 69 74 4 23 59 54
71 50 7 2 22 45 46 26 80 78 31 13 42 69 51 24 68 11 62 75
57 79 8 69 21 9 65 41 55 74 40 17 14 58 44 65 61 40 11 11
73 77 6 31 15 52 76 46 43 42 57 52 9 59 77 61 9 7 6 51
32 6 52 72 50 12 17 29 80 48 58 23 65 23 70 29 61 30 3 22
7 12 60 44 62 8 68 53 26 15 26 25 75 29 40 54 77 61 64 6
19 10 74 25 29 39 80 15 33 13 58 56 32 38 6 32 65 80 47 69
0 24 21 20 25 20 18 16 20
24 0 24 24 17 23 17 15 21
21 24 0 19 23 21 15 23 19
20 24 19 0 24 15 17 15 19
25 17 23 24 0 23 17 24 18
20 23 21 15 23 0 21 24 20
18 17 15 17 17 21 0 24 19
16 15 23 15 24 24 24 0 16
20 21 19 19 18 20 19 16 0
