7
24
60 32 1 4 10 115 34 20 43 89 72 89 46 22 77 20 82 45 81 14 90 116 35 88
92 50 111 88 57 69 106 65 41 69 91 21 48 94 80 47 108 67 29 18 6 13 119 95
83 91 61 80 41 70 42 49 20 5 44 63 55 102 1 99 53 61 81 52 104 33 63 81
44 67 40 84 14 81 87 51 104 56 88 90 3 114 68 84 86 52 29 94 61 78 64 8
82 86 17 17 111 4 49 60 57 89 33 51 30 114 39 21 29 86 49 33 62 48 28 119
47 90 114 51 82 4 97 19 14 20 102 97 38 75 17 77 28 101 70 25 43 106 40 17
17 43 68 20 39 112 81 73 64 39 14 96 87 63 11 111 107 93 45 34 12 31 67 82
0 20 18 21 24 23 24 22 23
20 0 16 22 21 23 20 22 20
18 16 0 15 25 15 25 17 16
21 22 15 0 22 15 18 17 17
24 21 25 22 0 16 19 18 15
23 23 15 15 16 0 16 21 15
24 20 25 18 19 16 0 22 20
22 22 17 17 18 21 22 0 16
23 20 16 17 15 15 20 16 0
