7
12
42 156 28 106 123 24 13 80 96 50 72 155
97 55 145 31 83 45 110 40 160 11 84 125
35 10 94 60 74 137 47 94 160 112 155 74
95 4 113 149 109 26 153 68 155 74 80 94
94 130 50 159 34 151 159 118 58 82 145 94
81 88 56 99 142 34 141 31 59 160 97 28
97 19 112 117 143 107 21 100 25 119 9 52
0 21 18 21 20 24 23 25 23
21 0 22 15 21 17 24 16 23
18 22 0 15 24 20 19 25 16
21 15 15 0 15 24 25 20 16
20 21 24 15 0 17 16 18 22
24 17 20 24 17 0 20 19 21
23 24 19 25 16 20 0 24 16
25 16 25 20 18 19 24 0 15
23 23 16 16 22 21 16 15 0
