7
18
129 67 85 106 158 57 155 122 20 92 119 137 114 57 29 12 157 45
10 156 19 118 138 66 25 20 7 37 147 119 81 71 37 75 72 108
112 101 83 111 39 122 31 25 149 152 136 49 126 119 88 84 145 151
11 104 159 38 13 73 104 23 40 37 9 59 142 8 91 80 149 155
16 88 160 29 143 14 34 69 147 129 73 74 21 10 115 127 80 147
29 37 105 142 160 107 49 139 35 137 135 106 68 29 110 52 139 46
86 18 63 32 27 85 26 40 93 27 82 84 102 22 56 140 133 87
0 18 20 20 19 22 21 20 19
18 0 21 23 21 25 15 19 15
20 21 0 15 16 19 16 25 16
20 23 15 0 19 17 21 17 18
19 21 16 19 0 24 17 15 23
22 25 19 17 24 0 25 15 19
21 15 16 21 17 25 0 16 21
20 19 25 17 15 15 16 0 19
19 15 16 18 23 19 21 19 0
