7
22
8 39 103 101 95 10 106 73 23 44 20 10 105 83 63 47 70 88 106 87 47 85
24 45 79 56 3 43 11 5 41 73 14 118 65 70 92 33 75 86 36 92 80 55
34 64 44 37 62 95 74 101 66 25 119 58 39 58 86 13 9 103 41 101 100 77
97 67 38 92 9 7 73 13 107 80 63 94 87 118 2 76 41 38 106 24 118 99
103 60 78 40 97 45 80 50 25 43 39 66 61 92 27 72 60 105 37 33 77 92
84 76 101 27 20 48 9 67 114 58 43 20 98 74 113 82 80 66 28 96 55 4
5 94 38 47 27 83 28 36 56 102 66 13 73 12 87 28 94 47 5 120 9 105
0 19 21 17 15 24 25 15 23
19 0 22 19 23 25 20 17 16
21 22 0 22 22 25 19 19 16
17 19 22 0 24 22 23 20 15
15 23 22 24 0 17 18 16 21
24 25 25 22 17 0 25 16 21
25 20 19 23 18 25 0 23 20
15 17 19 20 16 16 23 0 21
23 16 16 15 21 21 20 21 0
