7
20
57 64 37 98 88 47 28 7 65 45 79 5 107 111 80 5 39 49 101 115
115 30 74 27 29 41 45 19 17 41 87 87 36 77 52 63 23 100 112 56
87 60 106 17 85 61 61 78 27 94 50 114 82 14 80 41 9 98 6 16
48 44 3 104 2 40 94 87 87 47 98 78 92 60 56 42 54 101 49 36
88 66 20 78 76 108 18 112 108 85 14 100 27 14 86 80 68 75 22 81
13 50 71 7 20 42 49 22 77 39 45 17 56 114 19 67 51 58 9 5
59 119 116 48 108 76 98 29 65 75 17 115 34 43 49 109 68 47 118 21
0 25 23 20 23 15 25 22 17
25 0 19 23 22 16 15 16 15
23 19 0 24 24 24 16 17 15
20 23 24 0 25 17 19 24 20
23 22 24 25 0 16 15 15 22
15 16 24 17 16 0 20 22 16
25 15 16 19 15 20 0 23 17
22 16 17 24 15 22 23 0 21
17 15 15 20 22 16 17 21 0
