7
24
39 21 27 10 22 12 2 39 34 16 25 34 31 6 34 2 36 25 16 14 3 25 28 11
38 20 29 10 21 13 19 19 23 19 6 7 35 1 39 3 7 10 22 23 34 16 39 31
23 1 14 27 36 29 14 1 27 39 16 14 5 2 31 11 3 33 6 19 3 39 1 26
40 19 21 14 39 38 14 2 29 13 11 21 7 28 2 38 19 15 17 40 27 39 33 2
23 31 6 9 24 34 11 22 6 22 2 21 34 12 14 17 14 6 38 39 3 20 2 12
36 24 6 10 10 16 18 24 31 32 28 31 15 13 6 33 23 13 35 11 9 25 6 8
33 19 18 3 22 11 3 32 36 25 30 2 13 3 40 24 19 15 7 25 4 30 20 27
0 16 18 20 17 24 15 21 24
16 0 23 22 21 16 25 23 20
18 23 0 23 19 21 22 25 19
20 22 23 0 19 17 18 17 21
17 21 19 19 0 24 18 19 15
24 16 21 17 24 0 16 21 20
15 25 22 18 18 16 0 21 18
21 23 25 17 19 21 21 0 15
24 20 19 21 15 20 18 15 0
