7
24
17 12 14 25 39 49 49 3 3 47 26 27 30 75 53 54 31 70 31 64 13 2 70 72
5 21 19 22 6 38 50 21 6 38 59 53 16 33 49 30 51 32 40 67 65 36 64 19
3 75 58 15 41 23 32 20 35 10 63 15 49 11 43 1 66 19 16 46 4 61 52 62
71 1 80 73 48 80 16 40 26 64 72 59 47 16 79 34 21 18 60 33 15 46 22 73
4 3 75 49 29 75 31 5 57 10 58 14 24 68 75 9 78 73 41 59 45 22 50 43
3 73 5 21 42 47 57 21 37 64 63 41 1 13 22 75 5 47 44 3 50 55 74 52
65 12 43 36 75 23 33 1 47 51 20 73 13 47 7 72 54 39 42 60 20 70 27 44
0 22 22 22 15 16 15 18 24
22 0 15 19 25 17 21 24 22
22 15 0 16 25 21 15 23 16
22 19 16 0 19 22 15 15 18
15 25 25 19 0 21 24 20 20
16 17 21 22 21 0 25 19 15
15 21 15 15 24 25 0 16 21
18 24 23 15 20 19 16 0 17
24 22 16 18 20 15 21 17 0
