7
16
56 58 144 11 153 39 72 143 126 108 29 97 160 56 66 139
12 18 17 105 160 21 116 154 150 47 80 43 116 71 59 148
46 119 18 130 149 18 85 158 18 98 128 80 49 118 123 133
81 23 23 10 56 60 44 73 92 9 132 22 129 68 118 79
125 77 31 11 11 21 147 116 14 70 12 37 94 34 118 89
38 34 36 66 73 137 111 146 113 140 30 1 129 107 70 123
26 40 139 35 64 113 105 80 122 159 84 16 60 93 12 9
0 17 17 23 17 21 24 25 16
17 0 20 15 23 17 24 20 23
17 20 0 25 15 21 22 22 24
23 15 25 0 18 21 24 21 20
17 23 15 18 0 23 22 25 22
21 17 21 21 23 0 20 20 15
24 24 22 24 22 20 0 15 19
25 20 22 21 25 20 15 0 18
16 23 24 20 22 15 19 18 0
