7
16
118 97 46 43 93 101 65 72 77 62 80 70 76 79 6 89
118 99 70 35 28 1 38 35 116 66 80 8 35 96 47 89
58 5 87 104 31 49 117 75 2 61 3 6 63 2 85 21
26 6 83 106 20 99 67 53 11 34 33 103 21 82 25 34
101 116 52 59 11 112 115 88 31 89 20 62 93 71 98 62
65 60 77 76 26 16 71 77 23 30 100 27 79 33 33 5
112 43 107 75 63 64 101 115 27 112 49 110 17 96 57 29
0 20 19 24 15 20 15 23 19
20 0 21 17 23 23 19 19 20
19 21 0 17 25 15 22 24 15
24 17 17 0 17 24 23 19 20
15 23 25 17 0 24 18 17 21
20 23 15 24 24 0 21 20 25
15 19 22 23 18 21 0 17 19
23 19 24 19 17 20 17 0 21
19 20 15 20 21 25 19 21 0
