7
20
48 56 7 38 55 11 44 10 20 38 14 73 16 72 16 68 25 71 14 11
5 43 9 55 56 37 32 17 57 66 48 70 68 11 69 46 53 44 6 46
14 29 14 51 10 22 50 13 5 12 61 58 52 17 53 9 66 52 2 17
24 42 1 57 2 47 31 28 17 63 49 28 31 58 6 35 37 15 20 55
8 10 29 24 75 53 16 34 53 68 43 14 36 2 68 73 73 60 65 51
52 44 45 59 4 3 28 71 58 23 17 79 5 44 19 66 57 15 36 55
23 27 22 55 76 27 63 54 75 32 76 59 67 36 43 30 23 6 70 42
0 25 15 19 19 25 19 19 20
25 0 19 18 23 16 19 22 24
15 19 0 21 19 18 24 25 18
19 18 21 0 23 15 17 25 18
19 23 19 23 0 18 21 19 24
25 16 18 15 18 0 19 20 21
19 19 24 17 21 19 0 21 24
19 22 25 25 19 20 21 0 19
20 24 18 18 24 21 24 19 0
