7
16
106 64 107 58 12 67 84 57 15 37 11 100 7 47 37 80
32 56 80 45 40 100 51 77 103 11 82 26 22 119 111 117
45 99 20 71 97 97 63 11 40 28 61 55 77 45 10 110
39 45 27 71 24 10 31 73 86 17 17 54 114 28 80 70
114 81 39 42 27 52 19 10 108 69 15 116 52 78 23 111
43 89 31 28 104 10 71 38 2 1 42 23 74 23 96 86
51 3 46 53 36 29 108 51 69 110 7 111 13 88 100 71
0 24 25 16 20 23 22 18 24
24 0 22 20 15 19 17 18 20
25 22 0 16 20 23 20 25 21
16 20 16 0 24 19 15 17 21
20 15 20 24 0 22 18 20 17
23 19 23 19 22 0 16 20 19
22 17 20 15 18 16 0 19 15
18 18 25 17 20 20 19 0 15
24 20 21 21 17 19 15 15 0
