7
22
118 23 38 95 4 107 12 99 139 111 118 108 64 101 160 5 74 92 125 114 40 22
13 114 130 21 34 4 60 118 75 135 109 38 159 110 7 79 78 124 52 114 94 61
157 102 17 106 85 124 119 24 158 92 32 90 74 74 26 149 110 119 40 54 46 96
7 91 52 113 45 96 4 43 71 33 58 33 53 62 91 109 92 24 153 18 98 106
45 109 86 94 66 75 92 25 143 159 124 123 146 142 136 57 11 91 116 124 118 29
37 63 151 114 61 67 132 38 127 115 28 43 132 121 130 69 53 42 52 23 46 123
118 151 47 21 49 43 122 54 55 50 144 102 115 23 58 65 80 160 155 8 144 93
0 15 24 16 18 17 21 23 18
15 0 22 22 19 22 21 17 18
24 22 0 21 21 21 23 19 25
16 22 21 0 24 17 16 25 17
18 19 21 24 0 17 17 25 15
17 22 21 17 17 0 21 21 19
21 21 23 16 17 21 0 23 22
23 17 19 25 25 21 23 0 24
18 18 25 17 15 19 22 24 0
