7
24
25 37 57 60 85 25 6 86 18 72 129 159 88 145 82 118 52 3 153 29 9 140 18 118
78 61 49 135 104 93 74 86 9 44 16 159 148 92 55 103 147 63 144 114 41 72 78 73
17 57 57 107 68 55 77 25 29 108 5 74 26 95 6 97 107 10 86 1 137 90 99 60
137 80 120 22 127 152 145 109 8 12 102 45 80 22 102 76 27 96 102 41 83 35 147 158
43 122 134 89 40 156 57 68 104 50 155 35 48 49 23 63 86 68 25 28 135 133 40 84
79 35 122 126 72 8 97 86 92 72 98 50 14 46 111 68 46 83 120 61 59 23 32 1
82 26 123 31 158 108 1 140 101 157 30 85 117 110 120 52 18 14 6 89 71 145 94 24
0 16 22 17 18 20 19 15 23
16 0 22 20 19 25 18 22 17
22 22 0 24 17 20 20 21 25
17 20 24 0 23 17 15 23 24
18 19 17 23 0 18 16 24 17
20 25 20 17 18 0 20 22 22
19 18 20 15 16 20 0 17 18
15 22 21 23 24 22 17 0 23
23 17 25 24 17 22 18 23 0
