7
16
14 27 30 36 30 30 23 15 7 33 25 31 18 8 2 32
5 22 12 28 35 34 15 34 31 32 7 10 18 33 28 29
40 25 9 26 21 23 23 25 12 30 4 33 40 28 28 22
15 11 12 36 25 24 14 15 37 31 35 39 40 11 9 17
32 30 12 29 2 9 2 4 36 34 12 38 9 5 23 39
39 18 11 24 15 18 35 5 29 38 36 33 32 21 6 11
20 23 10 9 27 15 16 31 28 7 8 39 19 38 14 24
0 15 18 24 22 19 19 25 20
15 0 23 19 20 21 15 18 21
18 23 0 20 21 21 24 24 17
24 19 20 0 16 21 23 24 22
22 20 21 16 0 21 15 24 23
19 21 21 21 21 0 23 19 16
19 15 24 23 15 23 0 15 18
25 18 24 24 24 19 15 0 18
20 21 17 22 23 16 18 18 0
