7
20
11 56 75 57 64 50 48 70 54 23 51 49 56 35 49 70 2 75 68 48
51 31 41 34 29 15 78 39 37 22 59 31 26 78 30 6 72 27 67 63
2 10 58 56 42 66 41 35 36 66 20 5 29 46 51 50 64 27 28 68
40 36 17 9 43 15 69 64 76 31 6 2 71 32 59 67 10 7 14 7
40 18 22 50 40 18 37 42 32 5 44 15 40 9 15 14 12 19 76 5
12 7 13 80 62 22 35 62 43 32 71 61 11 24 6 23 56 20 46 27
40 3 39 78 78 80 34 40 47 32 16 37 22 71 6 60 65 48 5 6
0 18 21 20 23 23 20 18 20
18 0 22 22 19 17 24 16 16
21 22 0 15 22 23 24 19 17
20 22 15 0 19 19 25 18 20
23 19 22 19 0 16 15 17 23
23 17 23 19 16 0 21 18 25
20 24 24 25 15 21 0 20 15
18 16 19 18 17 18 20 0 19
20 16 17 20 23 25 15 19 0
