7
20
64 49 63 26 26 45 80 69 14 64 68 34 64 75 43 22 29 9 10 32
61 76 24 60 70 25 79 36 13 63 53 28 42 37 65 57 20 67 34 37
38 23 24 23 47 4 32 21 35 28 14 69 80 48 42 62 80 23 69 60
41 38 42 45 49 74 60 46 8 80 63 7 16 66 23 54 35 47 61 73
52 73 26 35 45 28 6 69 77 46 71 29 25 5 10 20 60 32 46 31
33 18 19 16 78 74 68 61 5 42 21 48 36 49 10 16 29 10 50 39
67 47 77 24 37 40 40 15 18 34 35 44 14 12 31 16 54 23 44 12
0 22 16 18 22 24 21 18 17
22 0 22 22 24 18 19 25 21
16 22 0 20 19 16 18 23 20
18 22 20 0 21 17 23 16 19
22 24 19 21 0 15 16 23 15
24 18 16 17 15 0 21 22 17
21 19 18 23 16 21 0 15 25
18 25 23 16 23 22 15 0 23
17 21 20 19 15 17 25 23 0
