7
16
57 54 14 3 40 67 69 3 45 64 75 62 17 25 8 69
74 7 14 25 21 33 34 61 29 70 57 10 61 55 52 36
73 22 11 29 26 14 51 11 3 52 15 10 48 55 59 50
53 67 66 61 38 11 50 26 78 69 75 20 75 19 8 25
63 77 14 66 72 26 80 5 15 66 12 70 26 8 59 35
24 57 14 42 4 43 7 76 24 2 34 63 18 63 18 14
31 25 44 22 65 51 66 20 28 52 57 61 9 55 4 80
0 23 25 22 15 25 16 18 24
23 0 21 21 19 16 18 25 20
25 21 0 15 16 25 22 24 24
22 21 15 0 20 24 23 18 15
15 19 16 20 0 15 20 23 15
25 16 25 24 15 0 18 21 24
16 18 22 23 20 18 0 19 18
18 25 24 18 23 21 19 0 22
24 20 24 15 15 24 18 22 0
