7
16
14 16 63 21 23 33 24 19 50 61 15 28 1 48 42 7
42 36 5 15 56 14 17 49 70 63 34 27 44 42 16 48
66 78 64 17 41 7 2 32 24 42 41 62 3 44 27 12
63 74 7 27 48 38 23 29 53 32 48 20 13 74 19 57
22 12 78 74 67 35 20 9 43 25 76 57 14 26 66 9
2 43 25 51 48 51 75 21 24 51 57 17 80 47 26 47
61 65 37 61 5 69 44 6 25 62 6 40 64 12 80 18
0 23 25 21 17 25 24 22 16
23 0 15 20 18 24 19 23 15
25 15 0 21 21 15 22 16 17
21 20 21 0 19 24 18 24 21
17 18 21 19 0 20 25 16 21
25 24 15 24 20 0 15 16 24
24 19 22 18 25 15 0 16 18
22 23 16 24 16 16 16 0 24
16 15 17 21 21 24 18 24 0
