7
16
75 52 90 40 59 115 54 54 83 99 107 29 29 97 22 73
7 91 103 60 46 4 57 63 90 65 103 93 8 32 63 3
78 111 101 71 9 27 8 58 22 31 71 54 35 20 29 117
27 57 33 115 4 2 9 116 18 55 102 37 47 20 74 118
60 18 103 92 108 81 91 39 56 58 114 51 6 109 84 83
44 116 51 82 101 6 46 90 14 79 107 69 44 49 12 24
17 66 6 84 12 106 95 77 76 91 98 78 79 84 70 63
0 20 24 15 15 17 22 21 16
20 0 17 17 22 18 19 21 20
24 17 0 25 25 16 22 20 20
15 17 25 0 18 20 16 18 16
15 22 25 18 0 16 15 23 17
17 18 16 20 16 0 20 15 25
22 19 22 16 15 20 0 18 25
21 21 20 18 23 15 18 0 20
16 20 20 16 17 25 25 20 0
