7
24
25 68 9 38 9 78 57 76 46 39 35 5 76 48 31 33 28 52 46 71 66 26 37 20
78 8 19 14 10 6 29 10 3 35 68 34 65 19 51 54 63 74 57 70 55 61 6 64
62 78 48 3 13 28 6 56 57 18 50 23 1 8 78 78 34 80 24 10 65 13 22 41
40 41 43 54 41 61 80 64 38 49 53 72 40 23 49 68 53 40 64 27 80 52 52 1
44 52 69 19 22 69 62 71 76 2 29 77 49 13 15 68 35 1 41 25 59 36 37 54
40 6 14 16 59 41 62 72 9 43 72 46 35 37 49 47 26 44 37 25 33 65 6 42
46 40 16 72 17 20 64 32 26 77 79 19 59 36 64 40 72 16 28 62 1 74 17 47
0 17 24 20 18 19 20 24 17
17 0 24 15 19 19 15 23 15
24 24 0 20 19 23 18 20 20
20 15 20 0 20 15 21 19 17
18 19 19 20 0 23 24 23 24
19 19 23 15 23 0 23 19 24
20 15 18 21 24 23 0 23 19
24 23 20 19 23 19 23 0 16
17 15 20 17 24 24 19 16 0
