7
22
134 132 18 14 23 147 112 100 153 72 96 28 98 127 81 25 104 87 155 159 88 3
20 48 30 138 64 46 53 69 13 57 80 18 65 122 30 110 48 63 62 81 131 87
6 99 60 144 54 123 27 73 74 148 137 125 11 51 146 121 77 122 60 1 78 137
88 28 77 81 101 67 123 58 98 113 85 114 49 74 149 34 116 5 29 69 70 28
143 42 69 160 7 47 147 36 112 78 134 139 110 81 84 35 7 139 111 30 150 159
70 20 154 155 148 9 111 18 154 61 5 70 154 51 98 134 145 160 138 106 131 32
11 81 109 120 134 72 119 100 50 158 27 67 77 112 3 5 3 38 81 150 121 98
0 25 20 22 24 20 19 22 23
25 0 17 19 18 24 24 23 21
20 17 0 15 23 20 20 23 22
22 19 15 0 23 25 20 18 17
24 18 23 23 0 16 21 23 24
20 24 20 25 16 0 24 17 23
19 24 20 20 21 24 0 22 22
22 23 23 18 23 17 22 0 21
23 21 22 17 24 23 22 21 0
