7
18
37 14 33 5 9 9 33 6 14 17 21 29 19 11 35 26 13 36
22 32 15 5 19 11 33 14 18 9 37 20 13 39 9 39 17 26
29 29 18 20 2 17 28 23 2 13 9 29 2 13 33 34 17 36
9 17 18 30 10 5 2 24 35 14 33 6 16 7 35 29 20 36
16 24 13 11 9 15 24 26 23 11 21 13 23 31 29 7 36 30
18 11 17 28 22 5 32 27 29 19 9 11 9 13 39 1 25 6
20 12 9 26 18 23 5 20 13 17 5 30 1 25 30 36 22 29
0 23 25 15 25 18 16 18 25
23 0 19 22 23 20 19 20 23
25 19 0 21 20 16 20 23 25
15 22 21 0 18 25 24 22 23
25 23 20 18 0 15 19 23 23
18 20 16 25 15 0 17 24 20
16 19 20 24 19 17 0 20 23
18 20 23 22 23 24 20 0 18
25 23 25 23 23 20 23 18 0
