8
26
64 139 112 22 49 107 55 60 96 96 107 75 11 97 91 15 56 95 100 99 63 134 31 91 92 46
73 131 92 97 4 120 82 52 113 113 45 17 24 29 154 27 69 145 28 96 95 80 55 59 95 6
144 89 51 43 141 9 34 68 5 125 108 159 107 113 117 95 48 13 34 68 75 104 129 60 147 19
72 124 92 52 89 26 93 75 137 87 146 136 156 10 79 1 102 92 26 30 30 141 48 118 67 6
77 8 73 103 115 153 27 61 33 91 37 12 46 21 11 45 19 115 132 113 135 106 77 155 56 76
95 134 62 44 152 7 114 57 58 62 33 108 145 118 128 74 99 126 56 149 145 14 126 115 13 146
45 142 58 155 153 95 150 128 25 84 85 132 156 53 103 102 156 117 29 41 2 152 142 144 113 89
40 56 117 50 133 89 118 104 128 9 96 85 50 18 45 156 26 11 111 20 21 73 113 133 52 154
0 20 21 19 21 24 19 20 19 18
20 0 24 25 24 15 16 25 24 22
21 24 0 24 18 25 22 19 20 17
19 25 24 0 18 16 20 15 21 17
21 24 18 18 0 17 22 15 24 20
24 15 25 16 17 0 21 16 20 19
19 16 22 20 22 21 0 21 22 23
20 25 19 15 15 16 21 0 23 20
19 24 20 21 24 20 22 23 0 17
18 22 17 17 20 19 23 20 17 0
