8
20
18 20 36 33 1 33 3 30 19 3 5 11 32 1 1 14 38 21 30 30
37 23 28 15 31 2 26 5 18 39 25 31 21 17 38 29 32 18 11 7
7 20 2 19 12 15 38 37 29 25 18 24 32 10 14 15 24 10 1 37
33 35 10 4 26 9 5 39 39 26 6 10 33 28 27 27 26 35 34 39
16 35 17 14 36 9 9 5 2 37 30 36 37 7 17 30 6 25 20 8
27 22 39 6 13 33 8 33 21 9 8 1 18 24 29 18 15 18 39 22
31 23 40 11 12 37 10 15 10 24 16 6 21 2 16 28 19 21 12 17
20 22 7 35 6 5 11 28 39 29 40 6 12 32 16 38 27 28 1 34
0 15 25 17 15 25 21 23 20 23
15 0 20 25 17 25 20 19 17 20
25 20 0 20 18 21 15 18 15 25
17 25 20 0 20 20 16 15 23 25
15 17 18 20 0 23 24 20 21 23
25 25 21 20 23 0 23 22 18 20
21 20 15 16 24 23 0 23 21 15
23 19 18 15 20 22 23 0 15 21
20 17 15 23 21 18 21 15 0 17
23 20 25 25 23 20 15 21 17 0
