8
16
3 27 28 31 16 36 14 8 35 39 31 19 37 33 40 29
21 30 12 9 36 19 36 3 13 23 28 6 39 30 15 40
17 10 24 10 13 32 15 7 39 5 28 7 35 5 28 38
14 32 23 4 30 6 16 14 31 17 31 18 15 24 38 16
34 19 1 32 33 25 8 8 13 31 39 5 7 38 19 22
28 10 40 22 30 35 39 36 33 40 20 8 6 8 37 34
31 35 5 31 31 16 5 26 22 23 18 28 22 6 32 3
33 17 3 36 28 2 33 9 25 8 19 31 19 27 34 22
0 21 18 16 15 15 18 22 22 22
21 0 16 23 24 21 21 25 15 25
18 16 0 17 25 25 16 20 17 19
16 23 17 0 15 22 21 17 17 16
15 24 25 15 0 20 15 23 21 20
15 21 25 22 20 0 20 19 24 24
18 21 16 21 15 20 0 18 15 21
22 25 20 17 23 19 18 0 18 18
22 15 17 17 21 24 15 18 0 21
22 25 19 16 20 24 21 18 21 0
