8
26
96 96 37 41 43 30 19 61 94 48 38 113 65 92 100 88 78 19 105 102 59 91 99 98 94 31
12 110 80 27 64 6 13 50 37 13 108 44 100 101 87 111 110 26 97 104 84 1 68 105 23 39
87 73 88 50 35 31 89 22 76 78 26 37 111 114 102 106 62 106 71 69 47 28 76 93 78 65
78 72 110 36 10 116 120 43 99 15 57 26 75 55 72 28 70 65 87 49 52 27 94 105 90 71
68 52 33 63 61 87 12 14 69 47 90 25 13 58 87 56 86 94 81 80 91 56 40 77 40 83
106 22 104 9 40 8 57 99 77 56 68 55 18 43 22 6 80 60 33 91 72 85 23 20 77 65
7 6 60 25 79 30 54 67 67 19 102 54 13 108 55 56 46 48 13 72 8 77 64 71 79 97
99 53 47 87 53 55 101 6 47 80 94 106 52 5 117 78 64 29 95 11 26 35 1 78 90 111
0 17 20 15 21 25 25 19 16 23
17 0 20 19 18 23 23 17 20 23
20 20 0 15 17 18 18 21 21 17
15 19 15 0 21 23 15 21 20 24
21 18 17 21 0 18 21 19 21 23
25 23 18 23 18 0 19 22 22 18
25 23 18 15 21 19 0 21 22 25
19 17 21 21 19 22 21 0 20 20
16 20 21 20 21 22 22 20 0 25
23 23 17 24 23 18 25 20 25 0
