8
24
29 15 30 26 32 37 24 1 14 13 39 13 14 26 32 33 16 2 36 7 30 7 29 35
33 30 18 8 30 14 4 36 18 28 18 20 17 15 16 13 7 13 34 4 21 3 19 35
37 14 4 7 10 1 24 2 18 39 21 38 21 14 7 35 20 16 28 12 28 17 3 20
19 30 3 7 15 39 22 35 19 27 15 1 17 18 16 1 33 30 16 23 37 27 7 1
4 33 32 4 37 30 13 27 21 9 14 34 2 31 4 20 33 5 27 18 25 5 18 21
27 14 16 7 8 37 19 36 37 11 24 1 33 31 17 24 39 7 24 21 7 4 23 33
7 2 16 30 8 5 39 20 14 30 14 31 13 32 19 20 9 36 16 10 4 24 26 16
20 17 35 34 30 2 40 13 29 21 35 25 21 36 13 18 10 12 34 17 37 12 3 25
0 23 21 16 25 16 23 23 25 22
23 0 21 25 23 24 24 23 19 22
21 21 0 21 19 18 24 15 24 18
16 25 21 0 18 21 24 22 15 24
25 23 19 18 0 21 19 22 24 22
16 24 18 21 21 0 16 24 24 21
23 24 24 24 19 16 0 20 20 17
23 23 15 22 22 24 20 0 18 17
25 19 24 15 24 24 20 18 0 20
22 22 18 24 22 21 17 17 20 0
