8
22
119 69 103 4 14 108 120 84 53 67 110 84 80 4 113 73 33 56 32 19 81 82
83 102 78 77 10 70 20 104 33 55 56 57 9 119 82 99 29 61 67 81 17 45
103 71 71 99 70 55 102 59 59 94 60 5 118 72 4 28 44 14 93 38 59 5
97 80 32 51 33 12 48 29 33 40 96 86 23 109 49 103 57 116 11 107 82 113
96 49 45 113 16 60 100 97 89 28 25 8 27 35 7 26 105 85 52 28 111 6
17 12 110 56 79 45 29 84 64 98 117 59 29 53 116 44 38 15 81 17 104 106
18 29 48 59 109 89 15 3 61 32 109 21 93 3 66 114 27 108 24 48 71 39
104 100 104 28 81 21 11 26 95 66 70 28 79 53 26 77 61 101 59 48 58 103
0 17 21 15 25 18 24 25 20 24
17 0 21 19 17 16 20 16 24 23
21 21 0 18 21 15 17 25 25 23
15 19 18 0 24 20 25 15 23 25
25 17 21 24 0 21 17 15 15 16
18 16 15 20 21 0 18 21 25 18
24 20 17 25 17 18 0 16 23 17
25 16 25 15 15 21 16 0 18 19
20 24 25 23 15 25 23 18 0 23
24 23 23 25 16 18 17 19 23 0
