8
24
101 71 141 127 4 63 110 108 46 55 16 34 120 8 15 154 84 14 128 7 99 52 55 73
131 90 13 58 35 112 109 21 128 27 79 83 72 143 110 19 47 31 127 15 29 11 108 54
108 71 24 28 91 146 91 137 134 11 33 43 143 81 70 93 73 27 150 144 158 78 48 10
37 17 122 131 157 93 63 141 158 142 154 60 71 24 51 24 89 33 45 25 85 20 157 130
37 124 68 149 61 71 109 125 92 113 78 124 125 93 104 20 121 60 85 120 3 43 98 153
13 110 101 126 5 74 103 33 159 146 131 106 27 18 8 102 36 58 55 122 89 64 45 127
55 72 18 59 47 131 103 132 47 79 119 136 149 85 33 10 159 53 19 31 35 10 106 14
104 160 28 115 108 88 158 125 144 22 92 57 24 85 118 24 85 110 54 120 95 126 147 33
0 23 18 16 25 19 24 25 18 21
23 0 15 22 21 17 18 18 19 20
18 15 0 25 21 22 20 18 20 25
16 22 25 0 15 21 22 19 24 23
25 21 21 15 0 23 21 24 25 18
19 17 22 21 23 0 18 22 17 24
24 18 20 22 21 18 0 25 19 15
25 18 18 19 24 22 25 0 22 20
18 19 20 24 25 17 19 22 0 25
21 20 25 23 18 24 15 20 25 0
