8
12
23 25 90 146 54 112 114 109 109 27 152 74
70 135 37 131 48 112 36 91 117 94 98 30
112 68 84 21 57 140 121 119 151 75 159 152
94 105 79 98 132 139 23 112 20 60 26 140
54 139 5 112 112 128 64 157 25 79 24 73
3 145 141 87 26 132 20 62 138 152 134 74
78 112 105 56 15 97 156 117 21 98 40 10
54 20 88 80 17 142 45 57 157 109 125 135
0 23 17 21 20 17 24 15 17 21
23 0 23 22 21 17 19 25 18 21
17 23 0 23 20 21 23 21 23 21
21 22 23 0 16 25 16 25 15 24
20 21 20 16 0 24 21 17 17 16
17 17 21 25 24 0 25 16 24 20
24 19 23 16 21 25 0 18 25 20
15 25 21 25 17 16 18 0 20 15
17 18 23 15 17 24 25 20 0 18
21 21 21 24 16 20 20 15 18 0
