8
14
45 93 12 62 2 93 44 110 20 26 55 9 29 65
54 34 73 53 19 13 62 66 119 70 106 112 82 97
27 117 106 9 17 97 79 5 112 96 101 116 118 50
13 71 61 92 105 84 10 84 81 44 5 86 106 105
101 42 62 81 49 5 9 14 106 20 58 117 98 109
104 41 114 93 113 9 68 21 95 15 116 110 76 14
96 82 70 56 33 59 30 8 82 110 73 1 3 102
51 54 97 9 33 82 61 45 41 101 54 69 27 11
0 25 20 21 25 17 16 20 15 21
25 0 18 16 25 20 18 22 22 18
20 18 0 24 19 25 21 23 18 19
21 16 24 0 17 22 24 17 25 22
25 25 19 17 0 15 19 15 19 24
17 20 25 22 15 0 17 25 17 25
16 18 21 24 19 17 0 24 20 23
20 22 23 17 15 25 24 0 19 22
15 22 18 25 19 17 20 19 0 15
21 18 19 22 24 25 23 22 15 0
