8
12
97 45 46 86 88 47 84 94 30 45 111 54
76 42 103 11 65 17 110 64 4 26 25 13
4 84 53 46 101 8 22 109 102 80 60 99
43 86 106 85 33 67 62 71 24 47 115 76
21 66 29 89 33 29 14 14 74 45 76 11
72 18 91 24 36 112 39 112 20 32 41 52
118 57 115 33 34 49 66 8 79 103 67 74
47 54 32 93 96 1 116 40 9 97 77 38
0 25 21 16 24 21 25 25 21 22
25 0 16 22 25 17 18 24 21 21
21 16 0 17 15 22 21 18 19 23
16 22 17 0 18 20 21 20 24 22
24 25 15 18 0 23 19 22 19 24
21 17 22 20 23 0 20 19 20 15
25 18 21 21 19 20 0 15 15 15
25 24 18 20 22 19 15 0 18 16
21 21 19 24 19 20 15 18 0 23
22 21 23 22 24 15 15 16 23 0
