8
12
7 87 15 35 61 97 82 17 34 112 57 2
12 98 89 117 106 57 28 89 111 23 98 60
52 51 80 25 62 113 66 54 103 67 20 36
70 16 60 22 69 59 29 90 8 38 33 31
17 69 57 90 67 119 103 93 67 89 3 34
60 38 115 24 1 79 51 76 110 54 24 102
23 31 71 74 3 96 118 70 54 102 83 4
46 7 82 104 110 61 104 10 114 106 53 24
0 15 25 25 17 21 18 18 18 19
15 0 16 15 25 22 23 20 20 22
25 16 0 17 18 21 18 25 21 19
25 15 17 0 16 23 19 16 18 22
17 25 18 16 0 25 24 25 18 15
21 22 21 23 25 0 24 21 17 17
18 23 18 19 24 24 0 15 16 25
18 20 25 16 25 21 15 0 15 15
18 20 21 18 18 17 16 15 0 22
19 22 19 22 15 17 25 15 22 0
