8
8
9 86 55 26 62 115 157 139
59 76 97 100 74 67 58 67
27 90 105 13 48 114 74 121
122 12 31 127 41 155 49 136
103 105 128 44 112 14 27 75
27 115 98 148 130 28 76 46
108 54 74 120 54 113 51 147
50 58 129 32 146 89 6 39
0 16 22 24 15 16 23 25 25 21
16 0 15 15 21 21 19 20 19 24
22 15 0 22 25 17 22 25 15 25
24 15 22 0 22 21 22 18 24 19
15 21 25 22 0 20 22 15 24 25
16 21 17 21 20 0 24 15 19 18
23 19 22 22 22 24 0 22 21 20
25 20 25 18 15 15 22 0 25 19
25 19 15 24 24 19 21 25 0 18
21 24 25 19 25 18 20 19 18 0
