8
16
135 26 6 111 158 127 140 150 89 142 137 53 123 143 66 101
125 51 37 33 140 31 85 30 158 138 10 103 63 24 149 40
87 19 83 113 102 66 34 103 50 31 142 8 110 139 97 55
101 72 30 92 87 115 121 24 117 39 130 120 146 103 138 131
22 82 8 121 66 83 135 74 143 75 143 69 73 13 62 71
12 7 77 93 40 129 119 3 147 80 90 160 55 116 101 116
17 83 86 14 33 80 95 92 101 124 34 71 150 18 160 33
47 39 81 45 101 87 59 120 124 25 143 67 135 134 73 8
0 24 18 22 20 16 22 19 17 22
24 0 17 15 24 22 23 24 16 20
18 17 0 24 25 25 17 19 15 17
22 15 24 0 24 17 20 17 24 20
20 24 25 24 0 24 23 23 17 17
16 22 25 17 24 0 15 21 18 21
22 23 17 20 23 15 0 18 15 24
19 24 19 17 23 21 18 0 18 22
17 16 15 24 17 18 15 18 0 22
22 20 17 20 17 21 24 22 22 0
