8
14
2 37 50 23 39 72 41 64 62 65 17 48 27 60
38 57 78 78 48 12 75 6 49 24 10 63 27 53
30 63 31 16 26 22 63 54 21 20 49 63 38 59
23 7 6 41 71 53 43 11 52 34 30 22 9 75
73 21 4 24 20 72 38 3 16 65 41 34 35 45
32 55 13 50 57 41 65 8 71 58 69 24 12 33
80 11 28 78 75 33 2 54 40 40 79 17 73 74
72 29 38 2 60 27 48 61 31 11 60 8 40 75
0 21 21 24 22 21 16 20 25 20
21 0 25 25 21 25 15 17 16 22
21 25 0 15 25 17 19 23 24 20
24 25 15 0 15 20 25 25 24 22
22 21 25 15 0 15 17 15 22 18
21 25 17 20 15 0 23 21 18 21
16 15 19 25 17 23 0 19 23 22
20 17 23 25 15 21 19 0 17 24
25 16 24 24 22 18 23 17 0 25
20 22 20 22 18 21 22 24 25 0
