8
26
43 65 121 155 136 92 60 12 126 160 91 9 24 139 79 9 2 77 60 56 14 18 82 43 100 96
56 107 41 95 60 92 76 47 20 156 159 67 22 67 143 129 61 7 111 78 100 43 12 81 29 134
128 67 3 79 26 21 79 160 100 72 107 14 142 21 130 112 160 84 88 6 60 146 78 157 52 96
151 70 13 110 96 113 79 20 57 105 13 153 3 100 126 139 138 65 42 47 53 76 158 121 54 29
22 113 37 35 134 117 151 124 97 154 102 87 26 13 13 116 38 132 133 121 36 18 140 5 128 144
121 90 58 158 7 119 10 118 24 115 127 25 95 21 77 8 8 63 155 23 140 153 46 93 41 114
158 47 137 24 44 19 76 3 47 81 133 115 33 151 160 29 65 35 143 147 45 79 54 80 43 159
48 4 95 130 107 55 126 129 24 40 8 23 2 35 61 38 59 94 29 23 23 61 91 159 2 140
0 24 25 18 25 16 20 21 16 19
24 0 21 19 18 18 17 23 19 18
25 21 0 22 21 15 25 18 16 23
18 19 22 0 21 25 24 23 21 23
25 18 21 21 0 21 15 19 18 18
16 18 15 25 21 0 15 24 18 20
20 17 25 24 15 15 0 19 19 19
21 23 18 23 19 24 19 0 19 20
16 19 16 21 18 18 19 19 0 17
19 18 23 23 18 20 19 20 17 0
