8
8
124 110 49 25 91 80 27 75
70 3 73 123 135 111 160 123
149 88 67 143 144 120 20 125
19 120 65 116 35 129 31 40
113 52 72 37 146 38 38 103
99 101 75 28 17 125 80 7
144 12 149 52 139 31 101 83
136 69 104 102 13 27 30 33
0 22 19 23 25 22 17 23 22 24
22 0 15 15 17 20 20 19 25 24
19 15 0 18 25 23 20 15 21 25
23 15 18 0 23 25 19 20 16 17
25 17 25 23 0 18 24 15 22 17
22 20 23 25 18 0 21 25 25 25
17 20 20 19 24 21 0 20 20 23
23 19 15 20 15 25 20 0 20 23
22 25 21 16 22 25 20 20 0 19
24 24 25 17 17 25 23 23 19 0
