8
16
75 49 42 63 23 46 73 26 39 61 72 58 31 46 14 5
53 27 54 60 78 1 29 57 22 21 58 13 76 9 31 36
2 40 49 18 46 41 8 35 69 48 55 64 21 5 74 65
60 54 7 31 4 17 78 22 62 20 72 5 43 78 79 54
76 1 63 18 54 28 80 26 34 27 59 53 37 43 58 26
18 70 38 21 50 60 11 53 24 52 28 78 79 77 27 35
44 28 21 3 53 55 1 73 51 15 14 62 76 68 54 53
33 16 70 24 53 56 80 61 25 41 7 29 35 9 29 5
0 24 25 18 18 22 25 17 21 18
24 0 24 15 24 21 18 21 21 19
25 24 0 22 25 24 18 19 15 15
18 15 22 0 18 25 15 15 23 23
18 24 25 18 0 15 21 21 15 18
22 21 24 25 15 0 18 18 17 22
25 18 18 15 21 18 0 17 23 15
17 21 19 15 21 18 17 0 23 19
21 21 15 23 15 17 23 23 0 21
18 19 15 23 18 22 15 19 21 0
