8
24
146 59 34 24 22 37 91 55 77 98 105 80 160 148 149 29 78 48 106 127 118 118 129 33
85 153 124 64 49 131 152 121 50 117 31 127 129 155 133 22 7 147 126 87 67 100 147 14
99 61 111 115 96 41 109 79 88 120 43 118 113 40 69 104 64 48 149 6 152 77 135 17
20 107 51 155 92 4 32 131 101 10 146 142 150 92 129 96 71 55 32 102 111 50 114 159
48 141 62 97 135 40 33 30 72 132 79 153 92 66 158 37 105 16 63 114 130 37 155 36
74 8 94 146 104 135 135 24 103 62 27 4 88 106 39 125 113 64 126 115 51 77 30 148
64 91 12 90 81 75 93 125 91 151 113 19 24 25 27 111 23 123 22 122 15 159 61 125
23 127 12 47 28 35 52 160 4 78 18 44 127 147 33 17 88 57 42 121 46 135 50 98
0 25 17 18 18 25 24 23 16 22
25 0 19 20 16 23 16 22 21 17
17 19 0 20 21 24 17 17 18 16
18 20 20 0 18 23 19 20 19 25
18 16 21 18 0 22 22 24 23 20
25 23 24 23 22 0 17 15 25 22
24 16 17 19 22 17 0 16 23 16
23 22 17 20 24 15 16 0 23 15
16 21 18 19 23 25 23 23 0 18
22 17 16 25 20 22 16 15 18 0
