8
24
19 71 33 20 44 30 2 32 71 43 3 17 24 2 51 34 3 72 31 39 40 61 27 25
73 74 7 57 58 41 42 73 2 26 50 2 31 2 54 79 3 52 12 66 11 72 11 51
63 42 79 4 73 64 54 5 9 32 27 60 51 74 8 61 13 58 18 54 5 23 16 58
78 14 35 8 28 24 6 30 80 1 13 50 57 78 3 46 56 63 45 34 77 62 22 30
55 71 49 31 13 29 9 48 50 35 11 70 19 61 32 11 39 33 31 72 52 71 30 54
76 39 52 16 8 58 67 20 58 27 78 23 22 66 47 29 26 4 46 9 53 38 21 65
18 58 5 14 45 40 72 55 3 64 33 5 54 34 42 57 35 51 53 12 22 22 37 61
79 55 35 66 30 25 36 13 48 76 78 15 30 37 24 44 72 33 68 15 14 47 66 62
0 23 20 17 24 16 17 20 16 19
23 0 23 17 20 24 16 23 22 19
20 23 0 25 24 24 24 21 15 25
17 17 25 0 16 23 24 22 20 16
24 20 24 16 0 21 25 15 22 25
16 24 24 23 21 0 15 20 20 16
17 16 24 24 25 15 0 21 24 17
20 23 21 22 15 20 21 0 23 21
16 22 15 20 22 20 24 23 0 16
19 19 25 16 25 16 17 21 16 0
