8
22
19 59 35 66 45 6 68 77 65 5 5 59 53 40 29 74 5 14 15 23 31 68
10 49 72 80 66 75 42 2 60 80 36 34 33 76 27 5 11 44 39 16 25 31
77 9 12 76 42 31 55 18 1 49 37 22 68 40 53 60 80 20 42 48 36 55
61 59 6 77 4 53 72 70 42 78 59 75 12 69 48 9 70 59 73 60 15 51
20 78 71 70 21 70 45 38 74 10 57 36 57 52 35 15 46 60 2 52 5 16
45 62 7 19 58 7 68 29 41 58 11 15 55 1 70 46 45 53 3 19 80 59
16 54 11 40 75 71 15 48 48 19 69 64 61 64 78 78 73 41 23 73 30 71
18 13 41 41 60 78 47 41 67 36 43 61 34 64 26 36 75 38 26 1 79 16
0 15 16 21 18 22 16 25 19 23
15 0 20 25 15 23 15 23 25 15
16 20 0 24 25 20 23 22 15 15
21 25 24 0 25 15 17 18 20 16
18 15 25 25 0 25 17 22 15 20
22 23 20 15 25 0 17 24 17 25
16 15 23 17 17 17 0 16 17 20
25 23 22 18 22 24 16 0 19 25
19 25 15 20 15 17 17 19 0 21
23 15 15 16 20 25 20 25 21 0
