8
24
8 72 35 4 62 44 32 47 11 62 40 52 23 3 73 29 58 32 66 20 43 29 77 31
74 27 70 25 11 14 70 3 5 30 58 4 11 10 21 15 13 64 27 58 68 5 7 6
7 53 50 10 24 25 37 60 68 51 41 73 38 69 7 45 69 58 39 48 46 25 35 76
1 41 2 49 54 42 42 14 61 64 71 10 2 21 70 71 69 37 24 27 59 25 66 46
1 62 32 17 62 45 62 1 47 29 70 65 43 43 53 53 62 71 75 44 7 50 5 20
36 1 45 18 67 79 41 32 57 65 26 39 76 16 63 37 8 42 77 63 24 47 59 51
2 11 48 69 24 20 59 16 74 54 11 42 65 15 47 28 58 53 73 47 74 55 19 47
30 50 20 36 11 9 28 28 39 1 23 73 32 50 48 50 78 35 33 66 59 3 52 20
0 15 19 24 19 17 22 25 16 15
15 0 23 22 19 23 21 18 19 22
19 23 0 19 21 16 24 20 19 17
24 22 19 0 16 15 17 23 23 20
19 19 21 16 0 24 18 24 16 17
17 23 16 15 24 0 20 17 17 23
22 21 24 17 18 20 0 18 25 24
25 18 20 23 24 17 18 0 22 19
16 19 19 23 16 17 25 22 0 21
15 22 17 20 17 23 24 19 21 0
