8
10
48 49 26 15 60 104 28 42 44 7
38 13 29 96 7 160 133 79 140 71
26 106 32 83 113 102 25 60 77 16
79 28 54 72 22 55 28 131 160 20
64 75 15 79 20 121 129 87 88 2
84 1 136 22 83 55 94 65 65 85
28 107 57 55 125 158 88 90 101 106
11 154 19 133 63 67 55 66 115 142
0 17 21 24 22 24 15 22 18 21
17 0 22 25 20 19 19 23 22 22
21 22 0 18 21 21 17 23 16 17
24 25 18 0 25 19 18 25 16 17
22 20 21 25 0 19 15 16 16 24
24 19 21 19 19 0 16 22 21 18
15 19 17 18 15 16 0 22 24 19
22 23 23 25 16 22 22 0 20 16
18 22 16 16 16 21 24 20 0 17
21 22 17 17 24 18 19 16 17 0
