8
10
8 55 99 77 21 84 108 25 58 112
66 111 51 97 10 58 85 19 103 25
1 115 75 19 21 2 98 107 109 39
109 97 99 47 55 90 37 56 7 81
48 51 116 97 101 32 6 99 17 19
49 41 74 57 51 46 50 21 97 101
88 6 97 87 21 98 49 32 105 115
48 11 79 79 63 23 6 41 1 54
0 19 25 22 20 19 24 25 22 17
19 0 21 23 15 22 15 24 25 18
25 21 0 15 19 15 22 24 20 24
22 23 15 0 21 20 24 19 21 20
20 15 19 21 0 22 17 20 18 24
19 22 15 20 22 0 17 25 24 22
24 15 22 24 17 17 0 21 19 19
25 24 24 19 20 25 21 0 25 23
22 25 20 21 18 24 19 25 0 15
17 18 24 20 24 22 19 23 15 0
