8
26
81 41 70 15 6 31 3 17 20 36 8 24 35 115 16 83 100 40 36 26 32 23 28 79 94 21
49 13 41 58 45 91 88 109 42 22 28 4 71 47 54 66 39 89 30 116 92 80 56 84 35 81
114 81 35 18 65 55 96 42 91 93 115 38 98 102 111 79 52 47 21 62 82 60 18 6 5 14
108 18 91 111 47 27 108 32 55 71 20 52 60 23 70 57 50 89 59 23 92 33 10 42 86 31
22 16 82 103 101 101 45 17 72 36 74 75 74 4 24 99 40 5 63 59 31 19 62 74 58 46
79 21 46 8 83 1 104 79 68 55 86 10 44 40 53 120 96 48 42 86 41 83 33 50 38 11
81 8 104 108 37 92 69 67 42 4 32 21 85 74 49 78 88 35 32 100 115 53 107 62 64 28
94 94 21 76 68 45 70 38 11 89 84 74 50 9 32 73 96 10 93 17 79 22 60 71 42 112
0 16 16 22 23 22 23 24 24 20
16 0 24 19 16 25 17 15 22 21
16 24 0 21 22 22 16 21 22 22
22 19 21 0 23 16 20 17 25 17
23 16 22 23 0 15 16 16 16 16
22 25 22 16 15 0 18 15 20 16
23 17 16 20 16 18 0 20 22 17
24 15 21 17 16 15 20 0 15 15
24 22 22 25 16 20 22 15 0 20
20 21 22 17 16 16 17 15 20 0
