8
26
53 117 37 44 90 74 111 11 15 2 83 30 49 58 63 68 118 98 92 40 72 72 49 47 17 103
97 70 57 24 83 76 45 28 118 10 9 39 57 57 45 28 35 22 104 34 107 80 54 69 71 59
75 66 52 49 19 35 46 1 18 112 103 102 9 63 55 27 23 84 119 24 56 97 5 26 24 1
45 22 81 97 43 107 11 16 9 102 114 23 88 5 73 63 97 110 59 114 114 27 110 80 74 26
80 21 60 28 82 50 101 21 60 68 30 47 117 68 71 116 39 101 80 74 2 46 32 44 54 80
22 25 11 70 113 87 20 24 69 7 104 39 17 66 115 40 11 106 112 46 60 32 43 4 108 108
52 41 96 74 73 8 113 51 20 44 118 36 37 110 24 5 104 86 82 81 10 110 96 8 80 90
9 97 48 93 36 21 102 97 113 100 29 106 101 18 87 27 23 27 82 33 107 112 1 61 115 81
0 17 24 15 17 16 20 19 25 22
17 0 24 24 20 18 19 23 21 21
24 24 0 22 17 23 20 23 16 23
15 24 22 0 22 24 23 23 23 24
17 20 17 22 0 15 17 22 16 23
16 18 23 24 15 0 23 21 20 16
20 19 20 23 17 23 0 17 25 16
19 23 23 23 22 21 17 0 21 23
25 21 16 23 16 20 25 21 0 15
22 21 23 24 23 16 16 23 15 0
