8
22
49 139 74 56 61 17 5 9 152 53 60 46 71 112 47 145 50 37 53 76 105 68
133 88 89 73 43 157 65 76 59 83 53 100 107 54 22 116 77 52 3 33 48 26
61 63 76 26 34 80 121 115 44 132 139 88 37 106 130 75 119 62 96 82 96 16
1 151 136 116 57 84 71 24 147 67 121 3 149 45 143 58 135 81 75 5 59 60
94 155 53 139 151 50 116 37 24 117 26 76 27 98 22 89 55 102 156 124 53 64
94 149 103 10 35 16 15 140 139 97 16 5 103 57 58 116 58 151 39 50 21 143
155 116 5 28 91 122 135 9 104 34 94 35 137 65 41 119 150 39 103 121 57 137
47 105 149 3 31 134 6 136 59 1 147 47 57 41 62 139 32 133 92 72 76 51
0 21 16 22 17 24 16 18 23 22
21 0 15 15 20 15 16 21 21 25
16 15 0 18 22 15 18 21 20 16
22 15 18 0 19 16 22 25 25 25
17 20 22 19 0 23 24 15 20 21
24 15 15 16 23 0 18 16 23 22
16 16 18 22 24 18 0 20 16 19
18 21 21 25 15 16 20 0 24 19
23 21 20 25 20 23 16 24 0 18
22 25 16 25 21 22 19 19 18 0
