8
22
57 64 11 45 53 49 4 54 61 38 42 60 5 51 37 33 64 24 9 44 16 8
27 60 1 49 20 13 53 6 46 63 3 8 22 14 67 56 31 54 8 59 40 55
15 69 25 37 72 79 65 48 77 13 19 59 65 76 13 31 37 58 19 72 17 40
71 44 52 45 65 45 40 16 8 67 34 66 13 15 41 26 32 54 51 20 57 32
28 9 69 25 69 35 51 9 2 9 18 64 13 4 6 51 25 10 65 35 15 28
40 20 34 49 27 39 9 13 68 24 54 4 7 32 13 52 14 38 78 7 11 52
31 51 41 3 41 68 51 66 63 74 52 14 14 72 59 33 54 2 77 60 14 53
55 45 17 79 64 48 71 76 12 56 43 37 19 70 56 77 41 15 68 18 39 66
0 20 15 17 20 20 20 18 24 20
20 0 23 19 23 25 25 18 19 17
15 23 0 19 15 20 19 18 16 20
17 19 19 0 18 25 17 25 18 15
20 23 15 18 0 17 21 23 17 17
20 25 20 25 17 0 15 18 22 25
20 25 19 17 21 15 0 16 21 24
18 18 18 25 23 18 16 0 25 19
24 19 16 18 17 22 21 25 0 15
20 17 20 15 17 25 24 19 15 0
