8
18
68 33 58 110 90 58 106 77 83 120 76 66 56 3 31 81 95 53
91 56 46 43 87 33 53 76 21 99 37 117 35 107 56 119 117 63
58 4 47 64 18 80 52 21 51 118 17 15 63 85 119 33 105 36
34 110 28 99 58 107 88 27 27 37 60 9 90 68 110 51 54 26
106 81 113 10 112 113 92 14 3 83 100 80 1 8 92 41 36 106
21 30 15 45 97 46 62 43 111 82 47 32 76 87 97 73 120 65
116 81 27 33 78 47 18 44 94 111 73 90 40 61 16 44 80 53
17 97 9 26 37 112 4 83 37 98 6 86 47 79 66 17 46 83
0 16 15 15 22 19 18 15 19 16
16 0 25 23 21 15 22 16 16 15
15 25 0 16 22 15 17 23 23 22
15 23 16 0 24 15 22 21 23 23
22 21 22 24 0 21 25 18 23 15
19 15 15 15 21 0 20 18 20 21
18 22 17 22 25 20 0 22 23 25
15 16 23 21 18 18 22 0 24 21
19 16 23 23 23 20 23 24 0 23
16 15 22 23 15 21 25 21 23 0
