8
20
63 40 25 80 7 32 41 18 77 26 56 17 18 9 78 56 80 28 38 44
2 42 53 12 71 39 29 80 8 43 80 24 20 14 50 21 1 20 16 1
8 60 61 3 54 43 14 23 79 55 45 1 13 24 28 47 47 11 74 22
4 17 35 7 59 39 42 21 19 7 53 13 3 39 5 16 77 36 53 72
61 34 74 50 46 41 45 23 79 24 43 59 52 28 46 56 65 21 14 67
71 18 24 6 14 48 64 7 64 3 64 62 27 14 27 2 6 50 37 24
78 14 50 33 10 57 60 51 13 24 47 47 45 76 33 40 48 2 63 43
76 58 12 9 76 65 45 25 59 34 31 53 29 76 33 42 74 11 21 7
0 18 23 23 19 21 15 15 21 19
18 0 17 22 17 22 18 23 19 24
23 17 0 24 22 18 19 20 23 15
23 22 24 0 15 24 19 21 22 25
19 17 22 15 0 24 15 21 15 18
21 22 18 24 24 0 24 19 21 19
15 18 19 19 15 24 0 22 22 24
15 23 20 21 21 19 22 0 24 15
21 19 23 22 15 21 22 24 0 25
19 24 15 25 18 19 24 15 25 0
