8
18
23 27 24 14 12 11 10 36 10 39 26 10 15 19 8 26 34 18
40 34 14 13 20 4 20 4 34 40 40 24 39 2 28 14 13 6
2 5 19 27 10 7 36 37 29 16 37 22 30 30 12 9 4 2
31 20 24 35 20 35 18 20 10 26 30 31 38 23 27 8 21 33
25 37 33 40 14 40 25 19 2 24 40 39 39 28 13 23 1 18
30 1 32 25 31 32 38 37 24 6 2 4 3 28 10 23 5 4
38 40 37 34 21 31 1 24 32 26 26 23 19 7 38 35 33 32
37 39 4 36 7 20 16 36 27 3 7 39 3 27 28 30 2 16
0 25 19 18 25 18 16 21 19 20
25 0 18 15 22 23 24 17 22 21
19 18 0 17 20 15 16 17 23 18
18 15 17 0 20 16 23 25 22 21
25 22 20 20 0 24 17 21 25 19
18 23 15 16 24 0 16 18 23 23
16 24 16 23 17 16 0 17 22 23
21 17 17 25 21 18 17 0 16 23
19 22 23 22 25 23 22 16 0 21
20 21 18 21 19 23 23 23 21 0
