8
20
39 8 29 2 1 12 38 19 40 11 32 12 29 13 13 28 31 17 1 20
35 31 39 9 23 15 40 5 35 38 11 10 13 11 6 39 4 7 4 19
36 16 16 23 38 34 19 6 18 13 8 22 9 18 30 8 5 26 2 35
39 5 40 32 26 28 15 39 23 31 13 18 8 24 9 14 32 11 10 12
29 9 16 7 1 11 30 26 25 21 28 18 3 8 22 24 33 5 9 1
25 38 4 9 3 28 7 26 11 28 14 4 33 36 19 36 36 1 39 40
5 21 19 29 11 23 34 18 26 14 14 30 10 39 10 32 26 28 36 11
2 31 25 26 36 15 18 28 21 7 35 7 30 17 6 4 21 5 2 7
0 24 18 15 16 22 20 15 17 23
24 0 17 20 25 17 16 17 17 16
18 17 0 17 22 21 20 22 15 24
15 20 17 0 16 24 15 16 25 22
16 25 22 16 0 15 15 21 17 21
22 17 21 24 15 0 18 17 24 15
20 16 20 15 15 18 0 15 17 15
15 17 22 16 21 17 15 0 25 15
17 17 15 25 17 24 17 25 0 17
23 16 24 22 21 15 15 15 17 0
