8
22
26 76 39 76 44 24 44 37 22 71 8 69 4 34 74 44 80 26 59 17 60 71
10 62 43 38 9 68 67 37 43 13 15 20 20 54 14 51 71 59 63 45 70 36
6 78 38 78 68 5 20 2 14 77 68 79 53 38 52 28 16 41 63 34 77 5
65 51 13 39 57 14 56 47 74 27 3 62 78 48 34 36 79 40 31 67 6 54
26 3 66 2 8 31 63 20 76 48 63 61 78 9 62 2 5 49 31 48 29 16
10 27 30 55 8 8 6 50 43 53 61 27 37 15 61 13 35 40 67 69 41 46
22 78 26 18 56 74 71 51 72 63 35 19 78 65 30 31 58 42 46 16 3 69
30 7 79 1 74 74 69 45 41 2 57 13 19 78 24 34 18 74 23 27 49 64
0 21 20 22 21 22 17 17 20 24
21 0 24 20 18 20 16 17 24 17
20 24 0 18 25 24 17 22 16 21
22 20 18 0 22 19 16 23 24 18
21 18 25 22 0 17 17 18 24 25
22 20 24 19 17 0 25 18 21 23
17 16 17 16 17 25 0 16 25 15
17 17 22 23 18 18 16 0 18 22
20 24 16 24 24 21 25 18 0 20
24 17 21 18 25 23 15 22 20 0
