8
14
15 64 104 57 102 68 5 78 84 103 7 57 15 30
46 108 68 86 77 98 109 97 34 33 32 76 81 96
4 2 41 120 103 47 77 8 66 94 43 21 36 36
12 11 28 17 27 19 110 27 115 4 13 99 6 47
105 58 47 41 59 47 94 68 67 76 96 16 96 103
101 68 71 41 4 11 110 112 25 101 8 6 109 18
91 64 3 76 57 17 24 93 74 22 13 97 120 21
56 17 21 106 64 48 72 112 65 19 15 116 86 36
0 19 19 18 24 20 24 22 16 24
19 0 22 18 16 23 24 24 17 22
19 22 0 25 23 19 16 19 22 23
18 18 25 0 23 16 16 20 25 20
24 16 23 23 0 17 23 22 18 24
20 23 19 16 17 0 17 17 21 24
24 24 16 16 23 17 0 18 20 19
22 24 19 20 22 17 18 0 19 23
16 17 22 25 18 21 20 19 0 18
24 22 23 20 24 24 19 23 18 0
