8
10
8 2 30 26 38 12 19 12 39 18
24 27 34 34 18 20 27 4 29 9
3 39 32 12 27 38 8 6 10 25
26 34 6 32 1 25 26 15 12 19
8 9 12 22 15 17 24 4 35 21
13 6 22 34 9 39 26 12 6 13
33 18 27 36 1 11 19 20 8 23
22 13 8 40 8 36 11 22 17 40
0 19 17 25 20 23 17 23 17 25
19 0 22 24 23 15 22 19 24 17
17 22 0 18 20 22 15 17 22 16
25 24 18 0 21 16 24 21 18 17
20 23 20 21 0 17 15 19 16 23
23 15 22 16 17 0 24 21 23 19
17 22 15 24 15 24 0 22 20 15
23 19 17 21 19 21 22 0 18 15
17 24 22 18 16 23 20 18 0 19
25 17 16 17 23 19 15 15 19 0
