8
26
40 79 80 51 52 65 68 85 77 46 31 56 103 88 62 30 7 63 77 47 31 91 17 104 17 64
105 65 32 36 11 77 38 92 102 104 113 48 47 18 111 103 104 120 112 44 81 110 77 58 50 17
14 35 95 40 73 114 57 75 110 105 105 46 41 60 46 70 39 77 71 21 19 106 29 4 85 8
100 32 15 35 82 113 82 8 41 106 84 17 53 69 42 78 99 74 113 32 86 65 95 54 72 27
97 53 111 34 98 3 39 89 70 72 25 87 29 48 88 112 79 36 50 97 46 11 54 78 6 56
85 45 63 59 86 25 18 1 5 76 101 43 20 105 94 95 108 4 70 118 50 5 25 117 118 5
93 46 16 72 114 94 15 110 39 9 105 106 58 102 84 53 25 84 35 47 108 32 100 15 20 44
38 97 75 113 7 60 6 70 85 76 89 67 62 68 111 1 18 13 56 81 54 60 74 46 65 12
0 21 18 24 16 20 18 19 20 25
21 0 22 23 25 18 23 19 20 21
18 22 0 21 16 24 17 25 21 19
24 23 21 0 16 24 17 23 25 17
16 25 16 16 0 15 20 25 19 16
20 18 24 24 15 0 17 21 18 24
18 23 17 17 20 17 0 17 24 19
19 19 25 23 25 21 17 0 19 25
20 20 21 25 19 18 24 19 0 25
25 21 19 17 16 24 19 25 25 0
