8
10
2 31 25 21 34 7 29 33 24 24
25 7 9 25 7 27 10 28 31 29
34 23 40 39 6 3 6 6 7 24
22 1 24 20 12 9 11 25 19 11
6 15 38 8 30 36 2 27 2 2
16 10 22 23 30 40 12 36 28 4
5 25 7 39 25 12 14 3 12 40
22 20 27 30 34 6 40 24 7 17
0 15 16 24 17 17 23 22 20 21
15 0 22 20 16 24 22 20 23 17
16 22 0 16 18 23 23 25 21 25
24 20 16 0 23 22 25 17 15 18
17 16 18 23 0 19 20 17 23 18
17 24 23 22 19 0 16 20 19 19
23 22 23 25 20 16 0 22 15 20
22 20 25 17 17 20 22 0 15 23
20 23 21 15 23 19 15 15 0 21
21 17 25 18 18 19 20 23 21 0
