8
20
103 148 54 65 120 51 98 2 140 145 19 12 58 132 36 159 88 147 41 36
18 153 81 110 71 5 125 52 99 54 78 93 132 1 20 17 116 64 72 124
5 66 5 112 29 104 123 57 127 144 132 80 31 6 87 21 100 98 90 48
72 47 132 19 109 127 132 31 136 39 158 42 65 124 33 151 137 14 11 18
47 34 129 71 64 73 13 17 71 150 156 115 90 68 47 86 24 101 84 154
81 103 122 45 137 35 152 94 128 133 42 73 45 133 36 158 90 160 113 81
13 93 157 68 58 115 55 130 13 111 28 103 76 92 107 104 87 19 154 134
21 141 116 2 139 65 68 12 47 61 68 38 127 20 60 101 19 77 139 33
0 24 25 20 24 25 18 15 17 15
24 0 18 22 23 25 24 16 22 23
25 18 0 22 20 25 15 18 23 15
20 22 22 0 24 20 24 16 24 24
24 23 20 24 0 16 15 22 18 17
25 25 25 20 16 0 20 18 24 18
18 24 15 24 15 20 0 21 20 21
15 16 18 16 22 18 21 0 23 22
17 22 23 24 18 24 20 23 0 20
15 23 15 24 17 18 21 22 20 0
