8
10
9 27 39 24 6 26 35 5 23 16
28 4 18 31 18 25 21 8 10 26
30 4 10 38 11 3 21 21 38 9
31 31 23 31 35 29 39 8 6 7
16 34 33 9 14 28 8 6 37 23
37 28 22 24 22 14 12 19 10 33
6 22 38 14 7 14 39 10 32 4
6 31 2 3 1 30 17 19 14 1
0 25 21 17 22 15 18 19 19 19
25 0 23 19 18 22 25 17 20 25
21 23 0 15 23 21 15 21 17 22
17 19 15 0 23 22 15 18 16 17
22 18 23 23 0 19 16 21 19 17
15 22 21 22 19 0 22 24 23 16
18 25 15 15 16 22 0 20 22 19
19 17 21 18 21 24 20 0 23 25
19 20 17 16 19 23 22 23 0 24
19 25 22 17 17 16 19 25 24 0
