8
14
92 40 9 128 160 65 12 116 140 35 154 152 56 23
91 80 89 56 8 92 153 11 30 52 35 91 6 51
76 154 6 138 23 109 71 112 62 32 118 57 12 16
155 57 160 56 50 69 143 61 88 51 136 138 113 21
1 3 75 44 34 24 43 124 88 8 17 101 77 133
136 87 35 68 22 144 86 87 92 155 134 119 29 116
119 44 76 37 59 8 19 14 143 47 151 7 41 8
114 27 101 79 9 64 112 16 22 136 108 107 76 119
0 18 24 25 15 17 21 15 21 15
18 0 16 19 19 25 24 22 21 17
24 16 0 23 18 19 24 17 24 24
25 19 23 0 22 20 24 21 15 21
15 19 18 22 0 21 16 15 19 20
17 25 19 20 21 0 16 21 18 20
21 24 24 24 16 16 0 15 21 20
15 22 17 21 15 21 15 0 17 17
21 21 24 15 19 18 21 17 0 24
15 17 24 21 20 20 20 17 24 0
