8
12
38 24 21 31 16 15 3 21 17 11 15 30
17 19 6 25 28 21 15 40 19 19 40 10
3 23 3 38 5 21 3 6 14 5 8 38
17 38 34 14 40 18 17 20 8 24 10 6
35 13 36 15 35 36 40 25 3 36 18 19
8 19 28 18 21 39 31 16 39 9 24 18
25 21 30 26 29 17 34 35 4 25 36 22
40 7 29 15 21 15 35 18 2 8 37 18
0 25 20 15 21 25 24 21 24 17
25 0 15 15 23 21 25 20 25 16
20 15 0 20 18 22 24 25 19 17
15 15 20 0 22 21 19 24 15 21
21 23 18 22 0 24 16 20 22 16
25 21 22 21 24 0 18 23 20 18
24 25 24 19 16 18 0 19 23 22
21 20 25 24 20 23 19 0 15 22
24 25 19 15 22 20 23 15 0 17
17 16 17 21 16 18 22 22 17 0
