8
18
4 8 27 9 108 84 15 98 3 21 119 15 101 73 69 8 88 73
118 114 65 11 78 99 53 87 78 7 72 13 9 113 12 72 15 34
82 95 4 17 108 35 24 105 45 41 43 37 18 101 6 47 2 20
1 83 15 105 32 60 86 32 44 96 48 52 10 30 112 98 77 96
112 93 106 86 55 91 38 88 4 113 60 16 100 61 14 44 78 67
16 100 54 100 85 34 88 93 91 95 6 17 61 90 7 76 38 110
45 53 21 95 40 118 106 93 52 15 38 109 15 108 92 88 94 61
116 28 119 107 22 68 85 81 56 76 50 45 72 78 35 7 86 78
0 21 17 19 18 22 18 20 16 17
21 0 24 15 21 23 19 21 21 18
17 24 0 20 21 22 21 22 19 18
19 15 20 0 15 19 18 19 25 19
18 21 21 15 0 21 25 15 25 15
22 23 22 19 21 0 16 17 22 20
18 19 21 18 25 16 0 25 20 24
20 21 22 19 15 17 25 0 15 16
16 21 19 25 25 22 20 15 0 22
17 18 18 19 15 20 24 16 22 0
