8
18
17 20 22 7 17 21 5 25 17 38 21 29 12 38 14 1 21 19
7 36 6 24 4 18 19 29 25 31 6 26 18 38 10 4 15 37
37 22 2 8 16 10 2 20 15 35 5 13 12 8 2 28 10 22
10 34 34 17 39 4 35 35 27 30 34 37 38 35 22 3 1 17
11 23 6 34 15 6 30 11 9 37 14 8 29 23 30 5 7 13
13 38 35 28 9 7 26 27 33 40 15 12 16 20 25 22 40 35
28 23 1 19 18 29 17 28 14 29 39 5 9 38 38 12 40 1
5 4 24 1 37 8 29 19 14 29 30 21 7 13 29 16 16 39
0 22 18 23 20 16 23 24 21 20
22 0 20 19 23 17 23 24 22 24
18 20 0 16 22 25 25 18 18 25
23 19 16 0 25 22 15 15 16 24
20 23 22 25 0 19 23 25 22 21
16 17 25 22 19 0 17 24 18 18
23 23 25 15 23 17 0 18 20 25
24 24 18 15 25 24 18 0 19 23
21 22 18 16 22 18 20 19 0 19
20 24 25 24 21 18 25 23 19 0
