8
10
90 74 71 6 5 109 41 41 6 111
104 115 48 81 106 119 36 60 101 51
59 41 115 8 62 118 118 24 2 105
24 26 74 104 90 75 5 74 92 108
97 97 27 89 2 79 43 5 61 22
68 14 81 73 61 115 91 76 53 22
45 99 85 46 25 120 76 47 61 48
108 101 7 60 15 32 109 36 63 45
0 23 18 20 25 19 16 18 18 23
23 0 22 24 19 23 24 22 22 25
18 22 0 17 24 17 18 17 20 25
20 24 17 0 20 20 19 20 21 17
25 19 24 20 0 18 25 18 18 20
19 23 17 20 18 0 19 18 17 21
16 24 18 19 25 19 0 17 16 19
18 22 17 20 18 18 17 0 19 19
18 22 20 21 18 17 16 19 0 17
23 25 25 17 20 21 19 19 17 0
