8
26
24 4 29 24 40 6 15 7 8 12 40 19 37 5 31 27 9 4 26 31 19 15 14 16 9 15
16 20 21 31 1 40 7 24 31 34 29 11 14 28 20 16 30 31 5 31 6 34 18 19 1 35
35 30 22 33 14 5 18 32 30 28 8 14 12 30 26 32 17 32 13 40 21 25 8 17 37 23
27 21 13 27 26 7 1 28 2 28 26 8 14 5 23 18 21 13 36 35 3 16 25 31 13 30
11 17 14 9 3 21 10 30 11 5 15 17 26 8 2 11 37 7 10 39 15 29 21 32 15 14
4 13 16 30 37 12 17 34 32 32 8 6 37 37 4 23 5 24 32 12 30 30 9 1 34 25
39 3 37 14 21 1 27 23 1 37 24 17 5 16 17 8 26 17 33 1 28 5 19 8 26 37
26 16 28 20 18 20 34 29 38 23 21 29 30 36 21 28 23 15 18 4 15 3 15 32 30 24
0 22 21 17 19 17 24 24 24 18
22 0 23 15 18 16 15 24 15 19
21 23 0 19 23 22 18 15 21 17
17 15 19 0 24 17 24 24 22 20
19 18 23 24 0 16 19 23 15 22
17 16 22 17 16 0 17 16 19 15
24 15 18 24 19 17 0 24 22 22
24 24 15 24 23 16 24 0 15 25
24 15 21 22 15 19 22 15 0 17
18 19 17 20 22 15 22 25 17 0
