8
18
62 27 81 80 12 1 95 51 38 101 77 55 12 69 58 33 54 77
57 91 113 15 77 3 116 78 116 73 50 93 87 111 56 98 13 59
42 23 98 64 1 7 44 35 16 71 10 90 84 60 118 78 4 45
42 58 95 82 114 38 14 81 6 63 87 45 44 18 34 66 103 68
106 27 120 76 74 82 72 108 54 68 116 8 1 61 94 99 39 52
114 105 102 63 13 51 23 94 70 67 60 19 13 116 93 81 71 56
70 80 109 89 57 50 7 30 63 13 64 40 1 79 83 21 69 39
115 88 80 108 113 3 58 9 103 102 10 21 118 62 6 10 12 62
0 20 18 19 24 18 24 19 19 24
20 0 24 15 17 23 19 17 17 20
18 24 0 22 23 24 20 22 22 24
19 15 22 0 23 15 18 16 19 21
24 17 23 23 0 24 16 21 19 23
18 23 24 15 24 0 20 18 20 23
24 19 20 18 16 20 0 23 24 22
19 17 22 16 21 18 23 0 17 21
19 17 22 19 19 20 24 17 0 20
24 20 24 21 23 23 22 21 20 0
