8
14
16 48 26 80 9 23 64 76 24 61 18 24 41 34
17 58 31 21 37 19 72 34 8 73 12 36 76 42
58 38 48 66 17 61 74 11 16 15 37 36 12 44
4 7 66 68 42 41 24 37 8 30 68 43 30 59
48 19 79 45 57 22 78 37 75 66 19 10 51 15
17 49 35 60 73 55 23 1 67 57 19 10 40 38
48 76 21 59 10 50 48 22 7 17 36 4 72 63
65 64 29 13 34 80 5 16 68 42 45 80 19 9
0 17 15 15 17 22 20 15 22 16
17 0 22 21 24 21 21 23 19 24
15 22 0 20 21 25 18 19 17 20
15 21 20 0 16 15 15 19 17 23
17 24 21 16 0 25 23 18 15 21
22 21 25 15 25 0 18 18 15 18
20 21 18 15 23 18 0 18 16 24
15 23 19 19 18 18 18 0 16 18
22 19 17 17 15 15 16 16 0 25
16 24 20 23 21 18 24 18 25 0
