8
16
78 70 39 73 15 13 43 20 10 11 8 1 43 56 50 58
31 24 16 80 32 23 25 26 57 38 75 21 9 11 77 21
58 22 3 49 27 20 54 70 9 50 4 65 73 69 14 2
19 21 61 29 40 41 44 55 13 8 50 18 1 76 29 39
47 43 60 51 10 26 47 21 36 51 72 40 13 73 78 18
66 59 69 27 23 62 39 9 23 54 21 53 72 33 21 6
56 15 1 51 56 20 29 34 44 13 51 26 1 4 46 60
6 23 13 37 28 27 54 68 27 52 5 29 59 38 8 25
0 21 23 19 20 16 21 15 17 25
21 0 21 21 20 23 24 20 17 19
23 21 0 18 16 21 24 19 19 19
19 21 18 0 23 18 19 15 21 24
20 20 16 23 0 17 16 17 19 18
16 23 21 18 17 0 19 21 25 19
21 24 24 19 16 19 0 22 18 17
15 20 19 15 17 21 22 0 21 24
17 17 19 21 19 25 18 21 0 21
25 19 19 24 18 19 17 24 21 0
