8
10
22 113 127 28 12 5 91 74 149 64
36 153 1 132 40 75 11 137 19 87
99 9 67 78 2 98 106 63 41 102
96 48 142 86 47 60 158 108 105 121
119 113 34 25 75 85 114 94 154 100
20 157 60 47 154 64 147 115 56 121
89 154 84 77 131 23 3 105 70 1
128 23 121 1 128 82 81 6 69 110
0 16 24 22 24 18 25 17 17 17
16 0 21 20 22 15 23 16 18 21
24 21 0 19 21 20 20 17 19 15
22 20 19 0 16 25 17 17 22 23
24 22 21 16 0 23 15 17 18 19
18 15 20 25 23 0 17 19 16 19
25 23 20 17 15 17 0 16 25 16
17 16 17 17 17 19 16 0 19 15
17 18 19 22 18 16 25 19 0 25
17 21 15 23 19 19 16 15 25 0
