8
8
101 102 26 57 152 82 57 48
135 106 56 29 100 138 46 38
150 99 14 150 110 40 153 153
100 94 28 52 14 82 160 84
125 125 66 4 93 39 11 88
32 39 47 150 110 49 2 18
134 53 43 103 42 7 34 77
62 43 125 52 10 145 54 124
0 19 22 17 15 25 25 22 16 25
19 0 15 24 22 18 16 23 20 19
22 15 0 21 20 18 23 18 20 16
17 24 21 0 17 16 19 18 19 25
15 22 20 17 0 22 25 16 16 16
25 18 18 16 22 0 19 15 23 21
25 16 23 19 25 19 0 19 23 15
22 23 18 18 16 15 19 0 22 24
16 20 20 19 16 23 23 22 0 19
25 19 16 25 16 21 15 24 19 0
