8
22
49 103 126 56 88 157 8 131 13 38 5 41 34 31 132 124 138 40 89 46 148 29
91 116 68 13 113 55 24 19 97 149 148 25 24 91 47 15 143 88 154 111 107 48
156 116 68 151 12 10 95 80 141 131 40 95 152 19 55 12 23 103 122 62 126 94
156 44 128 41 72 13 35 7 81 157 91 113 95 108 130 77 148 26 103 149 67 151
104 129 125 73 12 82 93 156 17 79 119 132 35 60 96 156 52 97 90 158 70 68
2 149 63 91 34 130 126 60 34 101 104 75 120 57 15 90 105 132 38 24 143 65
11 112 125 12 57 142 48 108 8 143 60 124 31 11 42 141 33 117 68 156 58 151
44 66 113 148 17 136 97 109 28 150 139 65 104 75 54 160 6 36 74 40 3 5
0 16 21 21 16 22 17 19 18 15
16 0 16 19 15 18 23 18 25 19
21 16 0 24 25 15 25 25 15 15
21 19 24 0 25 15 22 17 20 18
16 15 25 25 0 22 21 20 25 20
22 18 15 15 22 0 15 20 21 24
17 23 25 22 21 15 0 23 24 20
19 18 25 17 20 20 23 0 16 19
18 25 15 20 25 21 24 16 0 24
15 19 15 18 20 24 20 19 24 0
