8
20
6 73 104 31 108 48 73 99 108 21 23 107 75 100 82 46 10 28 74 120
113 103 58 32 107 12 120 101 70 104 84 18 103 75 85 70 106 52 22 27
107 101 16 110 117 55 65 54 74 55 12 80 88 16 99 38 54 51 1 92
79 75 61 60 48 103 93 15 96 62 37 64 79 60 7 109 5 35 88 51
22 109 54 22 94 75 77 67 59 86 91 51 43 91 41 25 23 35 40 42
1 9 97 57 64 52 28 104 88 92 63 7 103 76 98 81 117 40 10 13
107 66 36 45 110 80 42 50 99 95 4 42 89 1 5 12 101 74 12 65
83 73 55 93 115 16 77 112 50 33 97 86 115 108 14 85 112 3 58 74
0 20 18 24 22 16 24 16 15 24
20 0 22 16 20 21 25 16 19 16
18 22 0 22 15 17 15 21 20 16
24 16 22 0 25 16 21 19 16 22
22 20 15 25 0 17 21 18 24 17
16 21 17 16 17 0 21 25 17 23
24 25 15 21 21 21 0 20 20 15
16 16 21 19 18 25 20 0 22 25
15 19 20 16 24 17 20 22 0 19
24 16 16 22 17 23 15 25 19 0
