8
24
6 22 18 30 56 9 49 83 85 61 55 25 76 81 48 58 50 81 54 86 56 85 71 108
103 91 64 60 87 25 28 116 120 3 70 13 78 11 111 25 99 76 78 75 105 95 53 97
116 62 11 117 108 14 107 12 71 103 4 81 47 83 91 38 18 72 61 104 90 47 98 13
68 41 110 68 111 48 95 104 37 30 61 66 27 110 77 72 116 62 2 56 44 35 79 12
96 57 46 111 54 100 22 47 45 28 3 53 26 59 5 86 93 116 90 94 61 79 101 100
90 84 103 80 20 71 4 76 18 29 28 93 45 91 74 46 30 96 51 10 97 63 9 120
94 79 101 54 106 112 76 11 111 104 99 114 58 27 45 22 100 73 61 26 90 32 112 30
78 10 49 71 35 26 34 37 77 29 87 118 83 59 74 18 13 88 15 12 91 108 104 84
0 19 18 22 21 15 21 24 22 19
19 0 23 23 17 15 22 17 21 21
18 23 0 25 20 22 16 15 15 17
22 23 25 0 17 25 24 24 16 21
21 17 20 17 0 22 18 16 23 20
15 15 22 25 22 0 21 16 17 22
21 22 16 24 18 21 0 19 16 16
24 17 15 24 16 16 19 0 16 22
22 21 15 16 23 17 16 16 0 19
19 21 17 21 20 22 16 22 19 0
