9
24
11 36 21 23 16 39 38 28 25 40 35 5 25 16 33 38 1 27 21 15 3 13 8 31
28 10 14 1 40 37 38 20 18 4 34 17 29 19 32 29 35 7 8 17 18 25 25 10
3 39 16 19 37 6 40 24 26 36 23 33 36 23 40 29 16 34 34 30 10 40 10 2
11 17 24 18 23 20 25 11 6 39 39 37 7 19 31 28 2 17 18 23 18 24 3 15
15 35 29 21 35 13 17 33 26 6 12 22 30 32 7 36 7 20 29 19 31 23 1 34
40 15 13 17 15 24 13 22 6 33 3 15 33 20 6 33 28 27 9 36 4 29 40 33
16 5 4 10 36 8 10 32 26 19 19 27 4 31 16 1 23 10 6 19 9 33 22 9
20 25 30 23 10 38 7 33 1 38 40 29 22 20 10 36 36 34 25 13 38 2 38 6
11 24 8 14 6 13 20 34 30 37 36 35 35 33 1 14 27 8 22 27 16 35 34 4
0 25 22 23 18 15 16 21 23 18 18
25 0 15 20 23 25 20 25 24 19 15
22 15 0 15 15 18 22 18 20 22 18
23 20 15 0 25 22 19 20 17 22 19
18 23 15 25 0 16 21 16 23 22 24
15 25 18 22 16 0 17 24 18 22 22
16 20 22 19 21 17 0 21 19 20 24
21 25 18 20 16 24 21 0 18 22 21
23 24 20 17 23 18 19 18 0 17 15
18 19 22 22 22 22 20 22 17 0 21
18 15 18 19 24 22 24 21 15 21 0
