9
22
27 12 21 7 21 16 26 9 4 36 11 19 24 39 22 4 30 38 21 37 19 27
9 13 8 38 26 4 34 8 36 35 39 28 36 30 40 34 5 17 35 22 33 18
4 34 4 5 26 39 14 11 21 40 5 18 13 21 27 31 35 33 22 28 9 5
22 8 17 3 37 16 33 20 20 16 24 29 31 15 16 1 30 21 39 30 27 16
24 14 32 30 3 9 35 7 17 20 19 27 5 8 38 35 18 34 9 34 19 1
32 17 35 20 31 6 5 37 21 7 7 4 40 39 3 14 11 30 30 4 21 36
36 9 10 23 3 7 16 34 29 6 40 4 9 34 21 11 4 23 19 13 1 24
2 40 18 31 1 18 3 9 12 27 12 14 36 31 25 34 4 7 20 13 5 17
23 40 29 1 9 10 33 28 10 6 3 30 40 21 36 12 31 33 5 22 9 33
0 24 18 23 16 22 24 20 24 24 24
24 0 18 25 22 25 15 19 19 20 23
18 18 0 21 25 15 17 21 25 18 23
23 25 21 0 16 24 22 20 20 19 17
16 22 25 16 0 25 21 22 17 17 25
22 25 15 24 25 0 23 16 23 21 21
24 15 17 22 21 23 0 23 17 22 17
20 19 21 20 22 16 23 0 18 18 24
24 19 25 20 17 23 17 18 0 22 21
24 20 18 19 17 21 22 18 22 0 19
24 23 23 17 25 21 17 24 21 19 0
