9
24
24 69 61 49 61 9 41 16 8 51 52 53 52 47 70 59 6 40 13 77 61 2 74 43
54 48 78 58 38 63 69 17 31 15 12 18 41 24 18 65 54 37 13 42 41 23 60 46
27 77 19 5 47 5 34 19 31 41 63 28 55 65 41 40 44 13 34 59 5 20 6 80
61 70 75 55 55 73 38 52 29 56 56 3 41 54 75 23 67 42 62 58 45 73 75 77
58 80 17 46 80 16 12 66 23 74 4 74 42 21 74 15 52 29 7 15 80 39 26 28
46 12 73 30 52 18 79 65 7 10 38 35 21 8 36 31 64 53 27 19 43 19 55 32
37 70 80 32 23 11 65 58 18 17 37 39 29 25 29 66 50 22 19 39 16 49 61 47
32 78 61 1 36 6 43 73 56 35 28 45 5 30 78 12 11 66 50 43 56 49 14 50
26 62 40 6 51 15 64 80 6 51 48 69 77 25 20 68 54 18 20 53 32 33 52 29
0 17 17 15 17 25 24 18 16 18 23
17 0 18 19 19 15 20 19 25 23 16
17 18 0 23 19 23 17 16 16 16 16
15 19 23 0 16 18 24 25 24 22 23
17 19 19 16 0 21 15 22 22 19 24
25 15 23 18 21 0 18 20 15 17 25
24 20 17 24 15 18 0 22 15 17 18
18 19 16 25 22 20 22 0 16 24 16
16 25 16 24 22 15 15 16 0 15 21
18 23 16 22 19 17 17 24 15 0 17
23 16 16 23 24 25 18 16 21 17 0
