9
22
37 6 39 28 15 24 14 8 21 1 4 17 5 20 16 30 35 13 14 30 25 33
12 18 6 13 29 21 34 11 2 34 39 5 16 25 13 14 18 5 15 13 4 18
38 31 8 5 25 25 34 5 7 20 23 38 38 26 34 40 7 11 15 38 35 7
34 38 27 20 37 10 31 37 8 32 35 8 21 17 4 18 4 36 36 39 1 21
24 40 37 21 28 25 32 24 26 38 35 4 22 40 26 23 27 26 19 10 13 33
1 33 10 25 9 26 3 38 22 30 34 26 6 31 28 7 37 9 4 37 23 23
16 31 8 9 36 17 15 10 32 35 10 40 29 38 5 17 12 29 11 9 19 39
11 19 20 24 3 26 18 7 10 35 32 34 24 25 29 5 2 39 20 10 37 27
24 34 8 19 2 25 37 2 8 22 20 18 17 31 22 28 12 13 15 15 33 24
0 16 19 15 24 23 24 17 22 17 19
16 0 24 15 16 18 21 25 21 15 25
19 24 0 22 19 22 15 19 24 25 21
15 15 22 0 23 19 25 25 18 25 22
24 16 19 23 0 21 15 23 21 25 22
23 18 22 19 21 0 17 22 16 24 18
24 21 15 25 15 17 0 25 16 21 16
17 25 19 25 23 22 25 0 21 22 21
22 21 24 18 21 16 16 21 0 15 23
17 15 25 25 25 24 21 22 15 0 25
19 25 21 22 22 18 16 21 23 25 0
