9
14
72 116 139 87 137 146 90 106 117 24 37 91 76 160
71 9 83 125 60 49 146 20 100 10 91 141 105 121
47 145 66 104 142 64 7 47 104 89 58 109 118 94
59 40 71 29 98 39 66 156 58 150 21 7 1 122
138 144 90 140 35 76 105 87 58 8 39 58 100 24
54 71 63 114 122 1 137 159 75 90 27 141 103 22
149 13 145 84 104 58 43 119 32 54 113 52 26 131
126 32 89 37 18 68 1 10 136 94 101 13 113 42
96 72 158 63 138 42 11 41 4 31 86 35 16 38
0 24 18 24 19 17 25 15 17 25 22
24 0 23 18 21 15 20 19 17 22 18
18 23 0 25 24 15 22 23 21 21 15
24 18 25 0 20 20 21 23 23 22 16
19 21 24 20 0 23 19 19 19 15 25
17 15 15 20 23 0 15 16 18 25 18
25 20 22 21 19 15 0 24 25 23 23
15 19 23 23 19 16 24 0 15 23 23
17 17 21 23 19 18 25 15 0 17 23
25 22 21 22 15 25 23 23 17 0 16
22 18 15 16 25 18 23 23 23 16 0
