9
6
20 72 117 7 13 27
123 124 41 82 71 59
83 17 71 81 4 12
107 127 143 75 29 38
52 124 159 57 105 59
35 81 125 7 154 19
8 144 98 9 36 156
29 76 133 148 140 26
118 157 117 119 141 106
0 25 25 21 18 16 20 16 24 24 16
25 0 15 22 21 18 24 20 22 21 23
25 15 0 25 21 15 24 20 17 15 22
21 22 25 0 23 15 19 22 25 17 24
18 21 21 23 0 21 17 17 15 17 25
16 18 15 15 21 0 25 23 16 20 20
20 24 24 19 17 25 0 22 20 18 23
16 20 20 22 17 23 22 0 17 22 22
24 22 17 25 15 16 20 17 0 24 17
24 21 15 17 17 20 18 22 24 0 21
16 23 22 24 25 20 23 22 17 21 0
