9
8
39 39 32 14 19 17 13 32
36 14 34 19 31 4 30 31
13 32 25 25 18 9 2 30
3 10 2 5 33 32 32 33
40 17 21 1 5 37 33 27
27 11 23 29 35 30 10 32
3 26 5 23 35 8 35 31
31 10 10 27 29 20 19 2
22 35 37 6 26 30 22 14
0 18 23 19 16 25 24 24 15 25 22
18 0 24 24 16 20 15 20 25 24 21
23 24 0 23 16 15 17 24 21 24 19
19 24 23 0 20 15 19 17 18 15 18
16 16 16 20 0 15 22 20 25 19 18
25 20 15 15 15 0 17 16 24 20 16
24 15 17 19 22 17 0 21 20 20 15
24 20 24 17 20 16 21 0 17 24 16
15 25 21 18 25 24 20 17 0 17 24
25 24 24 15 19 20 20 24 17 0 25
22 21 19 18 18 16 15 16 24 25 0
