9
18
29 24 37 20 21 3 9 24 12 1 28 13 19 26 5 21 15 13
23 31 23 2 4 16 4 28 7 6 34 6 2 40 5 35 10 31
36 40 39 33 18 39 40 8 34 28 24 7 39 13 18 11 1 33
27 30 6 36 16 27 35 20 4 33 24 19 37 12 19 40 35 20
8 12 4 14 19 39 25 37 27 32 39 2 16 7 33 12 31 28
2 25 13 27 2 5 25 9 38 12 31 34 20 11 13 31 36 5
30 10 14 16 22 19 3 33 8 3 34 38 3 9 2 1 37 7
36 10 30 15 31 10 17 24 24 22 38 28 24 24 21 18 2 3
12 3 25 2 18 7 18 10 7 2 32 21 38 18 10 18 16 35
0 25 22 21 20 18 15 23 23 23 16
25 0 23 25 19 25 18 24 20 17 21
22 23 0 18 22 20 23 18 18 23 15
21 25 18 0 18 19 19 20 24 20 24
20 19 22 18 0 17 24 15 21 24 15
18 25 20 19 17 0 20 24 15 25 25
15 18 23 19 24 20 0 16 19 15 18
23 24 18 20 15 24 16 0 20 18 25
23 20 18 24 21 15 19 20 0 18 24
23 17 23 20 24 25 15 18 18 0 22
16 21 15 24 15 25 18 25 24 22 0
