9
12
21 1 25 15 29 8 4 34 25 3 3 39
20 10 32 38 19 40 7 33 27 28 13 19
29 5 23 38 25 23 26 11 37 29 26 40
29 10 13 13 28 23 25 30 28 38 40 16
37 8 34 34 7 12 3 37 20 6 26 3
5 22 33 37 1 18 25 4 20 19 39 14
22 29 5 26 12 18 10 3 37 40 27 30
33 38 26 34 30 39 28 11 9 20 40 23
3 33 5 13 19 1 2 8 9 35 24 28
0 18 24 18 18 17 25 24 20 25 16
18 0 20 25 17 24 23 19 20 18 20
24 20 0 16 16 23 20 17 20 16 23
18 25 16 0 21 18 17 15 20 19 18
18 17 16 21 0 25 25 15 17 16 21
17 24 23 18 25 0 16 19 19 23 21
25 23 20 17 25 16 0 19 24 19 19
24 19 17 15 15 19 19 0 19 23 18
20 20 20 20 17 19 24 19 0 20 20
25 18 16 19 16 23 19 23 20 0 18
16 20 23 18 21 21 19 18 20 18 0
