9
22
38 38 31 5 12 16 26 17 11 14 17 16 23 26 33 18 24 16 26 4 33 20
12 35 22 32 19 6 16 26 9 25 37 24 19 18 32 29 20 19 23 14 6 8
36 12 12 34 2 24 10 17 34 8 29 27 9 11 25 28 3 34 13 24 6 21
12 10 29 37 36 1 5 30 29 5 7 9 35 25 9 25 25 27 39 10 29 34
14 31 28 35 17 25 11 22 24 8 37 18 23 1 19 11 23 19 15 32 30 39
9 22 13 7 21 25 36 16 4 6 4 13 6 37 40 15 8 33 14 29 9 15
13 5 12 30 14 21 37 5 24 12 28 20 39 9 17 27 17 23 22 37 21 34
19 24 34 19 26 4 15 23 14 2 13 6 36 7 19 24 3 40 23 25 13 22
6 3 14 4 14 38 32 23 6 5 39 9 22 30 12 37 12 10 10 5 27 8
0 20 20 25 17 20 15 19 18 25 17
20 0 19 21 25 21 17 22 23 15 25
20 19 0 15 15 17 21 20 18 18 16
25 21 15 0 23 22 15 25 17 21 21
17 25 15 23 0 19 25 25 15 22 23
20 21 17 22 19 0 21 19 21 21 23
15 17 21 15 25 21 0 25 23 16 24
19 22 20 25 25 19 25 0 24 21 16
18 23 18 17 15 21 23 24 0 23 25
25 15 18 21 22 21 16 21 23 0 19
17 25 16 21 23 23 24 16 25 19 0
