9
8
56 31 35 115 66 89 50 90
59 22 90 5 58 75 52 22
22 113 104 37 88 116 68 99
36 117 64 61 39 108 116 75
65 67 14 18 99 116 101 40
113 45 104 37 102 30 7 6
86 3 20 104 48 52 7 75
119 41 64 15 117 80 67 72
41 16 97 36 11 13 65 12
0 25 16 19 15 23 24 25 21 16 15
25 0 20 18 23 17 16 20 21 15 18
16 20 0 23 24 17 24 17 17 21 19
19 18 23 0 18 21 23 18 21 18 23
15 23 24 18 0 21 16 20 21 24 23
23 17 17 21 21 0 16 15 15 25 17
24 16 24 23 16 16 0 15 24 23 24
25 20 17 18 20 15 15 0 23 24 24
21 21 17 21 21 15 24 23 0 24 17
16 15 21 18 24 25 23 24 24 0 22
15 18 19 23 23 17 24 24 17 22 0
