9
18
22 23 14 16 12 32 22 34 6 22 31 18 40 9 19 39 16 31
9 38 24 4 19 17 29 38 4 38 16 34 5 28 13 37 4 11
15 4 33 33 6 4 2 30 5 36 26 14 39 32 8 29 37 39
28 10 26 35 39 32 12 25 20 19 6 11 8 16 32 12 31 11
7 22 23 3 30 35 5 5 6 21 4 7 19 2 9 15 19 22
38 6 30 34 26 30 32 36 9 14 15 6 20 11 26 27 35 4
9 19 29 33 21 32 6 36 5 4 23 33 16 38 23 39 13 8
33 33 1 18 38 23 8 21 16 3 32 28 5 28 23 35 20 1
23 2 11 12 27 8 26 39 10 1 20 11 10 38 18 29 26 6
0 15 18 23 20 23 24 19 18 16 20
15 0 25 18 16 20 21 15 18 18 16
18 25 0 22 21 22 15 19 18 21 25
23 18 22 0 16 21 24 21 22 16 21
20 16 21 16 0 23 24 18 23 21 19
23 20 22 21 23 0 19 24 21 19 19
24 21 15 24 24 19 0 18 19 21 25
19 15 19 21 18 24 18 0 25 22 17
18 18 18 22 23 21 19 25 0 23 16
16 18 21 16 21 19 21 22 23 0 15
20 16 25 21 19 19 25 17 16 15 0
