9
24
63 36 15 16 43 66 15 44 68 75 25 39 27 29 15 42 3 44 73 33 6 39 75 4
63 77 25 41 21 1 56 15 65 30 77 40 25 58 33 7 47 48 79 57 41 71 13 60
6 23 56 9 56 71 12 21 44 55 41 30 63 77 17 37 7 68 17 24 48 40 74 53
78 10 46 29 79 79 51 20 20 60 65 38 62 15 56 1 6 56 77 32 37 40 1 52
13 19 31 42 54 10 8 40 18 1 72 46 55 58 12 57 47 52 53 30 49 4 63 54
19 54 34 17 12 3 75 71 21 8 8 5 3 38 25 70 36 31 3 5 80 63 44 26
39 30 8 34 38 31 11 21 22 31 74 8 45 40 11 54 42 46 7 42 76 50 36 48
13 71 12 19 10 14 17 56 76 9 20 21 78 20 64 4 77 58 58 8 48 69 66 11
35 38 67 33 44 19 13 54 47 57 28 12 29 32 78 57 21 15 55 47 2 65 61 68
0 16 18 18 16 25 23 15 25 22 25
16 0 20 21 21 15 19 19 23 24 17
18 20 0 25 16 19 22 16 22 24 20
18 21 25 0 21 17 20 18 18 21 17
16 21 16 21 0 17 22 18 22 20 17
25 15 19 17 17 0 18 20 17 18 23
23 19 22 20 22 18 0 18 17 21 19
15 19 16 18 18 20 18 0 21 21 16
25 23 22 18 22 17 17 21 0 19 15
22 24 24 21 20 18 21 21 19 0 21
25 17 20 17 17 23 19 16 15 21 0
