9
26
62 9 40 20 38 44 82 19 22 80 96 6 51 115 35 18 54 15 21 89 15 15 84 113 2 17
88 20 22 68 97 55 98 62 24 48 98 10 73 1 1 57 21 66 3 78 38 100 113 118 1 23
116 78 90 91 54 40 30 41 68 15 36 93 37 109 59 34 52 14 53 104 81 21 105 28 42 98
48 21 96 93 28 38 116 65 75 23 77 5 113 117 37 50 25 41 115 94 42 21 38 58 28 108
120 32 66 3 104 27 51 88 116 112 85 55 47 94 117 44 33 6 53 109 7 110 4 115 24 35
34 49 24 110 96 41 118 13 118 73 10 98 81 83 28 84 101 79 76 94 117 17 43 40 20 51
118 64 42 102 103 79 66 20 37 20 50 16 8 43 8 80 60 118 9 38 101 55 35 84 82 5
108 38 75 57 7 115 86 70 4 26 66 46 69 86 21 105 10 89 112 59 83 29 15 86 85 63
40 83 23 115 91 45 22 43 84 37 93 8 2 72 17 1 27 99 101 37 25 28 95 4 11 78
0 22 15 20 21 25 25 25 25 19 18
22 0 20 20 15 25 15 25 18 24 18
15 20 0 17 15 16 16 25 22 23 18
20 20 17 0 16 18 17 25 22 15 16
21 15 15 16 0 20 19 22 18 19 17
25 25 16 18 20 0 24 25 22 20 16
25 15 16 17 19 24 0 16 24 21 18
25 25 25 25 22 25 16 0 21 18 21
25 18 22 22 18 22 24 21 0 16 21
19 24 23 15 19 20 21 18 16 0 24
18 18 18 16 17 16 18 21 21 24 0
