9
8
34 24 38 2 28 37 33 30
20 11 33 40 8 3 1 17
24 31 7 35 16 17 7 19
29 30 17 24 8 6 28 5
17 26 31 9 13 6 40 9
38 1 21 40 7 19 35 7
7 29 2 11 20 13 15 20
30 7 16 11 25 25 29 28
11 1 33 8 25 12 28 25
0 24 17 23 18 20 25 25 18 16 18
24 0 19 23 25 24 25 16 16 22 22
17 19 0 21 17 15 17 19 25 24 16
23 23 21 0 25 21 24 22 18 23 21
18 25 17 25 0 25 23 16 20 21 18
20 24 15 21 25 0 22 22 24 21 24
25 25 17 24 23 22 0 25 21 25 24
25 16 19 22 16 22 25 0 24 25 19
18 16 25 18 20 24 21 24 0 24 23
16 22 24 23 21 21 25 25 24 0 21
18 22 16 21 18 24 24 19 23 21 0
