9
6
7 9 25 3 28 28
37 24 3 18 21 3
18 28 6 10 8 29
34 26 18 30 8 1
3 27 24 33 4 36
27 4 4 25 18 10
39 3 31 34 20 18
32 19 40 8 7 28
30 25 28 11 6 32
0 16 22 17 22 15 18 21 24 18 23
16 0 18 16 19 21 19 21 22 25 18
22 18 0 20 19 18 19 23 16 21 21
17 16 20 0 16 23 23 21 22 17 23
22 19 19 16 0 17 18 16 21 17 24
15 21 18 23 17 0 22 19 19 20 23
18 19 19 23 18 22 0 20 24 20 24
21 21 23 21 16 19 20 0 17 20 17
24 22 16 22 21 19 24 17 0 22 19
18 25 21 17 17 20 20 20 22 0 16
23 18 21 23 24 23 24 17 19 16 0
