9
16
136 145 19 35 73 155 16 91 90 65 126 134 38 125 51 113
32 102 152 48 66 43 102 29 148 1 69 20 58 82 133 42
82 57 132 101 35 129 35 85 127 150 116 1 123 48 76 142
90 31 130 135 34 145 92 34 128 28 39 139 124 159 21 136
12 66 154 76 88 36 61 41 104 114 16 63 46 116 98 62
39 21 62 95 59 108 136 128 120 100 14 23 120 12 11 139
137 90 1 140 39 153 45 77 8 38 143 139 146 96 146 81
143 156 41 133 110 55 113 26 113 62 51 94 72 154 84 15
154 66 17 92 13 137 29 69 118 82 115 44 84 109 128 27
0 21 23 21 25 17 17 17 25 15 23
21 0 21 23 21 23 17 24 16 23 22
23 21 0 20 23 21 24 19 16 15 21
21 23 20 0 19 23 25 21 20 20 25
25 21 23 19 0 21 23 25 19 25 16
17 23 21 23 21 0 19 21 15 16 16
17 17 24 25 23 19 0 24 19 21 17
17 24 19 21 25 21 24 0 22 21 19
25 16 16 20 19 15 19 22 0 16 16
15 23 15 20 25 16 21 21 16 0 23
23 22 21 25 16 16 17 19 16 23 0
