9
10
156 65 159 85 137 134 21 85 125 68
143 5 67 20 120 13 79 41 63 123
80 82 15 11 32 89 36 138 52 123
22 41 68 149 69 146 26 30 29 91
150 20 34 113 157 110 110 117 62 91
29 151 21 44 59 9 16 148 139 77
67 124 145 99 84 94 109 81 43 43
110 83 95 126 141 8 92 63 83 153
41 107 46 90 152 154 38 124 39 129
0 25 25 16 22 21 21 20 23 21 15
25 0 22 25 20 24 23 18 17 22 20
25 22 0 22 23 18 15 19 21 22 16
16 25 22 0 15 21 23 16 24 25 16
22 20 23 15 0 20 15 18 15 22 22
21 24 18 21 20 0 21 20 22 25 15
21 23 15 23 15 21 0 23 16 20 22
20 18 19 16 18 20 23 0 18 17 23
23 17 21 24 15 22 16 18 0 24 17
21 22 22 25 22 25 20 17 24 0 22
15 20 16 16 22 15 22 23 17 22 0
