9
22
76 25 24 43 80 3 21 14 55 59 70 39 32 52 30 4 12 29 1 25 51 19
7 23 23 71 35 43 80 80 74 25 72 6 65 54 24 45 43 37 2 43 70 16
68 18 67 50 22 27 77 69 80 27 25 37 2 2 19 10 2 47 37 32 39 6
77 13 66 54 53 58 48 64 21 50 45 33 59 19 21 19 47 19 33 64 59 65
31 43 25 14 32 80 16 40 23 20 66 80 54 71 60 9 39 33 55 38 34 45
64 5 22 64 80 48 24 52 59 18 53 48 12 31 34 34 57 52 41 8 37 47
23 9 13 38 65 10 44 11 72 77 27 9 29 58 7 73 30 58 3 10 65 14
38 41 66 38 37 66 1 51 39 65 26 41 12 43 59 4 15 76 25 43 80 80
23 80 74 78 30 80 26 56 47 28 13 23 47 35 61 3 9 48 31 68 72 35
0 20 15 21 23 17 17 16 17 25 19
20 0 23 16 18 17 16 20 24 18 17
15 23 0 15 15 18 16 16 25 18 18
21 16 15 0 23 20 20 18 20 25 24
23 18 15 23 0 23 19 18 18 24 21
17 17 18 20 23 0 17 24 20 22 21
17 16 16 20 19 17 0 20 16 21 23
16 20 16 18 18 24 20 0 17 18 17
17 24 25 20 18 20 16 17 0 20 21
25 18 18 25 24 22 21 18 20 0 15
19 17 18 24 21 21 23 17 21 15 0
