9
20
64 33 58 39 72 62 31 17 72 20 13 50 32 65 24 9 66 39 50 6
6 12 38 12 45 38 7 3 74 77 53 5 29 42 50 75 4 61 53 39
38 4 74 63 23 6 41 19 48 3 27 9 43 77 10 9 6 66 10 47
70 78 50 7 35 79 80 28 49 75 75 1 46 13 34 24 37 72 69 46
53 34 69 76 59 12 4 39 12 22 14 64 36 6 4 6 12 66 36 43
33 63 53 17 23 61 9 9 5 28 71 10 64 15 5 73 7 68 66 28
46 11 24 18 63 78 15 25 64 51 34 33 6 37 52 14 1 79 74 27
22 35 23 58 72 57 19 6 50 4 10 54 43 48 44 65 30 66 29 30
1 51 2 77 53 2 18 62 40 66 15 35 15 30 44 46 3 68 29 18
0 16 20 25 18 21 21 19 15 22 20
16 0 25 24 15 18 25 20 24 15 15
20 25 0 22 21 24 21 24 22 23 22
25 24 22 0 22 16 20 17 16 25 19
18 15 21 22 0 21 23 23 16 22 22
21 18 24 16 21 0 19 15 24 25 17
21 25 21 20 23 19 0 23 22 24 20
19 20 24 17 23 15 23 0 25 24 24
15 24 22 16 16 24 22 25 0 18 17
22 15 23 25 22 25 24 24 18 0 21
20 15 22 19 22 17 20 24 17 21 0
