9
10
1 15 76 48 44 56 7 68 11 56
78 78 21 58 4 35 49 66 12 29
38 65 75 25 62 26 70 8 71 34
77 52 4 58 47 71 44 12 47 73
44 29 41 4 52 28 28 7 12 79
56 21 44 20 48 74 75 64 76 75
60 10 69 49 77 23 22 62 55 22
41 20 68 67 63 72 52 62 70 62
6 38 43 33 14 72 58 37 55 38
0 19 17 22 19 20 20 16 24 18 23
19 0 18 23 18 16 25 23 15 24 25
17 18 0 24 16 18 25 16 17 16 20
22 23 24 0 15 15 21 24 17 21 17
19 18 16 15 0 25 17 15 22 25 22
20 16 18 15 25 0 21 15 23 21 22
20 25 25 21 17 21 0 15 19 18 22
16 23 16 24 15 15 15 0 15 18 20
24 15 17 17 22 23 19 15 0 18 25
18 24 16 21 25 21 18 18 18 0 16
23 25 20 17 22 22 22 20 25 16 0
