9
14
72 110 65 97 70 36 101 30 66 117 102 95 120 113
84 100 96 81 116 24 100 1 84 62 83 91 44 67
114 9 12 54 3 94 17 118 98 44 82 116 71 8
65 83 56 14 103 116 4 91 64 11 96 74 72 16
76 96 8 30 33 95 6 61 98 69 70 97 70 118
15 16 45 100 63 62 86 68 35 6 81 54 99 78
3 107 65 21 36 111 72 5 61 103 54 116 66 86
21 99 116 101 41 76 95 24 23 58 25 4 78 98
44 21 20 62 56 24 118 46 113 65 12 28 41 12
0 24 24 19 19 25 16 17 24 17 23
24 0 15 17 24 22 21 21 17 22 17
24 15 0 15 17 19 19 17 20 23 19
19 17 15 0 21 15 18 24 25 19 17
19 24 17 21 0 17 18 24 22 16 23
25 22 19 15 17 0 24 23 15 17 25
16 21 19 18 18 24 0 17 23 16 16
17 21 17 24 24 23 17 0 15 22 23
24 17 20 25 22 15 23 15 0 22 23
17 22 23 19 16 17 16 22 22 0 18
23 17 19 17 23 25 16 23 23 18 0
