9
14
62 71 13 22 39 61 70 22 42 48 61 56 39 39
58 61 43 8 61 39 31 34 60 53 18 6 37 68
15 47 65 53 37 33 20 5 56 41 75 67 66 68
60 72 15 79 76 66 1 39 72 21 73 18 60 72
47 67 11 79 53 13 43 22 41 70 27 15 44 60
32 22 13 8 16 71 54 47 4 44 72 14 10 39
68 28 60 74 50 62 20 53 80 45 62 69 63 67
43 68 67 20 52 35 73 69 70 69 66 15 61 61
74 40 41 10 18 6 79 21 26 26 31 43 75 55
0 24 25 21 22 19 15 16 21 15 17
24 0 15 15 22 23 25 25 15 23 15
25 15 0 19 16 19 23 16 17 18 25
21 15 19 0 18 22 23 23 18 16 19
22 22 16 18 0 15 24 18 24 18 15
19 23 19 22 15 0 25 23 23 23 18
15 25 23 23 24 25 0 19 16 15 24
16 25 16 23 18 23 19 0 18 20 20
21 15 17 18 24 23 16 18 0 18 17
15 23 18 16 18 23 15 20 18 0 25
17 15 25 19 15 18 24 20 17 25 0
