9
20
76 38 39 13 36 57 2 39 2 71 13 18 20 46 52 51 66 16 8 43
71 9 47 53 19 38 52 54 58 41 76 42 65 30 63 38 38 66 30 65
33 51 6 29 31 42 52 17 71 63 67 78 42 11 2 38 35 28 66 44
35 74 24 64 40 23 26 15 76 4 6 45 36 49 2 21 59 73 51 59
27 16 32 64 2 52 11 25 57 32 58 70 10 54 38 70 74 59 1 58
13 77 15 77 79 38 46 41 72 47 59 77 27 40 67 62 24 8 58 6
26 13 27 14 1 19 79 23 62 43 3 33 4 62 3 14 44 49 77 14
4 47 57 11 36 68 57 61 26 72 68 22 47 33 19 27 26 29 27 49
65 39 79 40 57 24 68 41 14 67 73 42 29 8 59 47 26 41 76 73
0 16 16 16 18 17 16 18 15 25 18
16 0 24 24 17 16 19 18 19 15 25
16 24 0 25 23 16 25 18 22 22 16
16 24 25 0 21 23 19 18 21 16 23
18 17 23 21 0 25 16 21 17 23 19
17 16 16 23 25 0 16 24 18 23 15
16 19 25 19 16 16 0 22 21 23 15
18 18 18 18 21 24 22 0 25 16 17
15 19 22 21 17 18 21 25 0 22 17
25 15 22 16 23 23 23 16 22 0 17
18 25 16 23 19 15 15 17 17 17 0
