9
16
30 70 68 42 78 16 6 14 48 2 25 55 45 40 12 30
15 60 43 56 60 70 38 52 61 19 44 78 67 27 55 20
39 12 7 9 60 42 28 61 17 40 67 64 32 80 14 69
18 40 70 12 34 58 43 2 38 10 7 47 12 74 33 4
39 75 69 18 40 75 66 54 41 47 34 44 57 68 48 22
29 3 25 69 75 80 26 70 33 63 73 29 28 21 9 31
19 70 43 54 59 45 48 46 43 63 44 60 22 17 42 34
45 54 37 18 39 64 19 13 28 27 79 71 58 71 38 15
69 22 37 14 55 45 32 51 47 74 45 30 11 30 27 66
0 17 20 23 17 18 19 25 24 24 20
17 0 17 21 17 24 25 22 24 17 22
20 17 0 18 21 19 20 16 23 17 21
23 21 18 0 20 17 21 21 21 24 15
17 17 21 20 0 20 23 21 19 19 17
18 24 19 17 20 0 21 20 25 22 23
19 25 20 21 23 21 0 23 22 19 24
25 22 16 21 21 20 23 0 16 15 16
24 24 23 21 19 25 22 16 0 25 15
24 17 17 24 19 22 19 15 25 0 15
20 22 21 15 17 23 24 16 15 15 0
