9
12
115 47 76 30 5 91 99 115 100 71 28 39
87 29 113 10 8 107 63 67 1 75 76 119
42 97 10 2 25 5 120 50 10 57 1 64
88 3 26 62 6 40 21 61 58 102 52 91
53 101 102 1 93 12 98 73 48 22 9 37
112 117 111 11 38 109 89 8 63 116 60 21
75 116 86 52 40 12 58 62 9 38 3 71
23 67 88 45 96 119 4 16 38 107 4 109
16 73 32 90 88 8 50 112 101 99 25 114
0 15 20 24 17 18 19 16 24 20 25
15 0 19 24 17 15 24 24 18 20 22
20 19 0 24 21 25 18 22 16 15 22
24 24 24 0 20 15 21 18 25 20 15
17 17 21 20 0 25 24 22 18 18 18
18 15 25 15 25 0 21 16 15 18 23
19 24 18 21 24 21 0 21 18 18 18
16 24 22 18 22 16 21 0 24 22 18
24 18 16 25 18 15 18 24 0 21 22
20 20 15 20 18 18 18 22 21 0 24
25 22 22 15 18 23 18 18 22 24 0
