9
10
11 9 24 78 77 23 28 77 63 9
37 28 49 68 29 39 48 76 79 65
14 22 44 16 10 9 10 1 40 59
11 50 36 50 37 39 11 46 34 8
51 28 56 70 33 54 9 72 58 14
60 4 4 22 71 68 21 57 51 31
74 28 68 14 67 28 53 33 10 47
59 51 35 69 30 60 26 71 34 32
30 18 68 53 56 49 49 79 76 11
0 22 24 15 19 25 25 18 23 20 19
22 0 24 18 25 17 20 15 18 24 21
24 24 0 25 18 21 18 23 18 25 21
15 18 25 0 24 20 15 19 22 22 18
19 25 18 24 0 21 15 18 17 23 20
25 17 21 20 21 0 25 25 22 24 15
25 20 18 15 15 25 0 15 17 24 25
18 15 23 19 18 25 15 0 17 18 22
23 18 18 22 17 22 17 17 0 15 24
20 24 25 22 23 24 24 18 15 0 25
19 21 21 18 20 15 25 22 24 25 0
