9
26
129 40 61 89 135 136 114 127 19 14 1 27 31 85 80 84 90 34 123 38 91 3 18 149 119 42
10 133 6 140 12 112 19 156 143 95 39 128 38 138 5 57 150 154 131 77 45 124 119 135 123 29
13 86 48 144 31 83 110 112 120 89 157 13 60 17 51 114 108 10 47 136 128 113 22 45 58 51
147 152 145 81 41 80 32 88 99 112 96 87 43 135 29 144 57 72 118 35 150 14 119 37 36 119
46 145 3 29 28 128 12 122 21 22 79 113 53 157 59 130 77 57 66 26 79 79 93 47 82 61
109 74 2 50 38 108 127 49 148 11 101 134 118 15 31 23 11 131 121 75 75 19 76 119 132 146
157 53 22 25 63 27 41 138 100 101 62 103 143 12 104 124 59 64 151 53 148 19 13 42 66 62
152 25 140 56 103 70 142 114 116 137 145 23 10 81 44 147 150 26 142 78 87 45 109 101 70 72
39 55 117 42 94 8 47 90 120 141 75 67 63 73 149 139 157 62 128 63 132 115 11 119 91 53
0 16 18 16 17 22 16 18 23 21 16
16 0 19 19 24 16 17 17 15 21 23
18 19 0 15 15 25 22 21 18 21 20
16 19 15 0 16 22 17 22 17 21 16
17 24 15 16 0 18 24 20 21 18 22
22 16 25 22 18 0 25 15 22 24 23
16 17 22 17 24 25 0 24 25 25 22
18 17 21 22 20 15 24 0 17 25 15
23 15 18 17 21 22 25 17 0 24 17
21 21 21 21 18 24 25 25 24 0 19
16 23 20 16 22 23 22 15 17 19 0
