9
24
59 61 14 84 57 16 42 19 37 19 51 83 76 72 43 68 57 38 110 6 75 21 117 34
86 47 59 76 80 73 6 92 70 69 80 88 46 117 118 67 65 21 56 119 3 86 48 23
60 54 54 31 37 44 50 62 24 15 90 14 15 113 44 113 21 98 48 103 45 42 52 55
13 38 2 119 74 23 69 15 30 32 50 119 40 49 12 102 119 60 116 75 86 7 79 104
85 28 95 113 37 35 17 27 56 115 108 6 87 75 18 59 90 48 90 73 120 43 93 95
102 54 6 53 45 24 52 1 29 91 81 28 100 72 35 120 100 93 35 13 33 83 52 79
68 28 86 45 90 98 8 55 79 26 95 73 70 14 4 18 60 7 24 35 97 106 20 107
7 101 65 89 28 71 97 31 80 15 2 100 95 67 35 69 63 6 40 108 8 69 53 119
4 58 38 55 23 47 69 74 120 14 49 88 17 83 78 16 103 23 115 57 9 81 81 43
0 19 19 22 22 19 17 16 21 19 21
19 0 16 25 21 24 21 20 15 15 16
19 16 0 21 16 23 20 15 15 21 16
22 25 21 0 22 17 20 21 15 22 24
22 21 16 22 0 16 23 21 23 19 18
19 24 23 17 16 0 19 15 15 24 19
17 21 20 20 23 19 0 16 19 21 19
16 20 15 21 21 15 16 0 25 17 21
21 15 15 15 23 15 19 25 0 24 17
19 15 21 22 19 24 21 17 24 0 21
21 16 16 24 18 19 19 21 17 21 0
