9
8
131 102 52 90 64 123 160 96
79 123 23 117 104 53 49 58
52 148 21 90 6 95 11 105
116 64 136 91 139 8 20 87
96 31 55 38 13 126 65 37
51 97 15 61 144 50 158 43
2 90 109 33 80 148 39 109
75 143 151 114 11 133 42 123
85 132 22 67 11 21 82 4
0 19 22 15 22 22 25 20 20 21 15
19 0 20 18 19 20 18 18 19 17 18
22 20 0 25 19 24 15 24 22 22 22
15 18 25 0 17 23 17 25 23 19 23
22 19 19 17 0 22 25 22 16 19 25
22 20 24 23 22 0 22 18 24 20 17
25 18 15 17 25 22 0 24 25 19 21
20 18 24 25 22 18 24 0 18 22 25
20 19 22 23 16 24 25 18 0 23 19
21 17 22 19 19 20 19 22 23 0 19
15 18 22 23 25 17 21 25 19 19 0
