9
20
83 79 34 13 50 92 43 86 13 98 64 17 89 8 80 102 13 42 107 61
51 75 67 92 17 35 77 7 97 37 4 100 84 15 113 71 39 107 11 49
110 59 94 16 43 34 9 41 15 18 74 51 105 48 106 33 44 69 11 66
102 82 45 5 41 120 113 14 102 116 115 35 41 81 29 71 98 103 41 49
116 1 7 110 95 79 35 101 116 70 49 12 8 40 34 85 24 2 15 56
46 25 107 51 77 43 33 88 25 60 23 92 66 93 86 113 79 29 96 109
40 49 9 89 48 63 68 64 62 72 28 9 105 82 100 12 4 112 88 16
46 96 104 98 35 96 110 25 109 36 82 81 95 17 86 58 12 8 98 114
16 97 102 112 88 104 98 17 24 4 9 92 99 60 95 21 49 91 110 63
0 16 15 18 18 23 19 15 16 18 25
16 0 22 23 21 17 16 16 15 21 22
15 22 0 24 16 24 24 20 19 19 20
18 23 24 0 23 17 22 22 15 15 17
18 21 16 23 0 17 20 18 16 21 18
23 17 24 17 17 0 25 22 22 20 18
19 16 24 22 20 25 0 25 19 16 15
15 16 20 22 18 22 25 0 24 20 23
16 15 19 15 16 22 19 24 0 15 24
18 21 19 15 21 20 16 20 15 0 21
25 22 20 17 18 18 15 23 24 21 0
