9
18
50 19 28 60 30 13 78 16 26 75 48 45 57 23 51 11 10 26
35 4 20 66 1 10 80 67 30 23 40 19 35 1 74 2 56 68
36 52 23 31 3 23 5 69 80 53 25 52 26 12 1 53 61 23
39 62 25 45 32 27 7 77 47 67 60 59 29 72 72 64 68 56
5 26 42 15 39 48 22 18 16 51 8 71 15 67 74 57 10 37
78 62 33 29 43 47 8 39 1 66 68 41 53 43 38 7 9 43
26 8 68 58 58 19 52 66 28 18 68 77 17 55 15 26 17 14
49 40 42 17 54 20 49 77 51 1 40 73 75 50 27 79 36 59
20 31 63 45 62 4 8 66 38 4 46 7 73 64 45 67 66 68
0 21 16 15 25 21 19 16 24 16 25
21 0 25 16 21 17 24 21 22 25 20
16 25 0 21 19 23 21 22 25 25 23
15 16 21 0 23 24 21 22 25 23 18
25 21 19 23 0 15 15 18 24 18 20
21 17 23 24 15 0 19 18 20 18 18
19 24 21 21 15 19 0 15 17 24 22
16 21 22 22 18 18 15 0 19 22 25
24 22 25 25 24 20 17 19 0 19 25
16 25 25 23 18 18 24 22 19 0 18
25 20 23 18 20 18 22 25 25 18 0
