9
8
73 65 67 31 44 51 48 45
77 11 42 40 40 69 21 73
13 62 43 64 35 50 63 70
47 65 46 51 17 61 46 33
62 46 77 48 70 8 21 15
13 63 25 40 75 39 10 65
72 68 8 33 11 42 30 55
8 28 26 43 7 21 5 78
38 71 22 75 34 11 26 76
0 19 25 15 18 20 21 17 24 21 17
19 0 25 15 24 24 16 16 18 18 24
25 25 0 19 20 20 19 25 19 23 22
15 15 19 0 19 19 15 19 19 15 17
18 24 20 19 0 21 25 25 19 17 19
20 24 20 19 21 0 18 25 17 23 24
21 16 19 15 25 18 0 19 22 24 23
17 16 25 19 25 25 19 0 21 18 15
24 18 19 19 19 17 22 21 0 16 16
21 18 23 15 17 23 24 18 16 0 16
17 24 22 17 19 24 23 15 16 16 0
