9
8
36 96 120 85 42 153 133 150
145 86 93 105 132 20 118 53
7 127 157 77 2 87 154 102
9 18 154 50 55 95 66 70
132 29 18 133 91 146 20 122
89 138 64 89 20 54 47 75
22 26 139 10 86 43 70 117
10 59 111 119 91 63 68 124
126 105 35 82 106 35 130 143
0 25 20 23 16 24 15 17 16 22 20
25 0 16 17 25 16 25 18 22 24 16
20 16 0 23 23 23 16 20 22 22 15
23 17 23 0 16 17 21 23 22 22 25
16 25 23 16 0 18 22 25 23 23 18
24 16 23 17 18 0 19 21 24 25 15
15 25 16 21 22 19 0 20 15 21 22
17 18 20 23 25 21 20 0 25 21 23
16 22 22 22 23 24 15 25 0 19 20
22 24 22 22 23 25 21 21 19 0 18
20 16 15 25 18 15 22 23 20 18 0
