9
24
29 3 11 32 28 37 11 18 32 30 24 18 34 7 22 15 27 34 28 30 10 22 24 29
5 34 6 28 27 35 23 30 34 7 26 5 28 32 7 4 35 5 12 12 36 21 29 38
27 11 14 20 10 26 28 4 13 2 31 29 32 7 5 38 37 8 26 12 34 7 32 34
38 7 24 10 31 10 1 4 27 9 22 8 36 15 3 18 14 17 5 17 20 6 1 2
28 39 15 10 21 12 11 16 2 24 38 17 34 16 23 33 1 10 20 17 12 11 32 40
17 12 35 18 21 12 20 25 8 25 11 2 20 16 26 38 6 23 32 39 23 31 24 15
35 3 23 28 25 39 17 11 10 14 35 2 29 19 20 6 4 1 39 19 16 35 20 8
22 3 21 6 3 27 34 16 29 7 31 22 5 10 14 10 39 11 7 29 8 31 9 11
24 15 36 2 4 30 9 16 3 22 13 26 14 15 13 23 25 11 37 31 3 9 8 15
0 25 15 24 17 15 20 20 21 22 25
25 0 19 23 25 18 22 24 17 20 24
15 19 0 25 21 20 22 25 16 19 22
24 23 25 0 20 16 24 16 24 25 15
17 25 21 20 0 25 23 25 25 22 15
15 18 20 16 25 0 21 18 23 20 18
20 22 22 24 23 21 0 18 23 24 16
20 24 25 16 25 18 18 0 23 16 19
21 17 16 24 25 23 23 23 0 15 24
22 20 19 25 22 20 24 16 15 0 20
25 24 22 15 15 18 16 19 24 20 0
