9
10
57 104 108 16 90 154 139 66 22 66
48 49 18 32 96 126 121 136 49 78
4 92 57 149 136 15 124 46 31 125
75 102 115 140 115 69 62 27 96 65
118 85 66 27 11 47 118 48 115 99
6 46 71 49 58 72 14 47 15 128
71 21 160 4 119 65 53 48 66 117
114 134 121 13 153 12 80 127 95 65
153 72 11 156 105 64 133 85 113 69
0 19 23 23 18 20 17 22 24 21 19
19 0 18 24 15 16 16 22 24 22 19
23 18 0 20 25 23 24 24 23 24 17
23 24 20 0 21 19 23 25 20 23 20
18 15 25 21 0 15 19 17 16 23 16
20 16 23 19 15 0 16 25 24 19 17
17 16 24 23 19 16 0 18 15 21 21
22 22 24 25 17 25 18 0 23 19 25
24 24 23 20 16 24 15 23 0 18 23
21 22 24 23 23 19 21 19 18 0 25
19 19 17 20 16 17 21 25 23 25 0
