9
26
42 1 49 24 34 2 79 51 23 16 59 17 41 58 43 4 20 24 65 11 46 27 62 44 15 71
1 46 79 25 21 74 54 32 66 9 43 7 72 67 9 34 39 19 18 58 78 17 45 47 79 72
29 22 47 31 70 22 33 23 10 58 31 6 36 45 1 49 49 46 63 30 14 27 50 64 20 48
1 56 33 19 39 25 64 17 41 47 50 16 11 69 10 59 2 50 16 18 6 45 78 1 61 19
13 26 60 66 24 12 32 13 64 42 37 10 21 31 60 72 35 29 16 38 16 8 19 18 80 27
38 53 36 43 46 26 20 31 21 72 25 51 73 43 22 19 80 28 62 51 17 65 52 73 65 68
57 46 34 25 10 54 37 37 1 61 49 46 37 14 42 77 39 42 75 66 70 48 5 26 59 11
5 33 7 52 25 76 79 26 80 33 66 36 59 42 74 44 12 24 26 62 17 31 57 77 27 44
46 27 44 58 17 55 54 27 20 67 4 4 54 60 32 15 76 71 50 24 11 71 57 46 58 56
0 25 15 17 24 21 24 16 24 22 22
25 0 15 17 15 19 23 21 15 22 15
15 15 0 22 17 16 22 21 23 16 16
17 17 22 0 18 18 18 19 16 20 21
24 15 17 18 0 22 24 25 20 18 16
21 19 16 18 22 0 24 24 21 17 18
24 23 22 18 24 24 0 21 25 16 18
16 21 21 19 25 24 21 0 19 16 22
24 15 23 16 20 21 25 19 0 15 23
22 22 16 20 18 17 16 16 15 0 21
22 15 16 21 16 18 18 22 23 21 0
