9
8
94 27 87 23 56 21 112 1
96 109 62 46 20 94 8 119
4 102 53 95 108 78 62 38
5 27 43 43 28 77 39 15
61 45 62 105 108 70 31 53
120 56 25 23 22 100 61 112
103 53 70 35 29 78 20 33
68 95 48 1 2 6 11 118
115 7 6 78 69 7 117 2
0 25 23 17 20 25 19 15 24 17 20
25 0 15 16 18 18 19 18 24 23 22
23 15 0 25 25 23 21 22 15 20 22
17 16 25 0 20 18 22 17 21 20 25
20 18 25 20 0 19 21 15 23 16 19
25 18 23 18 19 0 24 15 21 23 20
19 19 21 22 21 24 0 24 25 22 23
15 18 22 17 15 15 24 0 21 15 22
24 24 15 21 23 21 25 21 0 23 23
17 23 20 20 16 23 22 15 23 0 18
20 22 22 25 19 20 23 22 23 18 0
