9
20
28 26 76 32 28 70 72 75 59 52 34 9 21 52 39 31 4 74 66 70
1 48 16 61 10 57 34 79 23 61 12 67 44 50 35 80 42 14 30 74
70 58 38 73 3 47 23 46 66 25 62 73 28 16 12 35 74 33 33 28
9 72 30 58 13 43 33 80 55 45 22 25 79 60 50 69 61 33 31 32
63 41 10 40 9 2 39 42 57 74 47 43 32 37 41 33 63 72 30 46
59 26 13 40 65 11 9 32 34 69 56 20 55 27 37 74 48 10 50 54
47 52 70 58 13 80 3 72 69 18 11 38 53 78 7 22 67 59 57 68
22 23 79 77 66 12 68 21 28 5 18 68 51 72 77 15 61 80 73 29
33 7 50 72 51 15 50 25 21 58 32 36 4 47 63 70 21 36 62 18
0 18 24 21 24 21 16 19 22 21 22
18 0 15 21 23 25 16 24 20 24 24
24 15 0 18 17 23 25 16 23 16 18
21 21 18 0 23 22 21 16 23 25 22
24 23 17 23 0 15 20 17 22 15 18
21 25 23 22 15 0 17 18 18 24 25
16 16 25 21 20 17 0 25 15 20 21
19 24 16 16 17 18 25 0 19 17 21
22 20 23 23 22 18 15 19 0 21 24
21 24 16 25 15 24 20 17 21 0 15
22 24 18 22 18 25 21 21 24 15 0
