9
20
53 74 14 10 45 58 52 20 48 73 8 72 41 15 69 34 33 26 67 53
19 27 74 57 34 26 60 59 69 48 3 70 69 66 39 29 30 48 68 26
75 20 73 6 44 27 7 77 34 17 15 32 28 41 35 68 23 32 34 9
65 50 6 30 48 4 25 79 69 21 80 38 7 48 10 23 66 54 55 68
51 73 39 44 37 21 15 68 76 51 39 77 29 61 76 59 54 52 33 68
33 20 2 17 30 61 73 68 25 41 40 47 31 62 1 46 59 37 30 76
74 60 67 13 49 64 16 29 36 22 30 52 78 18 40 64 68 52 63 53
20 22 37 23 1 57 56 6 46 68 56 44 76 73 48 79 60 8 43 40
74 42 59 69 10 24 29 80 72 13 27 57 17 79 54 45 13 10 62 37
0 24 18 15 24 16 22 25 16 21 16
24 0 22 16 15 16 18 15 19 22 19
18 22 0 20 16 22 23 25 23 15 15
15 16 20 0 24 24 25 24 25 22 22
24 15 16 24 0 17 16 20 17 18 22
16 16 22 24 17 0 23 16 22 24 19
22 18 23 25 16 23 0 20 20 24 24
25 15 25 24 20 16 20 0 24 16 21
16 19 23 25 17 22 20 24 0 18 24
21 22 15 22 18 24 24 16 18 0 22
16 19 15 22 22 19 24 21 24 22 0
