9
26
94 120 14 45 2 30 36 48 99 5 10 10 77 49 31 9 119 59 18 116 62 80 13 59 88 9
45 69 30 108 80 96 6 27 77 13 109 77 36 22 40 64 55 108 23 85 45 31 105 59 103 18
66 72 91 116 85 100 39 83 111 101 26 70 55 112 96 56 108 109 104 86 11 75 48 62 117 34
115 18 103 27 37 39 32 35 54 77 9 1 91 58 106 42 39 66 105 36 49 68 68 8 90 111
50 13 107 31 64 84 72 95 35 12 33 38 33 73 39 25 34 97 43 89 85 66 85 103 27 56
95 13 54 2 18 74 94 68 35 87 18 92 4 20 60 46 20 72 84 76 39 34 81 21 50 91
109 112 49 100 92 111 61 69 82 91 111 51 71 70 87 91 44 27 58 101 101 63 30 19 31 94
25 5 85 5 30 116 49 16 103 58 37 1 95 77 104 35 77 64 22 103 102 79 38 46 16 14
89 57 96 112 50 76 6 83 8 82 9 106 4 111 85 41 23 49 68 88 102 60 82 9 9 77
0 23 24 19 25 18 24 23 20 24 15
23 0 21 25 16 18 15 18 17 16 23
24 21 0 24 24 18 19 15 23 16 21
19 25 24 0 24 15 19 16 16 18 23
25 16 24 24 0 21 20 23 16 25 19
18 18 18 15 21 0 20 25 16 18 22
24 15 19 19 20 20 0 22 24 21 17
23 18 15 16 23 25 22 0 16 23 15
20 17 23 16 16 16 24 16 0 22 19
24 16 16 18 25 18 21 23 22 0 20
15 23 21 23 19 22 17 15 19 20 0
