9
16
159 137 94 147 150 43 86 99 93 79 101 53 94 28 109 103
17 130 90 104 104 80 5 91 153 31 118 64 44 81 155 118
155 68 52 141 18 135 159 148 12 19 105 159 14 5 51 51
27 73 51 116 146 81 4 157 86 111 147 59 141 12 143 79
55 157 47 136 135 136 48 13 127 150 117 7 134 125 139 91
143 146 66 68 18 34 16 44 81 21 50 113 139 65 14 142
39 110 90 156 11 111 74 40 15 119 89 98 18 54 91 154
68 55 50 35 124 101 157 110 142 65 41 57 86 101 160 50
160 107 41 121 160 83 11 8 139 154 50 112 79 140 81 104
0 20 18 19 22 24 21 25 21 17 24
20 0 19 18 21 16 22 15 20 16 19
18 19 0 22 23 24 21 17 15 23 24
19 18 22 0 21 18 25 22 16 25 18
22 21 23 21 0 19 15 22 18 20 23
24 16 24 18 19 0 20 19 24 16 25
21 22 21 25 15 20 0 25 17 23 24
25 15 17 22 22 19 25 0 25 25 15
21 20 15 16 18 24 17 25 0 25 23
17 16 23 25 20 16 23 25 25 0 22
24 19 24 18 23 25 24 15 23 22 0
