9
24
81 24 112 132 34 88 81 141 112 112 82 112 122 69 145 84 16 154 16 8 147 99 119 117
102 57 62 40 40 151 145 64 27 70 60 101 138 143 28 95 78 117 28 38 95 3 72 1
118 109 125 68 17 123 83 82 98 159 37 141 138 123 82 49 103 40 107 115 25 104 42 157
14 79 121 129 122 133 27 103 135 112 57 5 155 149 78 146 144 61 64 51 130 115 60 152
29 90 138 40 20 103 78 150 66 96 155 137 23 63 26 13 97 47 73 62 23 100 22 75
18 154 103 97 24 101 55 104 87 79 130 37 159 27 100 80 93 70 113 78 2 109 106 27
85 12 134 67 123 107 51 135 60 10 44 71 19 64 108 118 93 100 111 14 7 21 107 32
135 91 14 35 85 98 132 49 133 140 19 73 53 24 77 56 4 54 133 52 84 21 103 149
10 135 48 138 158 116 91 117 36 131 135 152 13 56 78 32 114 30 153 123 110 102 147 62
0 17 16 19 17 16 16 16 22 21 23
17 0 20 19 18 18 16 18 24 19 25
16 20 0 16 20 20 16 21 24 17 23
19 19 16 0 22 21 19 24 25 18 25
17 18 20 22 0 16 16 16 19 18 19
16 18 20 21 16 0 23 22 17 17 21
16 16 16 19 16 23 0 16 17 20 19
16 18 21 24 16 22 16 0 16 16 19
22 24 24 25 19 17 17 16 0 20 25
21 19 17 18 18 17 20 16 20 0 20
23 25 23 25 19 21 19 19 25 20 0
