9
16
63 14 1 17 31 64 68 27 61 68 65 15 37 64 72 48
49 12 2 24 27 78 71 13 60 78 32 24 65 55 75 60
8 74 25 34 26 68 72 53 57 36 40 12 43 22 8 41
59 39 2 56 30 30 50 4 52 25 5 78 64 67 14 13
2 34 29 44 43 78 30 40 36 48 75 33 14 64 64 72
47 43 52 40 75 15 54 43 68 13 77 45 43 2 65 14
62 69 8 74 6 78 45 78 58 18 50 12 1 36 27 57
62 42 42 11 4 66 11 23 38 27 49 63 30 4 41 63
62 12 65 60 14 9 27 19 13 38 27 69 1 12 68 59
0 19 25 23 18 15 24 25 18 19 18
19 0 25 15 21 21 18 22 23 17 23
25 25 0 24 16 21 17 22 20 17 17
23 15 24 0 23 15 21 16 17 17 22
18 21 16 23 0 18 16 21 20 16 23
15 21 21 15 18 0 19 19 25 22 18
24 18 17 21 16 19 0 18 18 17 16
25 22 22 16 21 19 18 0 18 18 15
18 23 20 17 20 25 18 18 0 21 18
19 17 17 17 16 22 17 18 21 0 24
18 23 17 22 23 18 16 15 18 24 0
