9
24
8 10 7 18 30 40 12 10 15 12 28 4 31 7 7 19 19 28 38 32 5 26 16 38
20 34 20 5 13 29 5 21 10 10 9 3 29 33 20 37 33 36 6 15 23 20 2 19
38 5 17 30 4 1 22 35 39 31 36 23 38 9 40 35 28 40 39 32 25 30 3 22
20 3 34 21 22 12 12 26 4 35 22 31 27 8 2 21 17 18 21 27 27 33 8 27
3 14 20 28 10 18 21 7 1 10 22 6 33 29 12 27 20 8 39 39 13 4 18 3
10 21 13 29 36 40 35 30 15 37 25 14 30 7 7 4 37 36 20 7 15 7 31 14
26 11 11 15 19 22 3 20 20 9 10 26 23 34 32 34 32 2 34 9 14 24 31 33
18 31 23 27 9 27 18 21 33 38 28 35 24 4 16 20 17 22 24 8 3 22 20 20
27 5 36 38 12 11 10 9 30 9 22 30 5 14 38 35 5 34 35 30 23 24 38 15
0 22 20 16 23 21 21 22 24 19 25
22 0 25 23 23 21 24 23 18 20 22
20 25 0 23 17 24 25 21 20 23 24
16 23 23 0 21 15 22 24 16 17 23
23 23 17 21 0 25 17 22 23 21 15
21 21 24 15 25 0 21 22 20 20 25
21 24 25 22 17 21 0 19 15 24 21
22 23 21 24 22 22 19 0 24 20 16
24 18 20 16 23 20 15 24 0 24 21
19 20 23 17 21 20 24 20 24 0 19
25 22 24 23 15 25 21 16 21 19 0
