9
18
4 23 117 142 15 89 149 61 142 68 110 35 94 153 46 135 136 95
114 92 101 47 119 115 31 74 148 130 52 131 53 138 45 21 109 114
120 108 21 15 19 96 100 65 105 84 148 28 34 48 69 146 160 119
52 86 61 49 87 53 64 1 160 157 144 120 144 86 121 63 153 80
139 147 145 46 51 120 85 113 108 56 124 2 122 65 64 103 113 14
68 98 3 92 62 160 83 135 41 90 40 22 107 39 84 132 149 12
151 130 81 130 1 90 48 70 83 38 39 149 71 50 13 38 150 140
45 34 53 75 12 86 64 51 24 89 106 75 2 3 50 137 145 124
42 77 18 19 154 72 95 112 22 35 36 82 76 159 153 145 80 118
0 23 25 21 22 16 20 15 20 21 19
23 0 24 19 25 23 15 25 25 22 22
25 24 0 21 19 17 18 25 21 25 15
21 19 21 0 22 17 15 20 25 17 17
22 25 19 22 0 18 18 18 25 21 23
16 23 17 17 18 0 16 19 18 18 16
20 15 18 15 18 16 0 21 18 18 22
15 25 25 20 18 19 21 0 16 23 15
20 25 21 25 25 18 18 16 0 22 15
21 22 25 17 21 18 18 23 22 0 25
19 22 15 17 23 16 22 15 15 25 0
