9
10
13 22 14 25 1 29 25 13 9 27
31 22 33 37 35 30 29 28 1 10
24 1 18 28 20 36 25 21 19 7
17 18 5 31 32 26 28 24 13 31
38 24 30 31 14 17 34 29 13 39
21 3 5 25 16 26 28 35 16 3
33 31 28 36 10 23 24 6 6 13
14 25 18 25 7 31 10 32 26 10
39 18 7 23 4 29 13 39 13 14
0 17 18 20 23 18 17 23 17 20 21
17 0 24 22 21 22 19 22 22 24 15
18 24 0 22 16 20 24 24 18 15 17
20 22 22 0 18 17 16 24 25 16 16
23 21 16 18 0 25 23 22 23 19 18
18 22 20 17 25 0 18 23 18 23 19
17 19 24 16 23 18 0 17 20 20 17
23 22 24 24 22 23 17 0 20 17 21
17 22 18 25 23 18 20 20 0 15 21
20 24 15 16 19 23 20 17 15 0 18
21 15 17 16 18 19 17 21 21 18 0
