9
26
56 152 61 103 89 87 82 119 140 103 140 128 11 106 23 107 108 134 36 62 37 101 21 143 30 148
119 31 106 76 131 43 77 100 63 142 119 158 100 92 3 27 64 149 142 11 6 147 113 43 113 137
55 112 117 72 68 153 21 154 100 41 70 112 112 93 104 35 55 29 127 76 130 14 114 33 16 60
132 126 36 77 41 159 51 98 36 67 121 55 61 4 67 153 46 145 49 101 96 51 46 80 13 23
114 43 78 62 160 132 122 40 109 148 5 140 38 75 83 141 153 134 14 152 13 104 150 48 65 13
142 44 96 20 18 76 27 1 77 108 133 30 129 12 135 127 5 63 158 116 110 102 159 122 135 23
114 18 118 25 112 107 1 80 77 46 113 117 106 60 76 48 144 73 19 59 121 115 24 15 64 39
127 11 92 98 72 151 160 28 133 81 119 120 2 9 33 78 33 4 80 43 58 110 111 48 111 121
14 17 53 7 86 54 13 104 125 156 30 112 8 136 61 143 39 8 29 98 35 109 120 88 84 13
0 25 17 15 23 20 22 18 18 17 21
25 0 18 21 16 16 25 20 16 24 18
17 18 0 25 21 17 16 23 16 15 24
15 21 25 0 16 24 22 21 25 25 23
23 16 21 16 0 25 19 15 25 20 19
20 16 17 24 25 0 23 23 20 15 17
22 25 16 22 19 23 0 15 21 21 18
18 20 23 21 15 23 15 0 24 17 20
18 16 16 25 25 20 21 24 0 20 25
17 24 15 25 20 15 21 17 20 0 22
21 18 24 23 19 17 18 20 25 22 0
