9
14
159 81 82 27 47 156 128 24 37 131 49 35 89 5
159 34 37 82 12 6 62 134 36 20 101 82 21 86
124 123 137 77 31 29 91 104 145 93 152 57 99 124
67 52 109 11 88 9 53 93 64 91 133 43 90 77
9 41 18 116 49 98 121 69 39 71 20 123 110 64
100 158 108 16 77 126 153 63 54 7 58 30 95 16
31 38 154 18 12 126 95 80 126 67 17 68 139 45
75 56 156 110 135 46 8 150 10 103 17 36 73 99
120 147 102 70 39 89 17 56 160 103 2 100 113 90
0 17 15 23 16 23 16 20 20 15 25
17 0 21 16 16 19 23 25 18 17 17
15 21 0 21 19 19 18 17 19 21 19
23 16 21 0 20 22 15 25 25 18 23
16 16 19 20 0 17 15 23 16 17 16
23 19 19 22 17 0 16 23 20 22 21
16 23 18 15 15 16 0 22 21 22 18
20 25 17 25 23 23 22 0 15 24 24
20 18 19 25 16 20 21 15 0 18 24
15 17 21 18 17 22 22 24 18 0 16
25 17 19 23 16 21 18 24 24 16 0
