9
26
15 66 32 13 14 41 68 51 62 79 8 55 59 42 20 40 22 3 49 42 74 41 14 70 25 25
5 68 45 59 6 68 70 63 68 63 65 4 58 64 3 32 29 46 28 27 32 79 67 13 26 73
47 69 66 71 58 68 15 23 24 79 42 43 40 24 50 34 50 63 45 41 57 14 63 41 19 2
7 42 23 51 55 64 27 80 50 15 49 33 74 52 78 35 69 56 28 77 50 65 47 80 2 32
6 59 3 63 44 22 57 77 27 20 32 50 70 49 26 56 23 22 15 65 45 80 52 77 7 68
3 56 17 24 68 39 78 27 36 19 45 18 5 6 69 33 11 52 49 45 2 26 37 13 17 45
7 51 74 78 10 55 58 9 72 48 57 35 59 10 67 76 6 62 36 21 15 41 40 52 43 42
10 72 54 54 24 70 13 11 4 71 72 56 4 53 30 55 50 53 75 53 51 59 2 36 18 24
39 45 51 4 26 26 57 32 24 11 59 1 11 3 58 64 9 22 80 14 23 19 46 37 39 80
0 25 17 15 17 16 21 17 23 24 19
25 0 19 23 17 16 25 24 20 17 22
17 19 0 24 15 22 17 21 22 22 20
15 23 24 0 25 19 22 25 23 18 21
17 17 15 25 0 17 15 24 17 16 19
16 16 22 19 17 0 20 20 17 21 22
21 25 17 22 15 20 0 15 23 18 25
17 24 21 25 24 20 15 0 24 22 20
23 20 22 23 17 17 23 24 0 18 19
24 17 22 18 16 21 18 22 18 0 17
19 22 20 21 19 22 25 20 19 17 0
