9
10
111 85 69 90 71 3 59 95 66 86
66 29 105 6 113 3 115 16 36 99
60 30 41 28 81 18 24 12 43 3
30 69 60 7 74 86 49 27 2 76
59 30 100 26 70 99 107 54 47 36
91 106 9 70 69 14 47 70 49 87
76 23 23 82 77 58 94 69 81 11
108 59 2 27 62 27 6 108 73 57
4 9 10 8 13 104 85 50 53 114
0 17 16 24 17 16 15 24 22 21 22
17 0 25 18 24 25 16 23 17 18 25
16 25 0 16 22 15 19 20 21 21 15
24 18 16 0 19 23 16 24 22 20 16
17 24 22 19 0 21 23 23 20 23 17
16 25 15 23 21 0 22 16 23 15 16
15 16 19 16 23 22 0 17 17 18 23
24 23 20 24 23 16 17 0 15 22 20
22 17 21 22 20 23 17 15 0 19 19
21 18 21 20 23 15 18 22 19 0 25
22 25 15 16 17 16 23 20 19 25 0
