9
20
65 61 114 153 45 88 83 53 98 131 12 26 100 9 97 52 96 81 23 92
127 149 149 142 134 18 126 160 35 155 8 3 63 17 69 58 88 35 81 30
116 37 160 3 58 71 5 18 141 92 115 132 66 88 141 95 118 141 20 2
20 46 118 9 114 60 96 98 128 36 110 57 137 5 85 125 1 67 150 22
135 36 160 83 160 51 19 66 13 61 60 118 11 82 91 151 136 119 57 48
88 10 100 31 70 84 135 156 47 14 148 77 30 63 70 107 154 88 36 69
74 28 89 131 140 7 151 73 11 146 148 68 90 58 101 54 156 88 64 64
58 71 97 135 99 63 16 50 101 157 7 127 77 73 89 125 40 5 80 37
62 1 52 40 27 45 74 115 93 160 46 89 160 90 66 152 78 96 134 158
0 15 19 24 19 18 19 17 24 19 20
15 0 17 18 23 20 25 16 21 25 15
19 17 0 22 19 18 17 15 17 19 24
24 18 22 0 18 20 17 23 16 20 25
19 23 19 18 0 24 17 24 20 23 16
18 20 18 20 24 0 25 22 17 15 25
19 25 17 17 17 25 0 20 22 25 16
17 16 15 23 24 22 20 0 20 25 17
24 21 17 16 20 17 22 20 0 20 16
19 25 19 20 23 15 25 25 20 0 23
20 15 24 25 16 25 16 17 16 23 0
