9
12
32 39 31 10 12 2 17 5 4 38 39 26
7 4 9 39 21 25 14 10 24 10 23 40
17 19 34 40 40 37 16 7 1 35 29 8
9 13 24 6 21 35 16 31 38 19 32 31
3 7 24 14 31 24 35 3 31 30 11 7
27 35 11 10 31 13 40 11 6 29 36 36
22 31 5 37 13 20 37 23 40 5 23 21
38 6 9 9 17 39 27 19 15 23 11 6
36 19 34 10 40 3 18 36 38 13 21 32
0 19 20 19 21 17 20 23 21 20 19
19 0 16 21 20 16 23 16 16 24 23
20 16 0 20 25 19 24 23 24 22 24
19 21 20 0 16 25 15 23 19 21 15
21 20 25 16 0 24 23 20 18 18 18
17 16 19 25 24 0 21 17 17 21 19
20 23 24 15 23 21 0 20 21 22 21
23 16 23 23 20 17 20 0 15 16 21
21 16 24 19 18 17 21 15 0 16 22
20 24 22 21 18 21 22 16 16 0 24
19 23 24 15 18 19 21 21 22 24 0
