9
6
79 4 31 19 41 69
41 35 74 57 35 56
77 66 44 34 49 20
59 28 25 24 43 79
80 62 24 52 5 67
63 59 60 32 60 79
53 7 65 76 66 66
60 41 59 68 22 5
54 29 1 44 74 20
0 19 19 20 21 23 21 18 20 25 25
19 0 24 15 15 19 25 20 15 18 25
19 24 0 21 22 24 18 15 22 15 15
20 15 21 0 21 21 23 25 24 23 25
21 15 22 21 0 23 20 22 19 25 24
23 19 24 21 23 0 25 21 15 15 23
21 25 18 23 20 25 0 23 25 16 24
18 20 15 25 22 21 23 0 25 22 18
20 15 22 24 19 15 25 25 0 16 17
25 18 15 23 25 15 16 22 16 0 19
25 25 15 25 24 23 24 18 17 19 0
