9
24
109 18 86 27 12 61 11 111 96 108 30 58 97 112 116 47 45 62 9 96 48 1 103 16
87 72 34 5 2 48 80 107 39 99 48 37 62 1 62 26 85 17 76 50 109 80 26 115
32 11 12 70 20 53 79 89 91 101 114 5 104 3 91 96 84 25 21 47 79 83 8 9
11 111 21 7 20 46 103 1 120 1 87 7 35 118 55 116 27 25 94 16 79 86 12 96
10 89 30 106 37 3 15 84 110 64 8 60 21 36 38 89 40 106 48 107 36 67 22 8
1 106 63 56 30 77 100 2 62 26 35 78 24 38 80 32 117 113 14 23 76 79 35 41
58 29 75 119 93 62 56 60 11 41 9 18 82 80 112 35 19 43 71 61 60 111 98 92
90 51 103 92 76 67 108 60 97 12 29 39 50 32 43 91 49 26 36 49 101 38 5 113
47 104 18 28 76 19 18 7 82 78 35 10 113 8 28 50 11 71 102 1 115 25 95 75
0 21 25 25 24 17 25 24 24 18 24
21 0 22 23 25 25 22 19 23 24 19
25 22 0 22 18 22 24 22 20 20 17
25 23 22 0 20 24 15 24 22 20 17
24 25 18 20 0 20 15 15 19 22 24
17 25 22 24 20 0 15 24 21 19 22
25 22 24 15 15 15 0 25 22 21 24
24 19 22 24 15 24 25 0 22 23 15
24 23 20 22 19 21 22 22 0 19 21
18 24 20 20 22 19 21 23 19 0 23
24 19 17 17 24 22 24 15 21 23 0
