9
8
18 37 36 8 32 36 26 24
34 18 29 23 20 23 13 32
6 36 9 22 7 12 37 10
35 27 36 8 34 19 37 31
34 21 13 35 10 27 25 19
22 13 2 7 10 27 34 3
16 32 32 20 3 19 21 24
27 37 40 39 36 14 27 6
38 11 9 14 38 17 10 14
0 23 17 22 22 17 19 22 22 18 17
23 0 24 24 18 25 19 23 19 16 17
17 24 0 19 23 15 15 17 23 19 18
22 24 19 0 25 19 20 17 21 24 15
22 18 23 25 0 21 19 18 16 25 20
17 25 15 19 21 0 21 18 17 25 21
19 19 15 20 19 21 0 23 19 21 21
22 23 17 17 18 18 23 0 17 16 21
22 19 23 21 16 17 19 17 0 17 18
18 16 19 24 25 25 21 16 17 0 18
17 17 18 15 20 21 21 21 18 18 0
