9
8
6 35 21 25 8 38 28 2
37 32 11 11 36 21 3 38
11 30 32 10 25 24 1 33
23 24 15 10 28 24 18 33
27 33 23 2 21 32 16 22
9 28 19 5 27 18 26 26
35 21 4 22 25 24 7 13
32 37 18 22 11 40 10 1
24 35 4 7 29 30 17 31
0 24 17 18 20 18 17 21 25 16 16
24 0 15 18 24 23 15 21 21 19 24
17 15 0 18 25 25 15 17 23 17 15
18 18 18 0 16 23 23 22 25 22 22
20 24 25 16 0 23 17 19 23 20 16
18 23 25 23 23 0 18 24 25 21 19
17 15 15 23 17 18 0 23 21 18 24
21 21 17 22 19 24 23 0 22 25 23
25 21 23 25 23 25 21 22 0 18 15
16 19 17 22 20 21 18 25 18 0 20
16 24 15 22 16 19 24 23 15 20 0
