9
24
147 132 7 45 43 55 3 149 122 4 24 93 70 37 55 72 144 88 21 36 101 81 128 20
123 44 145 66 40 65 61 43 31 1 21 22 146 54 88 124 113 120 12 91 58 46 160 39
73 96 91 156 29 101 89 86 74 131 23 4 38 131 80 158 25 61 105 111 79 31 64 76
11 65 117 154 75 7 146 64 88 5 74 48 17 134 103 44 1 40 38 74 113 95 132 105
79 148 149 84 8 122 63 119 51 128 63 95 25 128 58 34 113 156 86 150 160 125 109 2
155 138 158 87 69 47 132 95 147 108 64 69 140 40 113 32 91 129 157 149 136 94 84 152
157 108 144 126 157 141 89 54 61 62 100 96 137 160 103 117 148 33 26 118 95 137 113 106
20 154 47 38 107 104 20 111 17 151 71 118 118 80 20 38 1 48 99 30 139 105 23 91
110 63 30 103 34 71 20 86 68 11 154 64 73 133 35 17 135 119 74 4 108 76 119 64
0 20 17 23 15 18 19 20 25 15 17
20 0 19 24 15 22 23 21 19 21 24
17 19 0 19 15 15 20 25 18 22 17
23 24 19 0 23 22 18 15 21 22 20
15 15 15 23 0 24 16 21 23 22 19
18 22 15 22 24 0 22 19 17 19 22
19 23 20 18 16 22 0 15 18 25 23
20 21 25 15 21 19 15 0 18 22 18
25 19 18 21 23 17 18 18 0 21 17
15 21 22 22 22 19 25 22 21 0 16
17 24 17 20 19 22 23 18 17 16 0
