9
22
12 14 13 107 75 116 74 34 31 59 11 79 57 50 38 110 87 84 2 20 78 32
118 83 72 96 66 99 68 82 91 56 45 83 55 78 116 38 15 9 20 85 81 71
1 119 114 60 50 117 50 87 100 61 37 52 65 120 39 116 40 106 80 33 39 70
59 79 6 41 99 74 2 2 107 38 48 57 3 102 99 68 46 38 97 116 23 65
44 49 37 110 95 18 75 31 13 84 68 91 51 88 111 68 75 28 103 87 114 18
78 18 92 36 44 76 35 62 90 86 16 89 47 13 99 33 32 58 58 41 67 70
63 33 83 53 20 84 24 73 70 104 78 91 120 99 6 117 5 57 20 103 43 54
51 79 100 23 105 79 73 110 77 103 119 33 103 66 117 1 92 83 49 66 31 92
38 56 117 75 24 23 78 98 22 80 92 30 81 20 75 118 8 98 67 51 87 58
0 25 25 25 16 18 19 20 22 23 24
25 0 23 17 17 18 16 18 18 18 19
25 23 0 25 25 24 17 24 15 16 15
25 17 25 0 25 17 19 21 18 22 18
16 17 25 25 0 18 22 22 15 24 15
18 18 24 17 18 0 18 16 17 22 19
19 16 17 19 22 18 0 17 16 24 21
20 18 24 21 22 16 17 0 15 24 20
22 18 15 18 15 17 16 15 0 17 24
23 18 16 22 24 22 24 24 17 0 21
24 19 15 18 15 19 21 20 24 21 0
