10
12
39 12 38 12 26 30 16 18 3 2 6 38
3 4 7 39 31 38 40 5 29 28 35 23
25 18 1 4 22 37 19 38 27 30 25 3
10 5 22 23 17 32 25 35 15 39 35 4
10 8 33 2 18 2 12 12 33 18 9 38
10 21 29 30 40 37 15 1 29 31 9 35
38 3 9 22 14 22 33 26 9 31 6 25
2 30 34 6 30 24 33 6 31 7 32 18
26 15 7 20 11 18 18 20 31 32 35 6
33 39 18 33 13 26 29 37 39 40 12 12
0 24 22 25 23 25 17 21 22 19 25 20
24 0 21 19 18 16 15 19 19 16 18 19
22 21 0 19 24 22 24 21 22 25 24 16
25 19 19 0 16 16 17 21 25 15 24 20
23 18 24 16 0 24 21 25 18 24 15 21
25 16 22 16 24 0 15 21 23 20 25 19
17 15 24 17 21 15 0 25 15 19 15 18
21 19 21 21 25 21 25 0 24 20 21 22
22 19 22 25 18 23 15 24 0 20 20 23
19 16 25 15 24 20 19 20 20 0 21 15
25 18 24 24 15 25 15 21 20 21 0 17
20 19 16 20 21 19 18 22 23 15 17 0
