10
18
29 65 146 101 60 38 44 5 128 5 130 87 49 145 23 113 102 35
92 138 144 46 144 108 97 31 78 119 46 9 137 113 58 153 155 119
126 149 126 37 120 15 150 1 42 106 85 48 39 135 53 139 24 49
62 33 159 2 136 90 83 80 30 31 111 136 65 50 77 127 71 81
88 120 21 6 114 69 80 4 70 133 136 94 58 70 93 70 26 81
40 18 8 137 40 10 27 64 110 49 120 78 90 26 160 43 65 150
77 94 115 102 67 120 91 88 77 56 156 38 58 65 145 51 66 52
65 80 60 20 115 150 151 124 81 78 95 151 40 83 73 137 111 159
70 1 11 89 1 106 102 138 8 120 19 38 55 46 22 106 25 17
99 157 72 101 90 133 91 89 59 57 135 116 145 85 51 65 66 68
0 16 24 18 20 16 18 20 22 15 21 16
16 0 15 23 21 24 15 17 21 15 21 17
24 15 0 25 24 20 25 25 21 15 25 22
18 23 25 0 20 22 17 17 20 17 17 19
20 21 24 20 0 22 16 22 18 18 23 18
16 24 20 22 22 0 16 24 17 16 24 23
18 15 25 17 16 16 0 23 25 22 16 16
20 17 25 17 22 24 23 0 17 25 16 22
22 21 21 20 18 17 25 17 0 16 15 15
15 15 15 17 18 16 22 25 16 0 22 23
21 21 25 17 23 24 16 16 15 22 0 19
16 17 22 19 18 23 16 22 15 23 19 0
