10
20
44 96 9 112 49 77 109 21 81 114 48 96 47 43 17 5 42 41 80 9
104 43 23 45 103 59 18 92 75 78 69 45 47 16 83 120 59 82 118 97
115 54 76 108 33 79 38 1 109 71 87 105 32 57 108 108 34 75 80 46
57 63 17 53 24 79 38 34 83 17 29 15 110 28 42 72 24 104 9 79
91 27 83 52 106 86 96 40 119 112 48 29 39 108 79 37 82 4 66 110
80 109 120 56 89 94 91 48 78 68 21 54 38 4 75 78 47 36 58 108
2 77 80 91 69 16 51 110 93 3 21 10 68 31 44 100 1 26 71 120
24 89 5 116 62 64 98 67 92 118 113 28 67 18 90 96 85 93 50 115
53 79 89 70 7 57 112 34 31 107 94 44 1 109 118 72 43 18 3 33
44 110 111 115 113 82 29 25 118 94 66 20 61 82 15 19 56 29 114 84
0 23 23 17 17 22 16 15 21 15 21 19
23 0 15 16 18 16 18 18 18 21 18 23
23 15 0 22 23 20 18 18 20 16 23 20
17 16 22 0 21 22 24 15 24 15 24 24
17 18 23 21 0 21 22 21 18 25 15 16
22 16 20 22 21 0 16 23 19 24 23 23
16 18 18 24 22 16 0 21 15 21 19 22
15 18 18 15 21 23 21 0 25 17 24 15
21 18 20 24 18 19 15 25 0 18 20 25
15 21 16 15 25 24 21 17 18 0 23 16
21 18 23 24 15 23 19 24 20 23 0 16
19 23 20 24 16 23 22 15 25 16 16 0
