10
4
16 1 10 36
32 22 16 18
32 22 5 9
6 3 5 2
5 39 38 11
6 39 18 31
20 16 24 32
28 35 35 19
40 5 14 26
14 4 17 7
0 21 18 22 20 15 22 25 24 24 23 25
21 0 15 17 24 21 25 23 16 25 18 16
18 15 0 21 22 15 23 25 17 21 24 25
22 17 21 0 15 23 21 19 17 22 15 16
20 24 22 15 0 16 20 22 16 21 19 15
15 21 15 23 16 0 18 19 25 24 17 22
22 25 23 21 20 18 0 17 25 22 17 23
25 23 25 19 22 19 17 0 23 19 22 16
24 16 17 17 16 25 25 23 0 25 19 18
24 25 21 22 21 24 22 19 25 0 19 22
23 18 24 15 19 17 17 22 19 19 0 22
25 16 25 16 15 22 23 16 18 22 22 0
