10
14
66 65 23 16 70 3 72 22 60 73 5 5 45 57
56 54 45 27 50 51 11 34 50 20 24 10 35 3
44 54 32 42 7 47 44 12 31 68 45 64 42 41
62 48 12 1 55 25 10 78 30 43 30 59 52 51
29 61 74 40 74 23 22 16 74 53 6 33 49 34
48 44 72 34 54 44 80 60 47 62 11 31 67 31
39 73 16 39 15 13 8 7 41 34 22 24 11 68
34 49 9 67 66 17 69 50 27 3 3 43 33 57
15 42 15 37 45 8 65 59 37 40 43 47 28 69
65 7 62 71 11 12 37 55 27 11 25 4 10 61
0 23 21 23 15 20 18 15 19 20 23 24
23 0 18 23 20 25 20 15 18 15 25 17
21 18 0 23 19 17 15 18 15 16 25 17
23 23 23 0 17 23 17 20 20 25 25 18
15 20 19 17 0 20 24 24 23 18 20 16
20 25 17 23 20 0 20 25 15 20 21 20
18 20 15 17 24 20 0 15 25 24 16 16
15 15 18 20 24 25 15 0 19 25 16 16
19 18 15 20 23 15 25 19 0 25 21 17
20 15 16 25 18 20 24 25 25 0 15 20
23 25 25 25 20 21 16 16 21 15 0 17
24 17 17 18 16 20 16 16 17 20 17 0
