10
4
140 1 11 87
62 55 10 50
125 131 6 96
32 120 119 121
101 101 78 129
46 33 155 107
61 9 23 66
148 58 136 132
105 150 123 37
69 160 112 8
0 20 22 23 16 24 21 23 23 19 15 21
20 0 22 15 19 18 17 20 23 16 22 23
22 22 0 23 15 21 20 18 24 16 19 25
23 15 23 0 15 25 16 23 20 20 19 21
16 19 15 15 0 19 24 25 21 23 21 22
24 18 21 25 19 0 19 17 18 24 17 18
21 17 20 16 24 19 0 19 25 21 18 18
23 20 18 23 25 17 19 0 21 23 22 23
23 23 24 20 21 18 25 21 0 18 16 24
19 16 16 20 23 24 21 23 18 0 16 22
15 22 19 19 21 17 18 22 16 16 0 22
21 23 25 21 22 18 18 23 24 22 22 0
