10
22
16 1 31 20 13 35 33 21 33 24 16 20 9 8 19 39 6 6 32 20 13 34
37 18 35 32 1 31 23 14 10 30 18 9 26 6 13 33 15 27 27 2 9 26
8 20 7 28 39 28 26 38 1 27 13 35 24 16 38 17 10 12 7 12 38 16
5 23 24 5 16 9 21 37 20 3 2 33 34 9 3 29 17 39 3 11 28 17
3 1 10 36 24 30 40 20 21 18 5 24 4 4 3 28 35 32 9 10 16 27
5 6 12 25 8 1 1 34 1 7 27 29 32 2 22 40 30 18 14 30 22 38
11 19 26 16 1 31 11 34 19 22 14 7 33 2 33 13 14 31 39 31 28 6
11 16 23 19 24 30 6 28 16 31 7 2 12 1 31 14 10 3 32 36 5 4
35 13 30 13 22 21 34 14 19 36 28 34 6 18 7 37 27 14 37 14 36 7
5 1 8 9 36 16 22 10 36 5 7 8 26 3 14 36 19 30 3 14 18 2
0 24 25 21 23 24 24 20 16 16 20 18
24 0 24 19 22 24 17 17 24 15 15 24
25 24 0 22 21 18 19 17 20 25 17 24
21 19 22 0 24 24 25 24 21 20 20 25
23 22 21 24 0 22 17 23 16 20 21 17
24 24 18 24 22 0 19 19 20 20 17 18
24 17 19 25 17 19 0 15 17 18 25 20
20 17 17 24 23 19 15 0 17 25 23 25
16 24 20 21 16 20 17 17 0 20 21 17
16 15 25 20 20 20 18 25 20 0 18 17
20 15 17 20 21 17 25 23 21 18 0 18
18 24 24 25 17 18 20 25 17 17 18 0
