10
12
106 78 90 25 120 120 17 15 80 96 51 120
83 24 103 13 9 29 115 48 33 90 32 48
112 4 115 73 93 85 108 30 83 73 20 80
81 78 15 84 18 108 85 115 2 30 12 45
81 75 74 34 55 85 41 97 83 12 2 24
103 18 60 83 38 103 89 79 110 26 17 34
27 71 84 38 29 94 91 106 67 103 96 87
44 31 50 82 68 35 57 4 82 48 116 86
3 112 95 23 25 29 81 104 64 37 60 58
65 92 5 6 58 105 105 30 85 75 21 84
0 25 19 20 15 25 17 24 19 19 25 21
25 0 25 18 22 19 15 16 20 18 19 19
19 25 0 17 23 22 17 17 19 17 20 15
20 18 17 0 15 25 20 18 20 18 25 21
15 22 23 15 0 22 24 24 21 24 18 15
25 19 22 25 22 0 17 25 24 22 23 18
17 15 17 20 24 17 0 19 23 19 25 15
24 16 17 18 24 25 19 0 19 15 25 17
19 20 19 20 21 24 23 19 0 24 19 20
19 18 17 18 24 22 19 15 24 0 18 16
25 19 20 25 18 23 25 25 19 18 0 16
21 19 15 21 15 18 15 17 20 16 16 0
