10
6
8 58 97 66 55 106
37 88 117 34 104 110
59 2 98 65 92 51
82 118 106 25 84 24
89 68 13 40 12 70
93 11 94 87 75 94
101 28 6 107 83 117
11 36 81 66 6 92
84 13 112 47 11 65
60 69 43 23 99 29
0 20 23 19 21 18 18 17 16 22 22 15
20 0 19 22 15 20 19 23 19 19 15 19
23 19 0 20 15 21 21 17 24 19 25 16
19 22 20 0 21 24 15 23 18 24 23 16
21 15 15 21 0 15 17 16 19 19 22 18
18 20 21 24 15 0 18 24 21 17 18 19
18 19 21 15 17 18 0 17 23 23 21 23
17 23 17 23 16 24 17 0 17 21 15 17
16 19 24 18 19 21 23 17 0 18 22 15
22 19 19 24 19 17 23 21 18 0 24 23
22 15 25 23 22 18 21 15 22 24 0 22
15 19 16 16 18 19 23 17 15 23 22 0
