10
16
7 7 39 9 9 11 1 11 33 27 14 39 29 33 19 26
21 14 16 33 25 18 25 31 9 27 39 40 6 10 14 37
4 8 23 14 40 20 34 32 40 26 28 31 21 4 18 33
12 1 27 23 8 11 7 20 26 1 11 14 18 22 6 14
18 39 17 6 40 19 39 15 39 30 30 33 21 17 19 10
35 2 9 7 16 30 5 1 12 28 15 32 36 9 24 38
2 14 40 25 12 14 11 21 39 26 31 29 21 33 29 38
5 31 8 21 16 4 21 15 11 18 23 38 20 3 22 8
6 5 27 31 29 37 21 36 28 12 15 19 30 20 36 1
35 6 21 17 35 31 21 5 13 2 23 30 5 10 6 9
0 21 16 17 19 17 25 18 24 25 17 24
21 0 16 19 22 17 15 20 25 22 24 23
16 16 0 22 15 21 16 19 20 20 21 24
17 19 22 0 22 21 17 20 19 19 16 23
19 22 15 22 0 25 19 23 24 15 20 24
17 17 21 21 25 0 24 18 23 25 18 21
25 15 16 17 19 24 0 25 15 23 25 23
18 20 19 20 23 18 25 0 17 19 22 23
24 25 20 19 24 23 15 17 0 25 20 23
25 22 20 19 15 25 23 19 25 0 21 20
17 24 21 16 20 18 25 22 20 21 0 15
24 23 24 23 24 21 23 23 23 20 15 0
