10
10
52 128 65 61 25 16 37 145 155 111
150 78 95 51 52 125 40 28 91 5
62 148 101 22 32 50 36 102 36 24
92 87 29 8 54 99 2 100 17 102
120 18 139 6 125 35 86 67 48 70
33 136 72 120 113 16 50 53 12 37
40 42 83 96 136 103 160 30 66 125
104 14 110 140 98 159 103 62 88 86
153 73 48 8 48 143 132 2 113 13
47 126 30 82 100 16 119 99 63 33
0 25 24 21 17 20 17 15 18 17 20 24
25 0 21 18 25 16 15 24 21 23 23 25
24 21 0 16 23 22 16 18 23 24 21 16
21 18 16 0 17 18 20 18 20 21 25 16
17 25 23 17 0 21 23 17 18 18 21 23
20 16 22 18 21 0 18 15 15 18 21 22
17 15 16 20 23 18 0 19 21 18 24 15
15 24 18 18 17 15 19 0 20 15 15 20
18 21 23 20 18 15 21 20 0 24 24 22
17 23 24 21 18 18 18 15 24 0 23 16
20 23 21 25 21 21 24 15 24 23 0 17
24 25 16 16 23 22 15 20 22 16 17 0
