10
22
29 29 23 39 10 32 11 8 19 11 39 18 5 39 39 34 35 7 17 23 4 20
37 3 30 8 19 35 28 16 25 20 21 13 37 6 12 9 7 12 9 8 39 2
16 29 24 40 36 18 6 35 25 16 24 34 2 8 21 15 9 37 18 26 33 11
22 6 17 20 35 16 20 14 27 23 11 23 17 16 22 38 32 18 27 37 12 30
39 29 19 33 4 21 40 15 25 5 3 31 33 1 24 25 15 19 36 37 22 14
13 10 37 26 28 22 12 25 25 15 23 39 33 17 30 19 9 7 6 2 19 21
35 29 18 30 34 16 39 40 14 4 4 2 24 34 1 11 14 18 24 24 38 30
33 3 31 30 10 5 37 28 22 3 37 39 8 9 32 5 5 4 28 40 4 22
31 13 20 6 12 36 5 31 9 26 27 14 7 31 22 21 14 30 16 39 13 7
38 8 39 8 19 26 31 30 36 13 31 34 14 13 37 37 11 4 4 21 22 39
0 19 17 24 25 19 21 16 23 15 19 15
19 0 24 24 18 25 24 17 24 18 25 23
17 24 0 20 21 17 21 18 19 19 21 23
24 24 20 0 16 25 17 25 24 21 23 20
25 18 21 16 0 19 18 15 15 15 20 18
19 25 17 25 19 0 24 25 15 25 17 23
21 24 21 17 18 24 0 15 21 20 17 19
16 17 18 25 15 25 15 0 22 15 18 23
23 24 19 24 15 15 21 22 0 15 18 20
15 18 19 21 15 25 20 15 15 0 20 20
19 25 21 23 20 17 17 18 18 20 0 23
15 23 23 20 18 23 19 23 20 20 23 0
