10
22
97 13 54 1 97 40 103 47 97 5 42 120 28 58 6 99 83 64 103 115 83 13
99 37 1 61 113 68 62 76 17 11 7 32 85 100 44 101 47 39 92 93 45 77
61 75 79 98 97 32 2 21 85 11 9 2 119 101 39 65 36 69 55 8 38 110
103 109 31 93 110 66 15 93 89 3 101 40 19 69 4 46 73 55 85 108 2 72
35 36 41 24 20 35 18 73 93 101 21 47 4 1 38 3 32 10 50 92 62 47
63 24 66 74 83 71 114 28 109 100 113 116 109 25 100 40 105 119 89 93 95 107
108 22 10 88 39 42 109 29 21 65 65 85 54 22 110 90 102 72 7 98 32 89
51 102 6 101 25 8 76 17 42 59 75 61 25 60 57 24 28 29 53 79 55 44
12 46 34 62 118 48 38 12 27 68 65 90 65 23 15 117 16 4 69 95 78 108
60 63 107 18 93 50 46 89 69 5 112 30 6 67 68 105 57 117 23 26 39 71
0 21 25 24 25 23 21 24 16 24 15 16
21 0 19 25 15 24 25 24 21 19 17 25
25 19 0 20 20 17 24 23 19 24 23 21
24 25 20 0 17 17 19 18 22 17 19 25
25 15 20 17 0 20 16 19 18 20 20 20
23 24 17 17 20 0 16 18 19 19 17 21
21 25 24 19 16 16 0 16 25 19 22 25
24 24 23 18 19 18 16 0 20 22 22 15
16 21 19 22 18 19 25 20 0 23 20 24
24 19 24 17 20 19 19 22 23 0 20 19
15 17 23 19 20 17 22 22 20 20 0 16
16 25 21 25 20 21 25 15 24 19 16 0
