10
6
24 12 11 33 2 29
24 16 31 13 35 4
35 34 24 27 10 35
19 3 4 8 25 3
39 33 11 30 13 35
16 27 1 12 29 26
30 22 38 40 10 5
1 4 25 40 3 3
27 38 2 3 25 32
23 1 16 18 2 1
0 18 16 21 20 21 21 24 25 16 24 22
18 0 16 15 20 20 19 16 22 23 17 17
16 16 0 23 20 16 24 19 20 17 16 25
21 15 23 0 23 17 22 20 16 24 21 24
20 20 20 23 0 15 22 15 15 18 24 24
21 20 16 17 15 0 23 16 20 17 21 17
21 19 24 22 22 23 0 17 21 15 18 22
24 16 19 20 15 16 17 0 20 18 20 21
25 22 20 16 15 20 21 20 0 25 16 16
16 23 17 24 18 17 15 18 25 0 24 23
24 17 16 21 24 21 18 20 16 24 0 16
22 17 25 24 24 17 22 21 16 23 16 0
