10
20
91 73 132 69 61 7 12 95 134 42 14 100 110 52 46 78 24 113 32 143
120 41 102 68 2 93 97 65 58 23 17 30 54 6 148 139 78 124 102 30
131 27 129 95 103 63 139 56 116 107 3 68 154 38 138 73 131 110 94 113
152 111 148 102 60 63 6 111 82 84 105 134 89 7 18 106 62 13 131 92
66 68 143 153 53 97 6 30 29 109 133 4 36 49 92 5 102 112 101 156
145 41 51 32 35 114 145 22 118 90 114 33 73 130 109 12 89 51 78 140
48 80 72 42 37 123 113 49 58 5 138 98 124 49 159 118 157 51 120 70
53 86 90 50 72 44 40 65 124 43 45 36 155 65 152 100 31 1 95 135
153 114 106 30 141 93 74 8 59 150 132 11 36 112 78 91 138 6 67 80
1 39 149 23 43 157 147 29 7 140 141 61 122 98 54 69 110 85 38 130
0 24 16 16 16 17 17 23 24 23 18 21
24 0 23 22 17 19 22 23 17 24 24 24
16 23 0 25 17 16 25 24 16 21 18 16
16 22 25 0 25 18 24 18 17 25 21 24
16 17 17 25 0 16 21 16 21 22 16 18
17 19 16 18 16 0 22 23 18 24 23 15
17 22 25 24 21 22 0 21 21 17 18 16
23 23 24 18 16 23 21 0 25 21 22 18
24 17 16 17 21 18 21 25 0 21 20 16
23 24 21 25 22 24 17 21 21 0 20 24
18 24 18 21 16 23 18 22 20 20 0 17
21 24 16 24 18 15 16 18 16 24 17 0
