10
18
23 33 32 31 26 5 4 23 3 5 37 4 22 9 23 10 16 18
12 19 3 18 26 39 7 16 5 21 20 12 12 19 3 11 29 5
11 14 20 35 35 34 28 22 20 38 34 30 20 28 14 17 26 23
30 38 18 14 1 1 30 26 16 6 29 2 40 11 4 38 14 33
40 21 33 34 4 18 11 38 17 11 31 5 2 36 18 23 6 35
13 27 6 1 28 1 26 10 32 1 38 24 3 38 26 32 37 21
24 21 2 8 14 1 38 33 13 8 22 28 18 24 17 22 12 15
4 17 18 3 1 40 27 32 29 2 2 40 11 10 25 7 9 1
17 33 20 1 24 26 18 35 12 3 40 7 16 30 35 24 4 34
9 13 32 30 31 38 29 37 1 34 7 23 37 1 23 7 22 3
0 16 23 15 20 17 16 23 21 17 16 17
16 0 25 18 20 22 16 24 21 25 21 20
23 25 0 21 19 16 20 18 15 20 15 15
15 18 21 0 20 16 23 21 25 18 22 16
20 20 19 20 0 17 22 24 18 16 20 20
17 22 16 16 17 0 18 17 17 18 15 21
16 16 20 23 22 18 0 15 17 20 20 23
23 24 18 21 24 17 15 0 17 21 15 18
21 21 15 25 18 17 17 17 0 19 21 23
17 25 20 18 16 18 20 21 19 0 25 17
16 21 15 22 20 15 20 15 21 25 0 21
17 20 15 16 20 21 23 18 23 17 21 0
