10
12
89 130 120 103 5 77 119 80 138 82 145 4
151 55 59 122 116 150 139 3 94 95 42 142
152 47 26 108 129 43 15 11 33 34 148 54
13 56 127 59 53 152 20 113 155 27 61 2
107 35 73 46 19 143 28 130 85 121 48 53
7 115 116 148 24 14 61 134 155 51 86 144
107 59 32 87 10 64 93 2 63 124 122 136
59 34 75 149 89 109 49 78 135 61 95 151
54 129 79 106 4 58 102 140 34 14 65 151
13 121 45 24 9 83 136 55 105 115 62 85
0 25 25 24 17 18 24 22 17 17 19 22
25 0 21 22 25 19 19 22 18 18 25 15
25 21 0 25 15 20 25 25 25 17 18 16
24 22 25 0 22 21 24 22 15 21 20 24
17 25 15 22 0 24 21 22 25 18 24 23
18 19 20 21 24 0 18 19 21 24 19 21
24 19 25 24 21 18 0 20 23 21 25 16
22 22 25 22 22 19 20 0 25 25 22 23
17 18 25 15 25 21 23 25 0 19 18 25
17 18 17 21 18 24 21 25 19 0 24 18
19 25 18 20 24 19 25 22 18 24 0 22
22 15 16 24 23 21 16 23 25 18 22 0
