10
24
33 22 33 34 39 32 33 1 20 9 32 12 24 15 24 8 40 2 16 25 3 30 1 14
18 32 29 31 19 15 18 6 27 28 21 14 3 31 12 33 12 32 39 26 8 3 14 22
4 22 7 32 29 33 31 11 6 10 25 21 37 22 7 34 37 4 20 5 1 40 13 17
1 18 19 38 22 6 13 16 31 19 8 1 20 26 28 36 37 20 20 19 19 10 32 6
22 37 14 19 34 3 6 32 5 16 10 37 4 17 8 33 36 11 11 38 2 5 21 27
3 21 19 13 1 35 15 17 29 17 35 35 5 3 29 32 15 29 25 3 1 34 32 22
18 29 13 9 7 2 32 16 29 5 40 22 5 33 36 19 11 13 27 12 15 10 3 38
14 15 30 38 8 14 39 5 33 13 30 6 7 34 36 24 6 8 21 31 14 6 40 7
37 39 9 36 26 4 22 11 7 27 22 39 21 37 19 20 19 24 21 35 5 13 9 21
20 21 3 21 22 25 29 24 36 9 27 1 13 23 3 13 16 28 1 20 7 25 35 10
0 22 15 25 15 17 15 20 24 23 16 19
22 0 24 24 21 22 19 20 25 17 16 21
15 24 0 21 21 19 24 25 18 23 22 20
25 24 21 0 23 25 24 25 23 15 16 25
15 21 21 23 0 24 17 16 20 15 20 22
17 22 19 25 24 0 16 16 21 17 18 20
15 19 24 24 17 16 0 21 19 15 22 25
20 20 25 25 16 16 21 0 15 15 22 24
24 25 18 23 20 21 19 15 0 16 17 25
23 17 23 15 15 17 15 15 16 0 21 25
16 16 22 16 20 18 22 22 17 21 0 17
19 21 20 25 22 20 25 24 25 25 17 0
