10
14
54 108 9 11 113 96 12 76 17 18 54 38 35 112
9 18 28 101 41 72 97 23 50 85 107 105 110 15
7 85 113 16 67 96 87 117 72 105 117 19 100 66
68 86 17 45 13 38 31 115 75 113 4 20 50 75
59 76 102 82 111 70 111 4 76 42 91 77 29 102
74 68 19 50 77 114 74 9 14 55 119 31 55 106
47 107 84 108 23 58 60 111 33 6 39 45 111 64
39 3 98 12 100 21 12 17 14 48 73 88 108 87
41 27 120 51 99 31 91 11 42 36 4 2 31 54
111 56 24 52 83 115 115 43 106 72 47 47 15 66
0 16 24 23 16 21 17 20 15 20 24 22
16 0 25 20 19 25 24 23 25 16 17 22
24 25 0 20 17 15 15 25 25 18 18 23
23 20 20 0 21 15 17 20 23 22 23 17
16 19 17 21 0 24 19 18 20 25 22 24
21 25 15 15 24 0 17 17 25 21 18 15
17 24 15 17 19 17 0 25 15 19 24 23
20 23 25 20 18 17 25 0 18 16 19 21
15 25 25 23 20 25 15 18 0 16 21 17
20 16 18 22 25 21 19 16 16 0 15 15
24 17 18 23 22 18 24 19 21 15 0 23
22 22 23 17 24 15 23 21 17 15 23 0
