10
4
38 18 30 10
19 4 7 40
19 7 1 24
35 39 11 28
17 31 33 31
4 15 7 40
14 8 23 20
23 8 30 13
20 39 32 17
13 4 3 4
0 25 21 21 18 21 22 21 22 15 19 21
25 0 20 19 17 22 17 23 23 24 24 20
21 20 0 20 19 19 17 18 18 18 24 15
21 19 20 0 24 20 23 16 25 18 24 19
18 17 19 24 0 22 25 19 21 24 24 22
21 22 19 20 22 0 16 16 21 19 16 22
22 17 17 23 25 16 0 18 25 23 22 17
21 23 18 16 19 16 18 0 16 22 17 25
22 23 18 25 21 21 25 16 0 22 22 20
15 24 18 18 24 19 23 22 22 0 16 19
19 24 24 24 24 16 22 17 22 16 0 15
21 20 15 19 22 22 17 25 20 19 15 0
