10
24
130 28 50 92 8 43 38 133 41 34 98 32 2 94 147 56 41 137 10 132 152 94 69 36
12 33 101 118 37 127 10 35 16 40 27 89 21 63 51 29 6 83 96 128 6 69 155 33
29 26 148 33 143 102 136 114 26 114 47 24 58 33 138 83 49 124 78 130 38 44 46 73
151 157 27 13 85 154 122 79 154 142 115 84 5 44 72 14 13 117 135 159 68 115 135 113
31 102 25 69 42 150 136 69 5 80 104 54 80 62 49 115 5 110 135 140 120 105 31 83
81 65 47 159 131 15 84 134 116 80 153 141 91 136 153 46 126 129 38 119 118 7 65 8
47 102 17 53 89 45 83 29 147 113 88 40 57 43 137 129 123 125 53 108 16 76 147 142
46 140 47 111 156 27 127 46 140 116 61 135 30 48 150 4 135 96 66 10 96 79 34 29
50 48 48 152 4 93 145 71 133 137 68 103 113 147 17 90 57 156 125 77 128 154 138 157
97 97 87 148 98 19 114 79 77 104 125 134 102 137 43 22 4 30 15 9 14 77 55 151
0 18 15 22 21 18 23 16 15 20 24 23
18 0 16 16 16 21 21 15 24 20 24 19
15 16 0 23 19 21 23 23 23 21 16 19
22 16 23 0 15 23 18 18 17 21 19 17
21 16 19 15 0 20 16 17 17 23 22 19
18 21 21 23 20 0 18 15 24 25 18 15
23 21 23 18 16 18 0 15 23 16 17 18
16 15 23 18 17 15 15 0 18 23 24 15
15 24 23 17 17 24 23 18 0 23 20 18
20 20 21 21 23 25 16 23 23 0 22 15
24 24 16 19 22 18 17 24 20 22 0 21
23 19 19 17 19 15 18 15 18 15 21 0
