10
12
111 23 38 38 70 12 83 52 53 50 90 14
87 67 47 34 52 23 9 58 41 89 104 13
44 96 6 70 39 59 96 94 8 40 97 105
8 9 17 43 32 83 29 17 64 59 51 85
80 119 115 16 77 61 25 45 114 44 65 73
38 40 13 48 98 103 55 86 3 65 30 62
5 93 25 27 68 62 84 7 108 111 8 4
110 93 85 68 46 31 15 48 90 32 58 90
97 24 115 39 120 120 87 58 120 115 67 91
96 95 87 26 20 62 20 53 106 117 117 20
0 15 25 22 20 18 22 16 20 20 25 19
15 0 19 23 20 18 16 22 20 23 18 20
25 19 0 17 23 22 20 16 15 16 21 17
22 23 17 0 24 22 23 20 16 24 24 22
20 20 23 24 0 18 24 19 17 22 18 17
18 18 22 22 18 0 15 25 15 25 21 21
22 16 20 23 24 15 0 23 25 19 21 16
16 22 16 20 19 25 23 0 23 18 15 15
20 20 15 16 17 15 25 23 0 25 16 23
20 23 16 24 22 25 19 18 25 0 17 23
25 18 21 24 18 21 21 15 16 17 0 25
19 20 17 22 17 21 16 15 23 23 25 0
