10
18
11 24 75 8 21 10 17 53 49 62 26 69 21 60 25 70 45 57
70 63 2 37 24 27 72 67 42 45 4 72 72 71 62 41 63 78
28 42 49 15 20 23 33 45 32 54 7 23 13 13 50 68 41 12
12 61 21 24 20 66 29 58 77 40 10 36 34 28 8 60 72 77
54 35 17 47 16 70 71 6 59 72 65 23 22 6 30 14 52 10
4 55 1 60 41 54 45 4 33 17 9 36 78 15 7 37 11 78
59 32 67 59 75 13 12 13 67 72 37 5 61 74 73 38 70 17
70 80 57 78 5 74 69 80 41 43 14 72 75 78 33 43 63 28
7 34 54 49 75 78 4 62 39 38 8 62 50 73 5 43 40 78
43 63 56 38 43 41 42 16 60 35 19 80 28 21 63 23 10 8
0 16 20 16 23 18 17 23 22 18 15 17
16 0 17 16 23 19 19 16 25 22 17 21
20 17 0 21 15 21 15 20 21 15 19 25
16 16 21 0 22 16 18 25 16 19 19 22
23 23 15 22 0 22 22 24 22 24 25 23
18 19 21 16 22 0 16 20 22 22 23 23
17 19 15 18 22 16 0 23 21 23 23 24
23 16 20 25 24 20 23 0 18 23 20 17
22 25 21 16 22 22 21 18 0 18 19 21
18 22 15 19 24 22 23 23 18 0 17 25
15 17 19 19 25 23 23 20 19 17 0 20
17 21 25 22 23 23 24 17 21 25 20 0
