10
24
32 3 11 32 98 76 39 89 29 110 24 110 63 36 22 61 11 24 84 65 61 59 110 115
39 101 59 48 23 85 88 20 28 16 84 81 96 79 16 116 15 74 42 41 79 102 67 7
32 96 4 102 7 95 68 5 8 79 3 62 100 66 10 60 23 99 112 1 14 91 17 67
24 20 13 47 22 26 103 114 95 61 12 43 87 21 28 85 10 102 78 66 22 79 25 39
78 6 39 88 88 94 91 51 75 68 41 95 91 36 54 1 113 25 40 82 16 104 70 15
82 13 24 96 36 11 66 100 62 88 62 120 120 32 87 34 53 71 97 64 80 103 9 85
81 17 115 69 90 42 93 80 113 23 76 35 118 46 60 99 67 94 99 26 37 21 13 43
6 74 40 53 25 104 44 100 54 17 112 83 60 28 72 61 76 24 50 90 21 117 30 29
15 104 88 119 55 6 64 15 24 90 22 3 111 69 40 42 118 18 52 18 80 23 101 34
37 28 22 13 55 11 30 3 88 11 102 104 74 40 52 80 31 99 96 113 15 41 95 44
0 22 18 20 19 16 17 15 20 17 25 17
22 0 20 21 19 24 19 17 22 16 18 23
18 20 0 22 16 21 23 17 23 25 20 24
20 21 22 0 20 23 17 19 25 21 23 21
19 19 16 20 0 22 19 20 15 20 25 17
16 24 21 23 22 0 16 19 17 16 20 15
17 19 23 17 19 16 0 22 21 15 25 22
15 17 17 19 20 19 22 0 21 19 23 24
20 22 23 25 15 17 21 21 0 18 17 22
17 16 25 21 20 16 15 19 18 0 19 16
25 18 20 23 25 20 25 23 17 19 0 25
17 23 24 21 17 15 22 24 22 16 25 0
