10
6
21 30 27 20 9 32
20 29 3 22 32 34
17 24 39 5 21 6
22 5 23 2 28 15
19 20 11 23 10 9
13 31 14 32 2 33
22 11 29 24 23 17
36 17 20 24 13 9
31 5 8 22 35 4
32 33 7 34 5 37
0 20 17 15 19 25 19 20 18 24 15 18
20 0 18 18 19 25 24 16 24 16 21 23
17 18 0 15 23 17 23 17 25 23 22 24
15 18 15 0 18 16 19 25 25 19 18 24
19 19 23 18 0 24 17 22 25 22 20 15
25 25 17 16 24 0 25 21 24 22 21 21
19 24 23 19 17 25 0 23 18 21 20 25
20 16 17 25 22 21 23 0 19 24 21 21
18 24 25 25 25 24 18 19 0 24 17 18
24 16 23 19 22 22 21 24 24 0 19 19
15 21 22 18 20 21 20 21 17 19 0 23
18 23 24 24 15 21 25 21 18 19 23 0
