10
12
5 60 35 35 16 44 100 23 84 96 90 1
45 55 45 113 91 118 61 89 38 61 61 62
58 50 34 8 63 78 10 55 108 60 92 62
51 11 101 98 45 107 43 95 118 96 52 110
54 45 39 108 29 7 101 10 34 101 115 63
98 70 78 91 40 30 36 26 44 83 97 6
118 120 19 65 120 7 44 89 85 45 54 38
16 43 73 115 53 63 6 103 90 56 92 91
5 45 34 23 63 74 104 103 57 36 1 34
77 74 77 102 70 29 25 99 1 61 44 21
0 21 20 19 22 22 23 18 20 23 16 22
21 0 17 17 17 19 17 22 16 19 15 22
20 17 0 17 22 18 22 25 23 17 19 17
19 17 17 0 23 25 21 23 25 21 16 19
22 17 22 23 0 18 24 23 24 24 25 21
22 19 18 25 18 0 25 23 19 18 18 20
23 17 22 21 24 25 0 25 21 21 23 18
18 22 25 23 23 23 25 0 23 15 25 23
20 16 23 25 24 19 21 23 0 16 15 21
23 19 17 21 24 18 21 15 16 0 24 16
16 15 19 16 25 18 23 25 15 24 0 21
22 22 17 19 21 20 18 23 21 16 21 0
