10
14
118 85 89 48 90 3 94 111 149 102 155 66 126 98
56 137 17 27 21 33 9 153 95 85 119 68 15 143
29 10 107 102 38 111 96 86 19 22 34 131 160 41
34 69 48 114 108 109 74 113 41 151 106 75 126 135
155 44 29 101 88 158 63 144 153 72 30 127 59 125
145 2 12 73 7 58 10 10 12 105 12 17 137 109
31 153 30 67 42 147 90 97 122 2 109 62 38 127
24 85 102 9 33 125 116 134 1 107 48 149 71 133
11 17 79 149 109 101 127 147 94 101 149 131 13 144
56 75 107 113 1 19 139 134 75 102 159 38 21 51
0 18 21 19 24 16 21 19 17 21 22 16
18 0 20 23 20 16 19 20 22 23 16 16
21 20 0 21 21 22 20 16 23 20 24 21
19 23 21 0 15 17 25 15 20 24 20 18
24 20 21 15 0 18 21 23 19 21 23 21
16 16 22 17 18 0 17 18 17 15 23 23
21 19 20 25 21 17 0 18 19 19 17 22
19 20 16 15 23 18 18 0 16 18 15 19
17 22 23 20 19 17 19 16 0 16 15 20
21 23 20 24 21 15 19 18 16 0 16 21
22 16 24 20 23 23 17 15 15 16 0 20
16 16 21 18 21 23 22 19 20 21 20 0
