10
12
92 5 27 58 114 97 84 31 98 38 74 5
120 61 91 37 69 80 92 85 7 51 59 23
5 97 3 95 94 119 31 79 98 37 92 15
64 102 67 58 109 8 68 71 37 25 70 52
3 84 80 118 3 101 108 76 50 67 93 75
6 60 54 18 78 58 71 49 22 15 111 63
68 50 83 81 57 95 108 11 77 80 118 10
17 3 59 56 5 82 7 90 8 23 56 78
68 99 61 14 103 49 66 69 23 26 4 39
69 59 104 27 88 63 106 117 35 67 94 119
0 25 20 25 23 16 24 24 18 18 21 21
25 0 22 22 19 15 20 25 23 25 22 22
20 22 0 19 21 25 20 20 21 24 20 17
25 22 19 0 22 19 24 25 24 19 21 21
23 19 21 22 0 21 25 24 25 19 21 20
16 15 25 19 21 0 21 23 17 22 21 23
24 20 20 24 25 21 0 17 17 18 24 21
24 25 20 25 24 23 17 0 21 25 17 17
18 23 21 24 25 17 17 21 0 17 17 17
18 25 24 19 19 22 18 25 17 0 18 20
21 22 20 21 21 21 24 17 17 18 0 17
21 22 17 21 20 23 21 17 17 20 17 0
