10
20
126 63 70 63 52 87 42 49 138 134 131 77 126 47 72 112 82 138 140 56
112 127 152 77 114 55 86 145 144 143 59 13 115 147 125 80 123 22 38 86
17 63 153 122 14 23 57 148 7 95 54 96 115 96 3 114 123 104 17 140
6 149 45 45 102 98 61 59 88 99 24 105 35 52 11 122 62 23 143 142
119 37 21 136 116 153 76 28 94 104 78 43 90 49 142 142 93 15 27 71
80 60 53 24 23 4 120 5 116 154 97 82 83 57 119 16 74 147 32 98
130 89 82 68 142 54 144 50 157 112 20 89 44 79 45 119 147 8 139 115
126 17 74 50 83 101 48 4 86 69 154 82 76 39 27 110 115 145 136 125
28 67 18 157 87 150 130 79 113 2 2 153 149 118 144 10 100 53 44 151
110 84 87 116 37 99 41 70 90 73 143 52 24 120 6 133 12 28 160 70
0 25 22 17 16 22 21 23 20 19 21 20
25 0 20 18 18 18 24 21 16 18 20 21
22 20 0 16 15 21 17 15 19 25 16 25
17 18 16 0 16 15 16 17 18 25 18 24
16 18 15 16 0 21 23 21 25 25 18 25
22 18 21 15 21 0 25 17 20 16 25 19
21 24 17 16 23 25 0 18 24 25 21 21
23 21 15 17 21 17 18 0 15 18 24 21
20 16 19 18 25 20 24 15 0 20 15 18
19 18 25 25 25 16 25 18 20 0 18 25
21 20 16 18 18 25 21 24 15 18 0 21
20 21 25 24 25 19 21 21 18 25 21 0
