10
6
23 37 80 25 54 72
65 3 11 6 39 2
49 59 49 18 17 49
23 46 15 66 17 24
32 46 54 23 39 69
75 60 68 25 11 19
80 21 55 53 27 16
78 75 55 41 1 16
41 35 5 60 5 69
34 65 26 59 70 43
0 18 22 23 21 16 17 23 24 16 18 21
18 0 25 20 18 25 25 16 21 22 20 15
22 25 0 23 19 25 15 22 23 19 20 19
23 20 23 0 19 24 18 24 15 15 20 19
21 18 19 19 0 24 21 15 17 17 17 17
16 25 25 24 24 0 22 24 18 17 25 16
17 25 15 18 21 22 0 24 24 21 24 19
23 16 22 24 15 24 24 0 19 22 24 18
24 21 23 15 17 18 24 19 0 15 22 15
16 22 19 15 17 17 21 22 15 0 24 23
18 20 20 20 17 25 24 24 22 24 0 21
21 15 19 19 17 16 19 18 15 23 21 0
