10
22
6 15 7 31 23 37 21 37 8 5 1 6 21 28 19 22 10 5 12 1 18 6
34 16 32 32 15 11 19 15 5 40 34 34 11 21 3 21 30 32 17 15 18 22
36 8 12 18 10 25 2 19 33 32 3 1 20 19 37 28 33 21 5 17 23 38
3 32 20 37 27 11 25 38 37 6 26 25 15 11 34 11 33 33 37 23 12 24
10 12 34 6 31 29 14 11 12 21 24 21 6 34 4 8 36 24 36 38 31 11
19 28 19 29 27 3 4 26 12 4 1 15 24 15 3 28 33 19 38 12 18 12
10 7 2 3 9 20 4 8 32 34 5 25 21 30 18 8 8 8 14 5 2 38
25 12 35 38 36 30 26 34 33 19 16 30 4 38 30 38 21 31 40 11 31 4
35 8 33 29 18 32 22 4 17 37 23 34 27 8 3 2 10 27 23 37 20 11
38 19 34 4 25 21 1 34 12 24 32 32 29 28 37 23 8 23 9 7 5 8
0 21 20 23 19 21 16 24 23 22 25 25
21 0 20 17 25 15 15 15 25 25 17 21
20 20 0 19 23 24 18 24 25 20 22 23
23 17 19 0 22 25 15 17 15 19 23 15
19 25 23 22 0 20 23 18 21 19 18 19
21 15 24 25 20 0 24 19 24 23 22 17
16 15 18 15 23 24 0 19 21 17 23 25
24 15 24 17 18 19 19 0 23 20 21 21
23 25 25 15 21 24 21 23 0 17 24 15
22 25 20 19 19 23 17 20 17 0 19 17
25 17 22 23 18 22 23 21 24 19 0 24
25 21 23 15 19 17 25 21 15 17 24 0
