10
8
22 32 80 35 57 119 73 131
118 84 151 95 96 85 108 6
113 90 135 92 57 40 157 89
144 100 152 59 118 23 87 154
151 82 10 98 100 80 22 12
66 60 80 146 77 37 145 120
119 29 135 9 93 117 154 127
89 159 84 15 92 87 48 55
152 97 108 27 113 93 30 89
57 10 157 71 5 50 64 110
0 17 23 15 19 15 20 18 24 18 25 16
17 0 15 23 15 25 21 18 18 23 25 18
23 15 0 15 16 22 16 17 15 25 22 19
15 23 15 0 15 23 18 15 22 20 24 22
19 15 16 15 0 15 15 19 22 18 20 25
15 25 22 23 15 0 17 19 23 16 25 25
20 21 16 18 15 17 0 15 15 22 20 17
18 18 17 15 19 19 15 0 25 17 19 17
24 18 15 22 22 23 15 25 0 16 17 22
18 23 25 20 18 16 22 17 16 0 20 24
25 25 22 24 20 25 20 19 17 20 0 24
16 18 19 22 25 25 17 17 22 24 24 0
