10
12
12 28 16 4 13 2 15 20 10 21 13 3
5 39 27 28 13 20 29 26 21 20 2 8
11 2 10 31 1 36 12 24 34 14 8 39
40 8 26 4 12 1 35 39 31 22 1 2
2 24 25 38 16 26 18 17 22 10 18 34
22 10 15 7 14 17 1 4 23 39 7 10
25 26 33 3 12 9 9 11 20 33 8 26
31 31 23 25 7 7 25 4 9 15 23 22
16 26 30 10 38 36 3 22 27 33 10 5
16 17 38 23 33 32 5 34 1 14 29 2
0 21 22 24 24 20 16 24 25 15 17 24
21 0 18 24 20 17 18 22 20 19 15 18
22 18 0 20 23 20 24 22 24 21 23 15
24 24 20 0 25 16 23 19 21 23 17 19
24 20 23 25 0 21 22 16 25 23 18 24
20 17 20 16 21 0 15 19 24 15 25 19
16 18 24 23 22 15 0 17 20 25 17 17
24 22 22 19 16 19 17 0 19 16 24 22
25 20 24 21 25 24 20 19 0 22 24 20
15 19 21 23 23 15 25 16 22 0 21 19
17 15 23 17 18 25 17 24 24 21 0 17
24 18 15 19 24 19 17 22 20 19 17 0
