10
20
2 18 30 21 14 20 29 36 24 28 13 17 13 15 19 40 3 15 7 34
27 17 16 13 12 16 8 32 18 5 20 5 21 16 35 25 23 37 31 38
27 22 31 4 1 37 39 10 33 32 2 28 4 16 14 24 15 9 33 4
10 9 15 38 31 2 35 28 40 13 14 21 6 25 26 17 26 14 31 35
8 36 26 15 15 7 13 25 25 17 5 33 36 18 31 6 32 23 23 32
3 13 24 10 10 28 12 33 29 39 31 9 33 15 20 35 19 18 26 35
39 14 19 5 17 13 14 1 17 35 10 32 5 28 40 36 33 40 7 26
35 30 8 3 6 1 24 22 23 7 12 37 17 36 21 11 26 32 18 31
13 10 33 1 32 35 5 5 19 23 24 39 40 12 32 28 32 13 27 1
3 31 21 29 39 31 18 38 8 37 22 13 40 15 23 27 26 30 33 37
0 24 22 17 18 23 24 24 16 18 25 25
24 0 19 16 16 20 23 17 17 23 22 16
22 19 0 21 16 24 15 22 16 17 22 19
17 16 21 0 21 15 16 19 24 15 23 20
18 16 16 21 0 19 16 15 23 19 15 22
23 20 24 15 19 0 15 22 20 24 15 18
24 23 15 16 16 15 0 16 21 19 18 17
24 17 22 19 15 22 16 0 19 19 25 17
16 17 16 24 23 20 21 19 0 15 15 17
18 23 17 15 19 24 19 19 15 0 25 17
25 22 22 23 15 15 18 25 15 25 0 17
25 16 19 20 22 18 17 17 17 17 17 0
