10
8
116 79 18 51 105 71 36 99
7 115 3 50 38 74 31 56
115 96 90 116 6 92 44 87
92 26 37 108 20 62 20 67
120 54 67 112 18 105 112 83
37 100 63 3 70 102 61 111
83 92 6 111 20 114 55 105
118 45 35 117 82 64 108 72
95 85 53 73 35 77 78 115
10 109 114 49 1 103 50 116
0 18 23 19 22 25 21 23 24 24 19 19
18 0 23 19 23 16 23 25 16 19 20 25
23 23 0 25 16 20 15 23 18 23 19 17
19 19 25 0 22 20 21 17 23 17 22 23
22 23 16 22 0 19 18 22 23 24 25 21
25 16 20 20 19 0 19 15 25 18 21 23
21 23 15 21 18 19 0 24 21 18 20 16
23 25 23 17 22 15 24 0 25 25 23 18
24 16 18 23 23 25 21 25 0 20 25 23
24 19 23 17 24 18 18 25 20 0 17 15
19 20 19 22 25 21 20 23 25 17 0 22
19 25 17 23 21 23 16 18 23 15 22 0
