10
24
62 8 45 49 115 47 94 66 20 115 39 3 32 48 47 14 95 110 38 8 34 45 67 75
66 110 103 60 81 104 42 84 49 74 95 46 63 68 116 22 31 111 91 115 59 90 42 110
105 85 118 119 18 95 14 86 74 76 14 100 111 70 52 15 19 114 97 27 9 105 7 58
3 4 85 102 4 120 100 5 108 86 31 11 74 26 69 99 109 97 12 79 78 17 17 17
97 55 96 64 81 6 42 118 61 4 74 115 25 86 59 73 116 15 98 68 31 25 76 5
18 56 89 74 119 70 53 38 15 83 111 85 14 109 112 30 39 20 90 17 55 28 54 23
77 94 76 14 90 23 86 29 114 28 24 117 45 24 119 18 91 11 67 34 113 114 36 77
29 8 60 12 84 14 75 78 11 64 29 106 43 77 4 14 37 6 120 10 12 100 113 20
95 118 111 21 16 10 100 40 105 69 13 87 61 17 24 23 118 34 101 116 76 17 78 59
28 10 29 105 80 111 18 110 26 96 46 75 40 109 24 17 106 26 72 11 92 11 7 104
0 20 19 25 25 17 22 21 15 17 19 15
20 0 23 22 22 19 22 15 25 24 15 15
19 23 0 16 16 21 15 18 20 20 22 22
25 22 16 0 24 16 19 21 20 16 18 22
25 22 16 24 0 17 15 22 22 25 17 18
17 19 21 16 17 0 25 15 18 18 25 22
22 22 15 19 15 25 0 25 24 17 21 22
21 15 18 21 22 15 25 0 18 21 15 21
15 25 20 20 22 18 24 18 0 15 15 20
17 24 20 16 25 18 17 21 15 0 25 15
19 15 22 18 17 25 21 15 15 25 0 16
15 15 22 22 18 22 22 21 20 15 16 0
