10
24
125 131 155 134 61 63 103 11 155 122 153 137 122 41 120 142 29 72 98 117 151 31 62 152
70 116 110 52 20 76 74 137 53 54 77 58 41 151 155 125 11 66 51 97 111 127 15 3
103 88 17 141 48 71 75 141 78 126 146 155 159 86 121 88 72 130 53 2 112 23 111 101
69 52 12 101 36 16 65 50 109 6 40 124 24 113 83 116 119 125 149 4 55 66 127 115
95 135 46 89 61 9 5 67 72 54 139 72 113 138 24 104 88 80 63 57 13 61 60 101
146 17 3 137 29 148 27 89 141 159 38 32 120 73 91 23 33 72 6 99 133 122 137 58
106 24 9 145 147 78 26 58 101 34 92 63 6 105 104 101 63 111 105 102 120 83 135 90
131 159 152 133 86 153 59 79 150 131 23 112 96 96 116 128 61 95 114 26 73 5 129 145
35 128 153 135 40 44 147 114 33 159 54 46 19 135 32 102 86 69 141 45 158 100 136 73
73 37 98 42 133 84 129 114 106 134 148 157 91 89 67 124 123 150 10 67 78 49 52 29
0 17 25 25 19 16 15 20 15 17 21 24
17 0 24 20 25 23 17 23 24 19 22 20
25 24 0 25 20 18 16 25 17 18 18 15
25 20 25 0 16 25 17 16 20 25 15 24
19 25 20 16 0 20 16 20 18 22 19 22
16 23 18 25 20 0 19 16 16 19 24 16
15 17 16 17 16 19 0 25 20 18 21 22
20 23 25 16 20 16 25 0 22 20 19 18
15 24 17 20 18 16 20 22 0 24 21 18
17 19 18 25 22 19 18 20 24 0 16 25
21 22 18 15 19 24 21 19 21 16 0 20
24 20 15 24 22 16 22 18 18 25 20 0
