10
8
104 27 29 52 23 14 52 19
102 51 21 38 53 64 63 69
104 75 7 48 64 73 70 60
47 105 71 57 107 112 89 30
50 6 36 10 6 74 97 52
3 87 97 11 63 103 94 72
41 74 17 64 68 111 51 105
19 31 55 32 92 95 95 3
71 79 44 94 66 23 60 55
83 32 64 102 111 80 46 24
0 25 23 24 16 23 18 16 21 25 16 16
25 0 23 23 17 19 20 23 23 19 15 23
23 23 0 16 17 25 17 24 21 15 21 24
24 23 16 0 19 25 22 17 23 21 20 17
16 17 17 19 0 17 16 22 17 20 16 16
23 19 25 25 17 0 22 15 17 23 18 21
18 20 17 22 16 22 0 23 20 25 18 17
16 23 24 17 22 15 23 0 24 25 24 18
21 23 21 23 17 17 20 24 0 20 20 22
25 19 15 21 20 23 25 25 20 0 17 25
16 15 21 20 16 18 18 24 20 17 0 21
16 23 24 17 16 21 17 18 22 25 21 0
