10
6
25 19 21 23 38 19
14 7 18 20 11 7
37 23 22 10 33 35
3 20 22 6 18 20
26 11 14 36 1 20
34 32 35 25 14 40
27 12 31 34 16 12
16 16 2 19 19 20
40 15 17 13 29 8
40 29 30 5 29 25
0 20 20 15 16 20 16 18 19 16 15 22
20 0 15 17 19 23 18 24 24 18 25 16
20 15 0 19 25 24 17 24 17 20 21 18
15 17 19 0 15 18 21 15 17 22 22 23
16 19 25 15 0 24 21 17 23 20 24 24
20 23 24 18 24 0 23 25 22 19 22 19
16 18 17 21 21 23 0 16 18 21 22 16
18 24 24 15 17 25 16 0 15 18 21 21
19 24 17 17 23 22 18 15 0 25 23 21
16 18 20 22 20 19 21 18 25 0 19 17
15 25 21 22 24 22 22 21 23 19 0 18
22 16 18 23 24 19 16 21 21 17 18 0
