10
22
41 22 17 17 66 40 16 48 1 71 61 60 25 9 61 80 73 63 39 70 32 46
51 39 57 8 5 9 75 39 3 8 61 30 58 22 27 80 65 65 15 74 14 60
6 66 12 22 47 21 13 13 2 16 20 31 80 19 78 68 21 29 10 76 31 46
62 8 7 42 60 65 74 62 71 42 1 75 59 2 6 2 32 39 38 6 45 47
42 18 53 51 18 51 78 20 79 61 16 37 46 76 33 15 4 64 34 20 21 15
35 44 28 44 27 51 70 58 57 41 42 45 1 40 62 78 46 52 33 13 48 79
51 15 23 22 46 71 68 34 18 57 72 15 5 44 7 74 71 15 49 63 29 36
29 19 19 9 63 54 36 32 76 32 45 66 79 58 51 8 7 80 73 65 54 77
32 43 77 34 69 7 42 48 65 70 75 75 64 26 20 29 50 70 31 74 24 80
36 70 67 36 80 41 62 57 28 13 56 73 10 80 23 70 18 63 19 62 76 12
0 17 21 24 23 23 22 24 17 21 24 22
17 0 25 20 21 21 19 25 17 21 15 20
21 25 0 15 20 17 24 17 24 16 21 18
24 20 15 0 18 23 15 15 21 25 16 16
23 21 20 18 0 25 17 16 23 20 25 17
23 21 17 23 25 0 17 15 16 19 18 15
22 19 24 15 17 17 0 18 19 17 22 25
24 25 17 15 16 15 18 0 21 17 19 19
17 17 24 21 23 16 19 21 0 24 18 19
21 21 16 25 20 19 17 17 24 0 20 25
24 15 21 16 25 18 22 19 18 20 0 17
22 20 18 16 17 15 25 19 19 25 17 0
