10
18
14 16 27 27 26 23 21 4 30 3 32 21 13 37 16 37 8 26
16 16 27 25 10 8 37 4 22 35 39 4 22 27 23 2 12 22
10 5 12 23 25 18 3 40 21 14 37 2 10 30 13 8 33 5
7 21 33 3 1 30 29 39 1 11 20 6 12 21 34 15 8 38
7 12 37 25 9 37 10 15 13 15 7 30 4 16 11 13 28 39
38 28 7 13 14 27 28 18 15 16 39 4 19 25 13 11 18 2
32 12 39 30 12 23 34 15 35 36 11 28 25 40 34 37 5 10
4 37 22 40 14 13 6 25 10 34 2 40 30 37 22 5 11 12
22 25 37 1 8 22 29 4 27 28 16 32 6 12 18 20 28 14
31 2 10 29 39 27 22 38 17 34 20 36 11 7 7 23 1 9
0 24 17 19 22 15 20 23 17 16 24 22
24 0 16 15 24 16 25 19 15 19 22 16
17 16 0 16 21 24 16 23 15 22 17 24
19 15 16 0 19 16 25 19 25 25 21 22
22 24 21 19 0 19 22 21 15 22 18 24
15 16 24 16 19 0 16 16 20 15 15 21
20 25 16 25 22 16 0 23 25 15 15 21
23 19 23 19 21 16 23 0 23 17 22 24
17 15 15 25 15 20 25 23 0 19 20 18
16 19 22 25 22 15 15 17 19 0 16 17
24 22 17 21 18 15 15 22 20 16 0 22
22 16 24 22 24 21 21 24 18 17 22 0
