10
10
70 92 39 14 26 43 23 72 77 98
110 50 79 106 117 84 104 93 104 81
70 10 44 55 80 5 44 66 35 30
11 117 118 34 92 54 106 65 54 67
61 18 55 69 53 69 36 99 66 89
14 103 56 47 104 82 19 24 48 25
19 35 79 106 38 10 113 26 74 26
70 51 89 63 16 97 61 84 110 58
23 21 43 4 52 18 104 18 99 70
66 5 91 12 15 95 103 10 65 99
0 20 24 21 19 16 25 18 18 18 15 22
20 0 21 19 20 24 24 18 25 18 23 17
24 21 0 19 18 24 19 20 24 20 23 23
21 19 19 0 17 24 24 15 23 19 15 25
19 20 18 17 0 18 23 21 18 22 17 18
16 24 24 24 18 0 24 19 20 21 25 24
25 24 19 24 23 24 0 17 17 24 20 21
18 18 20 15 21 19 17 0 15 20 17 17
18 25 24 23 18 20 17 15 0 23 16 21
18 18 20 19 22 21 24 20 23 0 22 22
15 23 23 15 17 25 20 17 16 22 0 22
22 17 23 25 18 24 21 17 21 22 22 0
