10
4
33 41 124 109
108 152 8 108
37 89 91 39
22 38 12 97
145 114 149 34
93 107 103 9
79 33 97 155
142 71 146 23
50 63 93 159
63 35 97 32
0 15 17 21 15 18 22 16 18 16 20 25
15 0 25 17 18 15 20 17 23 24 21 22
17 25 0 24 24 23 17 20 18 15 20 22
21 17 24 0 21 22 25 19 21 25 23 24
15 18 24 21 0 22 18 21 17 25 22 22
18 15 23 22 22 0 18 24 17 18 21 15
22 20 17 25 18 18 0 24 17 17 22 19
16 17 20 19 21 24 24 0 24 17 17 24
18 23 18 21 17 17 17 24 0 16 15 21
16 24 15 25 25 18 17 17 16 0 18 24
20 21 20 23 22 21 22 17 15 18 0 21
25 22 22 24 22 15 19 24 21 24 21 0
