10
20
37 73 73 36 92 77 86 89 82 35 110 89 105 104 15 106 76 91 93 34
12 10 6 33 26 15 13 60 75 31 56 35 17 10 13 86 15 6 59 73
72 3 118 24 45 55 24 91 64 8 45 78 120 115 116 102 40 101 21 106
103 106 45 14 7 35 101 51 76 55 109 112 68 30 46 32 116 46 70 103
107 77 17 42 37 3 115 5 19 42 13 65 73 71 51 9 104 7 87 4
105 61 34 87 19 19 41 42 4 11 86 20 61 39 120 15 47 24 26 7
84 54 94 48 27 19 120 99 81 55 75 79 10 107 3 13 23 64 41 80
87 34 92 43 97 41 35 117 36 108 57 21 20 104 87 21 40 113 73 103
29 33 11 94 105 111 109 83 78 32 61 30 114 114 112 59 8 3 24 55
106 116 82 87 109 99 87 119 34 64 83 43 111 63 29 16 110 49 70 43
0 17 15 18 24 17 15 25 23 17 25 17
17 0 18 17 16 22 24 15 17 18 16 15
15 18 0 19 22 20 16 18 15 19 18 25
18 17 19 0 15 25 16 24 24 19 22 19
24 16 22 15 0 22 23 25 23 25 15 24
17 22 20 25 22 0 16 17 22 22 19 19
15 24 16 16 23 16 0 20 15 17 23 19
25 15 18 24 25 17 20 0 20 24 17 24
23 17 15 24 23 22 15 20 0 20 16 23
17 18 19 19 25 22 17 24 20 0 22 24
25 16 18 22 15 19 23 17 16 22 0 18
17 15 25 19 24 19 19 24 23 24 18 0
