10
12
80 73 30 71 5 5 46 11 79 57 72 35
45 28 38 59 6 31 55 35 24 44 35 1
47 49 3 67 9 22 25 75 72 2 25 62
19 17 48 67 34 18 68 14 73 34 37 28
28 11 59 33 4 41 55 41 14 1 40 26
12 67 70 10 26 3 33 7 47 34 43 24
78 28 13 30 56 48 42 72 68 3 58 59
11 18 56 70 3 20 30 74 23 64 75 11
40 38 54 49 33 8 32 28 63 26 10 30
26 22 16 37 66 42 21 78 16 63 25 51
0 19 24 24 25 22 15 21 25 18 23 23
19 0 24 25 15 17 15 15 23 16 20 24
24 24 0 21 18 22 18 22 22 24 17 18
24 25 21 0 17 23 24 20 24 23 18 22
25 15 18 17 0 15 19 19 22 21 21 23
22 17 22 23 15 0 24 17 19 18 18 25
15 15 18 24 19 24 0 24 24 17 24 23
21 15 22 20 19 17 24 0 25 21 20 25
25 23 22 24 22 19 24 25 0 21 16 16
18 16 24 23 21 18 17 21 21 0 22 15
23 20 17 18 21 18 24 20 16 22 0 25
23 24 18 22 23 25 23 25 16 15 25 0
