10
24
116 92 87 105 46 158 33 85 69 135 96 71 40 58 109 69 128 62 51 95 52 105 21 12
62 49 144 68 133 155 140 156 119 90 98 151 74 85 108 158 156 3 114 101 136 84 114 93
106 20 117 112 46 104 36 38 90 4 32 97 137 88 29 23 53 149 122 96 130 132 2 2
84 32 105 117 83 75 43 141 58 7 48 68 39 60 107 134 60 70 96 9 38 27 153 119
17 88 12 65 45 45 38 124 61 135 71 60 127 13 16 52 130 39 139 36 5 48 132 22
138 31 80 61 101 131 47 69 23 56 9 129 87 82 40 21 62 95 103 140 85 105 12 9
107 66 134 13 55 35 103 106 2 108 84 59 14 124 121 95 137 135 88 81 88 18 151 93
98 107 41 57 80 33 137 101 83 125 95 116 14 47 22 99 48 159 114 110 141 94 119 51
57 117 89 93 24 131 124 50 126 84 56 39 127 113 155 139 98 5 15 35 108 112 104 123
101 8 101 10 157 79 26 101 85 53 146 13 115 144 40 13 66 9 92 50 160 153 116 64
0 24 19 19 17 15 15 25 17 17 17 22
24 0 15 25 15 23 22 17 17 17 21 18
19 15 0 20 15 19 20 20 15 20 22 20
19 25 20 0 22 15 24 18 19 24 19 22
17 15 15 22 0 25 15 25 25 19 21 24
15 23 19 15 25 0 15 18 16 22 22 22
15 22 20 24 15 15 0 18 23 16 23 17
25 17 20 18 25 18 18 0 19 24 25 15
17 17 15 19 25 16 23 19 0 22 22 22
17 17 20 24 19 22 16 24 22 0 24 17
17 21 22 19 21 22 23 25 22 24 0 23
22 18 20 22 24 22 17 15 22 17 23 0
