10
12
72 29 143 156 48 5 8 102 56 39 118 123
2 45 2 115 78 82 127 139 158 71 142 84
22 35 153 100 37 14 62 73 81 37 10 43
152 42 37 130 113 13 131 97 36 29 156 20
59 79 131 97 124 3 48 110 77 16 55 59
127 94 152 59 46 98 112 37 98 35 82 13
39 36 47 32 133 32 37 92 54 61 44 125
46 77 73 120 22 78 125 123 74 28 40 126
32 20 101 126 21 15 86 1 52 146 64 60
31 160 147 157 22 151 7 113 160 88 95 38
0 15 21 16 24 24 25 21 23 22 20 21
15 0 19 17 22 15 24 20 18 20 19 24
21 19 0 15 22 21 16 18 22 15 17 16
16 17 15 0 24 24 16 24 23 19 16 20
24 22 22 24 0 19 16 24 17 23 25 20
24 15 21 24 19 0 20 19 19 18 21 21
25 24 16 16 16 20 0 19 23 16 19 17
21 20 18 24 24 19 19 0 18 15 21 21
23 18 22 23 17 19 23 18 0 15 20 18
22 20 15 19 23 18 16 15 15 0 22 23
20 19 17 16 25 21 19 21 20 22 0 25
21 24 16 20 20 21 17 21 18 23 25 0
