10
26
31 6 33 7 34 38 31 40 24 11 34 7 16 3 20 5 15 25 6 21 22 24 10 3 1 34
35 22 22 32 20 12 26 11 34 21 21 7 29 10 39 17 2 4 30 35 33 35 33 37 25 39
33 22 16 21 32 13 17 10 3 9 20 30 39 37 10 29 2 40 3 19 15 39 28 17 32 37
15 4 13 18 40 1 19 11 21 14 5 10 2 34 36 36 14 5 19 40 34 1 5 39 14 40
17 28 8 27 35 12 26 26 24 34 25 8 2 22 4 32 22 16 5 29 11 19 22 11 21 17
23 20 3 18 12 22 7 14 31 23 40 25 25 10 9 6 21 27 22 7 2 33 13 24 36 26
5 39 12 11 10 14 27 22 13 5 26 23 11 16 22 12 8 28 30 30 37 31 1 21 29 36
8 7 38 13 2 2 19 34 26 21 12 38 38 7 26 40 6 17 9 24 18 29 15 39 7 15
28 17 1 16 2 26 12 11 25 19 9 7 25 36 12 26 17 31 31 38 40 38 6 6 9 39
34 36 20 5 17 5 24 9 17 26 3 37 13 17 19 39 40 24 4 20 7 4 7 7 11 17
0 20 23 17 24 25 16 24 22 17 19 15
20 0 18 17 15 20 22 16 24 25 23 23
23 18 0 24 19 25 19 24 16 18 18 23
17 17 24 0 16 24 20 15 20 18 18 22
24 15 19 16 0 16 18 20 15 16 25 25
25 20 25 24 16 0 19 18 18 24 20 21
16 22 19 20 18 19 0 16 16 16 25 25
24 16 24 15 20 18 16 0 18 22 24 17
22 24 16 20 15 18 16 18 0 21 18 19
17 25 18 18 16 24 16 22 21 0 21 20
19 23 18 18 25 20 25 24 18 21 0 17
15 23 23 22 25 21 25 17 19 20 17 0
