10
20
145 94 35 73 147 76 42 81 37 84 94 117 92 49 118 100 154 121 42 149
143 138 41 133 152 138 59 26 80 50 107 35 130 71 34 60 66 79 105 20
9 63 11 17 97 2 132 85 42 22 139 111 9 45 126 112 159 71 139 59
57 106 156 89 21 93 1 2 66 43 124 100 95 95 37 39 87 144 135 104
113 93 160 134 127 62 23 159 22 30 54 23 38 95 10 92 77 87 119 118
131 85 50 147 84 142 132 100 21 70 122 13 84 24 150 55 44 71 34 101
38 10 8 141 72 108 31 137 39 8 39 136 16 87 150 129 54 150 59 141
19 20 87 13 120 93 36 148 124 96 116 151 93 64 61 110 157 24 31 101
40 126 134 84 110 53 133 21 151 118 11 11 62 150 118 14 5 6 117 70
97 86 102 53 92 47 9 95 97 152 77 30 69 18 67 31 90 144 49 35
0 25 24 25 20 15 24 18 15 16 15 25
25 0 24 22 22 21 21 18 17 21 15 23
24 24 0 19 21 24 19 15 25 22 16 20
25 22 19 0 25 16 17 17 16 24 25 20
20 22 21 25 0 20 23 24 16 22 23 25
15 21 24 16 20 0 22 18 19 20 25 20
24 21 19 17 23 22 0 15 23 16 17 19
18 18 15 17 24 18 15 0 24 17 20 24
15 17 25 16 16 19 23 24 0 23 23 17
16 21 22 24 22 20 16 17 23 0 19 24
15 15 16 25 23 25 17 20 23 19 0 19
25 23 20 20 25 20 19 24 17 24 19 0
