10
6
31 20 67 54 57 78
56 25 66 7 68 27
63 62 67 74 69 1
75 6 28 59 57 76
1 21 24 55 14 58
54 62 19 42 28 15
65 1 80 69 69 15
65 32 41 37 55 78
67 8 61 15 32 52
54 58 14 34 56 57
0 22 23 17 17 16 24 23 22 17 16 19
22 0 16 22 23 17 23 24 20 15 23 19
23 16 0 22 24 24 20 25 19 22 23 19
17 22 22 0 15 17 18 19 24 21 23 15
17 23 24 15 0 17 22 16 23 22 18 25
16 17 24 17 17 0 23 17 19 16 25 25
24 23 20 18 22 23 0 15 22 18 21 21
23 24 25 19 16 17 15 0 20 16 18 19
22 20 19 24 23 19 22 20 0 20 16 22
17 15 22 21 22 16 18 16 20 0 19 18
16 23 23 23 18 25 21 18 16 19 0 19
19 19 19 15 25 25 21 19 22 18 19 0
