10
6
3 3 20 40 18 6
23 3 31 27 10 8
6 1 2 32 6 3
25 12 4 5 22 29
17 33 31 35 16 11
30 24 15 32 18 6
25 15 14 6 40 12
1 33 21 24 39 31
33 28 2 14 1 1
5 36 38 20 15 20
0 16 24 23 17 20 15 22 19 20 21 16
16 0 19 20 15 20 24 21 21 19 18 17
24 19 0 19 17 15 17 17 20 16 23 23
23 20 19 0 17 24 15 15 18 16 21 22
17 15 17 17 0 16 21 20 22 15 18 24
20 20 15 24 16 0 24 20 24 21 15 22
15 24 17 15 21 24 0 25 23 17 17 19
22 21 17 15 20 20 25 0 24 15 23 15
19 21 20 18 22 24 23 24 0 16 17 16
20 19 16 16 15 21 17 15 16 0 17 16
21 18 23 21 18 15 17 23 17 17 0 25
16 17 23 22 24 22 19 15 16 16 25 0
