10
8
55 59 2 43 11 21 63 16
41 6 17 40 20 9 16 78
15 43 25 8 57 63 32 70
27 40 68 42 6 69 56 13
72 76 26 75 71 75 23 74
35 80 63 60 51 1 27 2
61 36 1 39 65 52 17 18
34 56 72 21 50 49 11 11
75 32 71 68 80 65 80 80
64 44 30 64 64 48 64 2
0 20 24 21 17 16 23 23 20 16 18 19
20 0 15 22 16 18 23 16 23 25 18 25
24 15 0 19 24 18 18 22 18 17 17 18
21 22 19 0 25 16 20 25 16 18 15 24
17 16 24 25 0 24 17 24 23 18 19 20
16 18 18 16 24 0 23 23 23 25 16 19
23 23 18 20 17 23 0 25 25 19 16 17
23 16 22 25 24 23 25 0 25 25 23 23
20 23 18 16 23 23 25 25 0 18 19 19
16 25 17 18 18 25 19 25 18 0 15 23
18 18 17 15 19 16 16 23 19 15 0 24
19 25 18 24 20 19 17 23 19 23 24 0
