10
6
13 84 118 91 71 119
11 105 46 32 55 53
87 89 30 52 20 93
98 4 76 30 37 27
1 7 62 61 87 61
11 86 82 59 119 51
109 46 44 2 87 31
116 23 119 6 9 93
117 94 33 18 111 48
100 96 43 6 59 63
0 18 17 22 22 23 21 24 22 15 21 22
18 0 20 17 20 23 25 16 20 20 16 15
17 20 0 15 21 17 25 22 20 18 25 15
22 17 15 0 25 23 24 24 16 17 15 23
22 20 21 25 0 24 15 21 17 15 18 15
23 23 17 23 24 0 25 21 16 17 17 18
21 25 25 24 15 25 0 24 15 25 17 22
24 16 22 24 21 21 24 0 20 23 19 18
22 20 20 16 17 16 15 20 0 16 22 17
15 20 18 17 15 17 25 23 16 0 23 21
21 16 25 15 18 17 17 19 22 23 0 21
22 15 15 23 15 18 22 18 17 21 21 0
