10
10
24 88 51 108 65 5 35 10 79 1
117 62 99 63 40 5 48 43 37 66
80 34 113 79 110 39 40 118 111 27
81 31 34 28 21 78 95 6 7 81
2 20 28 8 19 85 58 38 120 42
37 120 104 95 67 16 85 29 5 88
104 74 50 96 120 60 114 38 60 86
47 58 106 26 44 112 77 39 3 120
14 28 102 120 83 58 53 76 59 18
79 4 53 96 18 97 67 30 29 60
0 23 18 24 18 24 21 18 18 17 24 18
23 0 25 17 24 17 20 18 16 25 24 19
18 25 0 20 16 22 24 24 18 18 18 24
24 17 20 0 18 17 18 19 25 15 24 23
18 24 16 18 0 24 16 21 16 20 19 19
24 17 22 17 24 0 20 23 15 21 18 21
21 20 24 18 16 20 0 23 21 22 24 18
18 18 24 19 21 23 23 0 16 23 21 24
18 16 18 25 16 15 21 16 0 17 25 21
17 25 18 15 20 21 22 23 17 0 18 24
24 24 18 24 19 18 24 21 25 18 0 25
18 19 24 23 19 21 18 24 21 24 25 0
