10
24
26 15 10 28 4 31 39 31 3 37 10 34 11 11 37 10 27 18 9 8 3 5 38 9
19 19 3 35 31 25 10 29 31 37 10 20 7 19 11 14 17 22 36 7 23 25 7 9
24 1 33 27 5 15 12 25 12 38 30 37 23 38 36 39 7 19 12 19 23 21 13 4
40 10 38 37 39 30 32 29 36 16 38 25 13 11 8 19 25 3 30 15 12 12 23 27
24 38 25 30 14 16 33 37 14 27 1 2 29 28 36 37 40 17 34 14 26 31 24 17
39 17 40 5 29 15 2 20 31 7 24 20 3 28 39 36 34 17 6 25 32 18 20 20
27 12 25 17 21 34 3 1 26 36 5 16 34 11 28 35 7 10 25 19 38 23 36 24
25 26 37 10 36 1 40 27 27 15 12 37 8 20 7 30 16 22 29 34 12 32 36 40
27 28 15 4 18 29 9 4 11 34 13 4 15 13 12 4 37 10 21 1 9 2 6 7
33 34 18 17 30 38 12 13 26 6 16 2 4 15 14 3 14 31 39 21 21 8 28 33
0 25 23 20 24 16 21 18 17 25 25 18
25 0 18 16 24 16 17 24 17 16 25 22
23 18 0 23 17 16 15 17 25 15 15 23
20 16 23 0 24 15 17 20 18 21 18 20
24 24 17 24 0 16 25 21 15 16 16 21
16 16 16 15 16 0 23 21 25 19 19 18
21 17 15 17 25 23 0 18 24 25 24 22
18 24 17 20 21 21 18 0 24 22 15 23
17 17 25 18 15 25 24 24 0 16 15 21
25 16 15 21 16 19 25 22 16 0 17 15
25 25 15 18 16 19 24 15 15 17 0 19
18 22 23 20 21 18 22 23 21 15 19 0
