10
16
23 56 20 54 97 40 24 13 102 35 107 90 107 16 80 117
100 20 65 84 56 87 52 2 53 120 42 27 23 54 102 21
116 101 62 67 103 9 41 107 47 27 48 57 113 101 68 34
38 54 95 110 119 38 41 68 81 71 32 2 66 68 109 49
38 44 6 116 98 31 57 49 17 84 18 62 104 39 26 19
117 62 16 30 81 99 40 111 14 14 89 70 59 112 71 59
7 49 96 54 86 79 117 22 77 63 91 31 69 28 92 5
6 96 50 26 49 56 6 90 76 5 60 13 67 32 72 79
15 17 54 27 21 109 39 97 102 84 116 60 55 49 4 76
60 38 16 97 3 76 100 114 86 101 8 74 100 119 68 3
0 19 16 25 23 19 19 18 20 25 25 22
19 0 21 20 20 20 19 18 19 21 24 20
16 21 0 22 16 19 25 24 15 23 24 20
25 20 22 0 22 20 19 21 15 18 25 19
23 20 16 22 0 23 25 19 17 21 23 24
19 20 19 20 23 0 15 25 24 17 20 24
19 19 25 19 25 15 0 15 25 17 15 24
18 18 24 21 19 25 15 0 21 20 23 24
20 19 15 15 17 24 25 21 0 19 23 20
25 21 23 18 21 17 17 20 19 0 25 16
25 24 24 25 23 20 15 23 23 25 0 18
22 20 20 19 24 24 24 24 20 16 18 0
