10
24
117 114 29 136 112 140 132 138 47 2 49 100 102 145 160 56 134 38 109 160 27 23 125 58
114 12 50 122 86 2 46 91 137 149 151 131 32 155 68 158 23 5 64 73 140 21 92 32
113 91 154 41 155 56 62 34 140 84 51 49 137 4 152 13 42 121 19 100 68 90 47 94
133 57 55 22 142 115 49 57 41 47 78 160 143 98 125 83 86 38 44 17 140 92 129 142
148 108 119 142 79 89 61 1 108 143 40 120 67 88 66 1 65 38 150 132 70 20 5 151
147 98 88 10 105 148 146 16 143 109 12 25 11 64 94 110 51 118 106 121 144 102 3 155
68 121 75 159 64 122 58 51 43 108 132 51 58 81 133 102 125 145 79 93 22 41 16 11
77 5 1 140 4 72 88 11 99 133 80 66 142 104 33 144 108 104 49 133 85 156 16 15
95 118 69 141 86 159 102 57 160 41 113 55 108 60 58 61 39 33 74 136 6 23 156 68
137 98 37 83 144 120 71 112 58 134 140 111 98 107 136 17 68 12 48 1 107 13 140 150
0 17 20 17 15 19 16 22 21 23 25 24
17 0 25 25 17 22 22 19 17 22 18 21
20 25 0 23 21 17 18 21 25 25 16 25
17 25 23 0 16 23 23 22 22 23 16 19
15 17 21 16 0 23 19 16 24 22 23 23
19 22 17 23 23 0 24 16 16 20 17 22
16 22 18 23 19 24 0 15 16 16 22 18
22 19 21 22 16 16 15 0 17 18 21 19
21 17 25 22 24 16 16 17 0 17 23 16
23 22 25 23 22 20 16 18 17 0 17 25
25 18 16 16 23 17 22 21 23 17 0 16
24 21 25 19 23 22 18 19 16 25 16 0
