10
26
67 112 29 64 1 55 92 36 138 85 155 100 77 122 35 104 150 114 138 109 125 35 47 80 141 144
93 102 88 121 29 2 77 146 65 93 31 141 72 60 45 106 78 132 8 88 110 135 155 15 83 124
86 99 148 155 38 68 95 35 140 77 14 143 130 104 2 23 57 5 23 16 148 30 95 118 156 71
74 117 68 61 25 4 73 88 4 29 69 83 64 98 113 84 36 101 109 5 155 5 2 115 51 112
27 35 154 74 100 27 133 144 29 46 1 11 27 9 69 101 134 121 51 1 20 42 93 107 64 87
124 33 67 48 136 150 98 54 97 118 112 27 84 50 21 116 89 5 27 44 131 62 62 158 9 69
89 82 115 41 14 150 65 20 4 42 18 22 110 116 56 89 76 101 126 123 146 51 133 157 85 113
68 56 86 69 13 106 123 23 1 114 2 127 47 27 152 120 143 15 111 120 21 53 89 39 65 92
112 6 46 62 94 75 9 5 42 6 17 66 64 107 36 2 55 159 1 149 38 33 36 51 63 139
111 148 97 145 30 23 42 101 84 102 137 98 19 9 123 114 139 21 127 54 142 137 145 156 15 55
0 19 25 24 19 24 16 17 24 18 23 23
19 0 20 15 15 24 24 25 15 25 15 20
25 20 0 17 22 22 16 25 20 25 21 15
24 15 17 0 19 18 17 23 25 25 17 25
19 15 22 19 0 16 19 18 20 24 21 16
24 24 22 18 16 0 19 18 18 22 25 19
16 24 16 17 19 19 0 19 23 15 18 21
17 25 25 23 18 18 19 0 22 16 17 22
24 15 20 25 20 18 23 22 0 20 18 20
18 25 25 25 24 22 15 16 20 0 22 15
23 15 21 17 21 25 18 17 18 22 0 21
23 20 15 25 16 19 21 22 20 15 21 0
