10
22
83 32 51 157 24 109 110 85 158 100 76 4 36 99 64 96 44 160 108 29 6 32
16 115 7 18 135 101 27 71 27 67 59 92 106 94 47 154 107 38 39 85 135 123
146 103 71 12 120 127 30 157 30 49 21 118 2 143 111 63 24 102 121 148 83 65
92 139 89 100 69 91 42 132 51 30 103 160 130 39 69 89 28 41 145 126 84 154
42 77 136 11 96 109 79 34 18 27 72 78 85 38 24 76 64 123 123 145 82 132
35 51 44 124 115 159 158 89 132 99 139 67 158 32 115 95 125 84 23 41 107 44
118 45 156 118 41 135 28 113 30 48 95 54 119 107 3 23 30 4 75 67 129 13
155 92 159 149 38 93 50 24 50 154 91 154 53 33 65 57 84 150 25 144 119 141
58 45 130 19 3 23 3 137 56 126 132 27 31 36 23 57 76 52 72 33 29 97
12 156 80 130 54 151 65 148 103 74 144 54 17 62 132 107 2 118 43 44 117 3
0 17 20 25 16 17 23 24 17 22 19 18
17 0 24 24 19 23 20 15 17 23 18 17
20 24 0 20 25 25 23 21 19 24 19 25
25 24 20 0 22 15 19 19 17 21 16 22
16 19 25 22 0 23 24 25 24 17 24 16
17 23 25 15 23 0 15 22 20 18 16 15
23 20 23 19 24 15 0 15 22 21 20 16
24 15 21 19 25 22 15 0 17 16 19 21
17 17 19 17 24 20 22 17 0 24 20 15
22 23 24 21 17 18 21 16 24 0 20 15
19 18 19 16 24 16 20 19 20 20 0 18
18 17 25 22 16 15 16 21 15 15 18 0
