10
4
71 54 20 30
71 116 61 64
39 60 43 69
16 95 91 83
28 74 78 75
93 53 49 87
69 46 7 58
32 26 38 7
114 75 68 14
74 48 113 37
0 21 24 20 16 17 17 15 15 25 19 16
21 0 17 17 23 21 22 21 23 20 23 15
24 17 0 17 20 22 20 22 22 23 16 25
20 17 17 0 21 16 19 21 25 25 23 16
16 23 20 21 0 17 20 16 15 21 17 17
17 21 22 16 17 0 23 23 20 23 25 17
17 22 20 19 20 23 0 15 19 23 18 17
15 21 22 21 16 23 15 0 18 23 19 18
15 23 22 25 15 20 19 18 0 22 19 18
25 20 23 25 21 23 23 23 22 0 19 18
19 23 16 23 17 25 18 19 19 19 0 21
16 15 25 16 17 17 17 18 18 18 21 0
