10
24
53 39 59 61 34 20 45 61 53 80 19 9 49 79 59 37 47 15 4 17 45 11 50 19
32 2 71 75 51 62 28 74 59 62 53 29 36 7 16 4 25 53 66 22 26 31 8 22
36 69 42 12 65 80 32 23 59 20 23 38 45 53 3 66 71 57 48 44 56 4 45 15
80 40 49 34 78 17 2 19 66 18 49 60 67 50 60 55 39 8 20 47 41 25 21 18
3 42 6 12 70 73 46 50 47 76 63 24 35 52 14 2 59 52 10 17 63 56 60 33
71 45 32 45 63 60 50 31 30 43 10 73 25 66 13 63 26 19 49 62 79 5 7 31
76 4 43 22 47 19 78 54 19 43 54 53 62 57 61 17 37 36 63 37 27 74 34 39
52 50 28 54 10 26 73 70 80 7 32 8 76 5 76 3 33 32 7 80 59 80 30 19
33 73 72 49 45 32 68 58 26 32 80 24 63 60 19 8 71 33 41 70 62 68 20 29
11 54 55 49 15 80 34 10 9 3 68 35 45 35 28 58 5 16 41 74 16 22 59 59
0 24 16 21 22 25 23 23 19 16 21 17
24 0 16 23 16 23 20 15 22 19 18 17
16 16 0 25 21 25 22 22 25 24 16 19
21 23 25 0 15 19 16 25 16 17 24 22
22 16 21 15 0 24 22 22 20 18 22 21
25 23 25 19 24 0 16 21 23 25 21 20
23 20 22 16 22 16 0 17 23 18 23 15
23 15 22 25 22 21 17 0 23 19 25 15
19 22 25 16 20 23 23 23 0 19 23 15
16 19 24 17 18 25 18 19 19 0 17 17
21 18 16 24 22 21 23 25 23 17 0 23
17 17 19 22 21 20 15 15 15 17 23 0
