10
16
23 19 26 14 38 2 36 10 9 15 11 39 8 7 15 17
28 34 5 2 13 30 37 22 13 33 26 8 18 14 35 2
39 5 23 29 21 5 39 10 23 9 34 10 19 30 34 39
38 33 33 1 15 37 37 25 5 31 21 34 36 20 20 8
33 40 17 1 10 11 33 22 37 26 5 10 10 29 8 11
7 19 39 6 7 39 21 9 26 27 1 26 17 9 37 23
9 16 29 36 16 25 24 28 30 10 20 26 5 35 31 27
40 21 5 27 26 7 25 31 8 7 9 23 26 34 6 39
25 33 37 6 18 11 4 29 31 39 11 28 20 27 23 26
31 29 10 18 17 29 35 38 11 36 15 14 7 17 13 40
0 15 19 17 18 20 23 25 19 17 23 18
15 0 19 18 23 19 23 23 16 22 22 22
19 19 0 16 18 18 25 20 15 24 25 23
17 18 16 0 24 17 15 25 24 25 18 21
18 23 18 24 0 23 23 22 21 18 15 18
20 19 18 17 23 0 16 22 21 22 18 25
23 23 25 15 23 16 0 16 19 19 22 18
25 23 20 25 22 22 16 0 21 23 20 25
19 16 15 24 21 21 19 21 0 18 17 25
17 22 24 25 18 22 19 23 18 0 22 24
23 22 25 18 15 18 22 20 17 22 0 17
18 22 23 21 18 25 18 25 25 24 17 0
