10
22
118 154 106 68 141 6 135 57 2 60 38 107 72 88 57 76 38 50 46 112 12 35
70 31 143 47 89 96 35 155 115 9 53 142 131 103 65 116 66 42 154 111 112 34
11 157 28 114 102 13 20 9 10 18 28 97 34 149 50 38 8 80 34 152 128 113
121 39 95 29 141 141 160 52 108 127 35 52 8 118 62 104 15 20 27 23 95 54
80 33 16 108 55 32 16 21 139 55 18 69 128 50 116 49 150 103 125 29 116 160
79 69 138 140 22 29 125 53 58 105 40 48 99 70 90 3 84 15 112 144 11 13
26 146 4 153 121 141 36 88 70 6 94 28 47 120 26 5 107 32 93 90 97 10
113 105 124 120 148 136 119 73 57 6 98 99 25 50 148 94 126 32 93 59 7 54
156 23 109 6 110 155 137 138 14 116 8 134 119 97 68 125 99 146 138 22 153 57
112 147 143 156 148 77 125 6 88 37 4 92 119 41 79 30 96 44 155 59 85 94
0 25 20 15 17 15 16 20 23 17 19 16
25 0 22 16 23 24 18 23 16 19 21 16
20 22 0 19 22 19 24 24 16 19 19 21
15 16 19 0 21 19 17 22 15 20 24 22
17 23 22 21 0 23 20 21 16 19 15 21
15 24 19 19 23 0 15 19 15 15 18 15
16 18 24 17 20 15 0 21 15 24 23 21
20 23 24 22 21 19 21 0 17 16 24 17
23 16 16 15 16 15 15 17 0 23 19 16
17 19 19 20 19 15 24 16 23 0 23 21
19 21 19 24 15 18 23 24 19 23 0 23
16 16 21 22 21 15 21 17 16 21 23 0
