10
10
61 75 20 25 79 63 22 43 11 97
98 79 74 18 36 65 38 91 68 31
54 27 28 89 46 73 68 54 117 54
59 39 34 65 27 59 9 41 6 37
5 79 75 38 101 13 82 32 6 95
31 83 25 120 54 49 62 9 7 86
48 109 54 102 120 77 55 22 33 8
93 109 61 70 20 60 42 37 112 67
66 74 64 39 32 81 79 12 41 24
68 38 46 94 18 74 45 14 114 19
0 20 18 23 17 18 23 19 19 18 24 15
20 0 15 24 23 16 25 20 18 16 19 23
18 15 0 18 25 16 21 25 20 22 18 17
23 24 18 0 21 19 18 22 20 15 24 18
17 23 25 21 0 19 19 24 15 19 15 19
18 16 16 19 19 0 22 18 23 15 19 21
23 25 21 18 19 22 0 25 22 16 17 25
19 20 25 22 24 18 25 0 19 25 20 24
19 18 20 20 15 23 22 19 0 23 15 23
18 16 22 15 19 15 16 25 23 0 24 17
24 19 18 24 15 19 17 20 15 24 0 16
15 23 17 18 19 21 25 24 23 17 16 0
