10
14
21 79 21 51 63 71 77 14 28 10 41 57 43 52
52 55 50 78 62 31 32 2 21 33 15 72 5 40
16 56 15 2 18 24 76 14 64 42 28 1 5 7
26 37 37 42 9 3 21 69 61 55 14 41 19 20
12 36 46 73 15 12 33 50 47 14 77 10 48 73
42 56 11 4 70 21 42 56 46 15 76 21 61 31
59 38 38 8 32 79 69 35 31 10 4 14 66 6
39 26 14 78 51 55 42 19 59 24 74 28 55 31
6 21 2 74 46 77 10 2 70 15 6 43 56 65
38 48 45 69 47 48 3 71 50 4 24 53 12 46
0 20 20 21 20 18 18 17 22 20 19 18
20 0 24 15 25 17 25 21 22 20 20 23
20 24 0 19 22 23 17 24 20 23 23 24
21 15 19 0 19 22 21 25 22 15 18 16
20 25 22 19 0 24 25 23 16 15 20 24
18 17 23 22 24 0 16 16 17 21 16 15
18 25 17 21 25 16 0 22 23 23 21 17
17 21 24 25 23 16 22 0 25 25 22 25
22 22 20 22 16 17 23 25 0 23 23 18
20 20 23 15 15 21 23 25 23 0 21 16
19 20 23 18 20 16 21 22 23 21 0 17
18 23 24 16 24 15 17 25 18 16 17 0
