10
14
26 44 31 20 24 1 58 51 44 30 39 9 6 69
77 78 20 4 52 36 38 46 78 52 49 40 32 40
11 5 72 40 23 15 31 51 26 20 77 76 60 65
46 33 64 44 6 43 51 39 66 73 48 48 49 16
61 51 5 28 72 71 24 4 43 36 21 15 23 11
54 33 58 79 49 44 32 10 41 23 80 52 30 41
59 35 49 31 79 29 33 23 47 35 65 23 18 39
58 61 79 32 69 24 46 38 37 70 40 18 33 3
7 43 25 76 61 75 47 57 22 56 79 33 62 9
2 2 58 66 69 42 62 34 76 77 44 74 72 19
0 20 17 25 21 21 23 24 23 19 18 17
20 0 20 16 25 18 23 17 15 23 20 23
17 20 0 23 18 21 20 23 22 20 16 24
25 16 23 0 17 22 20 24 25 21 21 19
21 25 18 17 0 20 16 19 15 20 21 21
21 18 21 22 20 0 18 15 17 19 21 22
23 23 20 20 16 18 0 25 23 23 18 18
24 17 23 24 19 15 25 0 23 16 22 18
23 15 22 25 15 17 23 23 0 19 20 22
19 23 20 21 20 19 23 16 19 0 21 23
18 20 16 21 21 21 18 22 20 21 0 17
17 23 24 19 21 22 18 18 22 23 17 0
