10
12
5 91 133 118 105 26 129 61 134 102 156 93
30 19 48 71 117 122 24 150 139 91 118 34
92 14 132 45 148 95 160 160 155 47 111 119
112 50 9 35 80 84 92 59 65 75 105 157
121 88 5 105 43 90 158 34 135 68 72 73
36 110 50 38 149 22 53 91 74 90 103 112
96 142 80 52 51 8 6 24 110 42 18 120
80 36 61 157 69 17 94 158 77 75 1 155
60 17 125 82 106 149 90 153 144 1 88 115
44 93 132 14 152 61 140 149 98 25 64 75
0 23 18 24 16 20 22 17 20 23 21 19
23 0 23 22 22 17 17 16 25 20 17 24
18 23 0 16 23 19 23 15 18 23 17 25
24 22 16 0 22 17 23 21 24 20 17 18
16 22 23 22 0 24 25 18 18 17 20 24
20 17 19 17 24 0 20 25 19 21 18 16
22 17 23 23 25 20 0 23 25 25 18 21
17 16 15 21 18 25 23 0 22 21 15 19
20 25 18 24 18 19 25 22 0 16 16 22
23 20 23 20 17 21 25 21 16 0 25 25
21 17 17 17 20 18 18 15 16 25 0 16
19 24 25 18 24 16 21 19 22 25 16 0
