10
6
17 7 14 26 38 37
29 17 30 9 39 4
29 19 25 24 12 20
27 25 1 32 8 21
39 27 11 23 7 4
14 1 19 34 19 2
34 28 16 13 40 3
39 10 36 12 28 19
10 1 32 11 27 32
18 13 3 22 31 17
0 21 18 15 15 19 22 15 16 18 20 16
21 0 21 20 24 20 16 20 23 21 22 19
18 21 0 16 18 22 15 17 24 15 23 21
15 20 16 0 15 17 24 22 15 23 23 18
15 24 18 15 0 19 19 16 24 22 17 21
19 20 22 17 19 0 23 21 16 17 16 18
22 16 15 24 19 23 0 16 17 25 21 20
15 20 17 22 16 21 16 0 15 16 23 18
16 23 24 15 24 16 17 15 0 15 18 23
18 21 15 23 22 17 25 16 15 0 16 19
20 22 23 23 17 16 21 23 18 16 0 20
16 19 21 18 21 18 20 18 23 19 20 0
