10
4
16 40 10 30
36 9 3 33
17 12 1 11
2 14 39 22
23 35 2 25
11 19 22 18
30 21 25 21
37 27 38 18
5 26 38 7
16 6 36 27
0 18 15 25 16 23 24 17 22 15 22 22
18 0 18 19 15 15 16 22 16 22 20 21
15 18 0 20 21 24 17 25 21 20 20 25
25 19 20 0 24 19 25 15 24 23 18 19
16 15 21 24 0 15 23 22 16 17 23 23
23 15 24 19 15 0 24 15 19 21 21 23
24 16 17 25 23 24 0 23 15 22 21 20
17 22 25 15 22 15 23 0 25 21 22 23
22 16 21 24 16 19 15 25 0 25 21 24
15 22 20 23 17 21 22 21 25 0 23 24
22 20 20 18 23 21 21 22 21 23 0 15
22 21 25 19 23 23 20 23 24 24 15 0
