10
20
34 4 27 1 38 22 14 10 24 10 39 10 4 17 28 5 20 3 34 14
15 38 28 38 40 26 7 24 31 18 25 21 24 34 24 25 18 6 7 1
19 24 30 25 2 27 36 15 6 14 13 26 30 38 22 5 16 10 32 7
15 15 40 32 9 21 34 2 35 26 24 7 16 29 10 13 2 7 21 30
2 32 15 34 6 3 28 32 35 11 16 6 37 20 23 38 18 33 3 17
5 19 5 5 3 16 30 8 17 34 21 9 13 22 1 28 25 33 13 30
4 24 6 6 9 35 31 35 1 38 4 37 1 21 25 12 38 10 35 35
18 40 17 20 24 2 27 7 32 10 32 33 37 8 7 31 5 15 15 31
25 7 4 40 38 23 22 25 36 28 21 40 2 40 34 5 15 21 15 31
6 11 7 31 2 24 8 40 16 9 23 12 38 25 27 37 27 16 23 5
0 16 19 17 18 21 15 20 23 24 19 24
16 0 17 20 19 16 17 18 24 17 24 18
19 17 0 21 25 23 16 24 18 16 18 17
17 20 21 0 16 20 22 21 16 16 16 22
18 19 25 16 0 24 24 25 18 18 21 17
21 16 23 20 24 0 19 20 18 20 19 15
15 17 16 22 24 19 0 22 24 21 19 17
20 18 24 21 25 20 22 0 17 19 25 25
23 24 18 16 18 18 24 17 0 17 16 16
24 17 16 16 18 20 21 19 17 0 17 25
19 24 18 16 21 19 19 25 16 17 0 23
24 18 17 22 17 15 17 25 16 25 23 0
