10
10
6 49 67 71 22 52 31 34 5 64
31 36 22 4 58 58 67 60 13 69
15 45 67 3 19 39 33 31 18 28
65 54 67 39 26 40 26 13 5 31
8 48 72 52 61 70 59 24 5 66
17 12 59 18 40 55 63 36 4 29
53 2 10 69 43 44 34 26 30 71
50 72 55 36 30 3 5 12 64 67
23 51 26 6 9 53 69 42 63 49
27 32 11 75 67 25 61 29 73 47
0 20 20 19 22 15 22 17 22 20 25 17
20 0 16 23 22 15 18 19 20 18 22 18
20 16 0 19 18 19 25 24 25 19 24 25
19 23 19 0 20 21 19 16 23 16 15 24
22 22 18 20 0 19 19 24 24 15 19 24
15 15 19 21 19 0 22 19 20 21 21 18
22 18 25 19 19 22 0 25 17 17 25 19
17 19 24 16 24 19 25 0 21 19 20 16
22 20 25 23 24 20 17 21 0 24 15 24
20 18 19 16 15 21 17 19 24 0 20 21
25 22 24 15 19 21 25 20 15 20 0 23
17 18 25 24 24 18 19 16 24 21 23 0
