10
10
16 11 75 76 64 6 47 20 44 49
18 67 2 23 52 1 44 10 31 57
51 17 52 50 56 4 17 79 12 73
24 3 28 64 75 69 26 29 10 10
29 43 57 53 74 74 35 52 33 8
17 6 64 12 23 33 75 58 43 7
47 5 52 74 35 17 36 26 72 46
73 33 52 40 17 23 20 51 60 73
5 48 73 14 30 6 10 45 59 40
74 64 9 15 52 76 25 17 38 16
0 24 21 16 18 21 15 21 21 21 22 21
24 0 16 20 25 21 15 20 21 24 17 21
21 16 0 21 16 19 25 21 21 17 20 20
16 20 21 0 19 18 19 16 17 21 25 19
18 25 16 19 0 19 23 20 17 22 17 25
21 21 19 18 19 0 21 24 21 25 24 20
15 15 25 19 23 21 0 17 19 19 17 19
21 20 21 16 20 24 17 0 17 19 25 15
21 21 21 17 17 21 19 17 0 18 23 25
21 24 17 21 22 25 19 19 18 0 17 18
22 17 20 25 17 24 17 25 23 17 0 24
21 21 20 19 25 20 19 15 25 18 24 0
