10
6
79 47 48 9 77 24
76 59 35 31 54 70
18 55 45 36 25 78
63 62 6 43 80 16
60 10 41 53 41 34
60 34 7 27 70 52
77 16 44 56 78 28
18 25 42 33 42 69
13 10 68 50 35 44
66 7 5 47 28 30
0 20 18 23 22 25 17 23 20 20 19 17
20 0 18 22 20 25 21 19 20 23 16 19
18 18 0 23 15 18 22 16 17 17 20 17
23 22 23 0 24 25 17 19 16 17 22 21
22 20 15 24 0 24 21 23 23 25 19 17
25 25 18 25 24 0 21 16 18 19 17 22
17 21 22 17 21 21 0 24 16 24 16 25
23 19 16 19 23 16 24 0 24 15 22 17
20 20 17 16 23 18 16 24 0 25 24 20
20 23 17 17 25 19 24 15 25 0 17 16
19 16 20 22 19 17 16 22 24 17 0 19
17 19 17 21 17 22 25 17 20 16 19 0
