10
10
20 4 27 22 6 21 24 21 15 10
5 24 10 8 18 2 5 32 38 17
16 29 12 24 33 37 20 29 21 6
24 24 2 15 11 2 34 26 31 21
22 19 6 19 9 37 5 4 27 16
14 22 22 17 5 25 10 6 16 2
18 22 25 1 26 8 30 40 18 25
12 35 39 35 14 33 29 15 19 18
39 10 1 25 23 15 32 39 25 23
21 5 29 39 32 17 4 22 28 13
0 21 21 18 24 25 23 18 25 21 22 20
21 0 24 15 15 24 16 15 16 22 18 21
21 24 0 24 22 18 17 18 24 21 24 21
18 15 24 0 23 15 19 24 23 16 18 16
24 15 22 23 0 23 15 24 17 20 17 17
25 24 18 15 23 0 20 18 22 23 20 22
23 16 17 19 15 20 0 25 20 21 19 15
18 15 18 24 24 18 25 0 20 20 17 21
25 16 24 23 17 22 20 20 0 21 17 18
21 22 21 16 20 23 21 20 21 0 18 16
22 18 24 18 17 20 19 17 17 18 0 25
20 21 21 16 17 22 15 21 18 16 25 0
