10
10
64 81 143 115 99 9 159 14 97 48
87 97 144 41 94 39 142 12 49 51
4 62 88 89 146 44 46 67 63 103
138 85 108 132 135 79 1 129 110 28
124 136 55 110 142 155 104 142 19 69
151 124 30 124 92 45 116 71 58 21
47 94 54 45 151 12 6 137 77 80
16 128 151 160 67 7 6 8 159 97
30 134 28 156 52 1 46 133 52 102
93 68 73 129 149 128 17 118 100 26
0 19 22 25 24 16 22 16 15 19 25 24
19 0 17 24 15 17 19 22 19 23 19 24
22 17 0 19 25 19 22 21 23 24 25 20
25 24 19 0 17 18 17 25 18 19 22 22
24 15 25 17 0 17 15 17 20 24 20 17
16 17 19 18 17 0 20 22 20 23 17 24
22 19 22 17 15 20 0 20 23 19 15 25
16 22 21 25 17 22 20 0 20 21 20 23
15 19 23 18 20 20 23 20 0 15 19 20
19 23 24 19 24 23 19 21 15 0 16 18
25 19 25 22 20 17 15 20 19 16 0 18
24 24 20 22 17 24 25 23 20 18 18 0
