10
24
33 66 44 37 56 68 36 28 37 45 40 14 60 42 50 41 14 57 14 19 41 59 1 57
80 40 58 77 7 45 24 27 69 50 13 57 55 9 13 26 13 26 64 52 10 43 11 14
40 80 70 74 5 27 45 28 50 42 36 19 76 73 17 80 45 26 74 29 33 21 68 44
59 38 17 54 45 63 62 25 4 52 13 19 43 24 40 21 79 65 71 34 7 74 42 60
10 12 29 21 5 51 51 68 29 15 16 47 16 55 26 22 65 33 61 41 25 38 47 5
49 43 73 52 7 45 23 64 57 13 71 15 80 65 56 42 61 63 77 69 44 80 15 5
74 61 45 19 60 76 35 80 14 49 8 42 47 70 8 76 20 79 42 27 74 24 58 68
39 68 17 23 15 73 4 55 52 51 5 37 48 56 67 47 10 49 16 73 16 1 28 61
7 45 2 10 45 13 48 64 60 36 18 29 67 17 68 74 47 29 48 52 56 37 3 63
55 78 33 70 19 3 17 80 18 50 32 63 29 29 78 68 15 37 44 53 14 43 41 68
0 23 24 23 21 19 22 20 25 20 19 20
23 0 17 18 17 18 17 23 22 19 25 23
24 17 0 21 24 22 20 19 15 20 25 21
23 18 21 0 16 20 17 24 21 23 16 21
21 17 24 16 0 18 24 16 22 22 23 15
19 18 22 20 18 0 17 23 22 17 22 16
22 17 20 17 24 17 0 18 25 15 22 19
20 23 19 24 16 23 18 0 16 17 22 20
25 22 15 21 22 22 25 16 0 17 20 16
20 19 20 23 22 17 15 17 17 0 17 21
19 25 25 16 23 22 22 22 20 17 0 18
20 23 21 21 15 16 19 20 16 21 18 0
