10
24
80 56 35 26 80 77 70 2 21 15 79 25 58 17 23 52 10 57 7 29 35 63 69 33
22 41 42 20 27 43 16 24 5 25 60 31 4 68 68 37 73 68 50 12 75 55 70 64
73 70 46 33 66 24 62 72 69 17 79 67 63 21 1 26 59 72 45 27 69 14 76 27
32 44 2 67 9 15 55 72 9 31 17 57 16 30 28 57 43 19 59 64 32 17 61 62
52 46 59 27 58 67 22 1 22 8 33 14 21 25 39 22 22 34 7 65 75 77 62 61
62 35 56 16 64 72 80 54 68 6 39 43 25 41 69 80 50 22 50 60 58 10 55 63
54 20 14 50 5 47 70 48 35 45 54 70 43 19 50 77 71 5 38 74 13 47 5 72
11 69 28 79 3 43 37 78 51 30 32 54 15 53 19 3 1 18 34 41 41 1 9 12
78 15 57 34 57 62 26 70 11 11 65 40 72 6 66 53 11 61 45 12 38 65 49 29
52 32 44 33 14 41 56 51 4 52 60 79 35 37 50 64 65 65 42 58 38 2 37 54
0 24 16 22 22 19 24 23 24 22 20 18
24 0 25 19 25 21 23 24 18 23 21 25
16 25 0 18 21 18 16 18 20 17 24 18
22 19 18 0 19 24 19 16 25 25 15 21
22 25 21 19 0 22 15 20 22 24 18 23
19 21 18 24 22 0 22 18 16 21 18 17
24 23 16 19 15 22 0 20 25 19 25 16
23 24 18 16 20 18 20 0 16 25 25 19
24 18 20 25 22 16 25 16 0 21 25 16
22 23 17 25 24 21 19 25 21 0 25 17
20 21 24 15 18 18 25 25 25 25 0 15
18 25 18 21 23 17 16 19 16 17 15 0
