11
18
77 7 68 2 70 65 50 53 75 68 50 70 56 66 34 50 37 80
56 74 61 67 30 27 4 8 66 40 28 31 34 61 18 18 32 22
66 33 50 4 72 12 22 1 80 32 1 62 12 13 77 68 60 77
70 14 42 33 75 39 19 46 30 66 62 7 54 58 5 61 17 47
79 60 51 27 77 2 71 63 2 29 50 78 2 69 50 47 44 61
32 76 30 12 54 4 14 51 76 17 72 78 28 61 53 27 51 29
5 36 73 69 66 65 24 52 67 41 21 54 31 28 50 36 77 5
76 61 72 53 12 60 54 27 11 31 44 59 5 70 46 64 32 59
6 28 44 45 55 28 8 50 56 26 73 6 71 62 47 49 39 35
34 58 70 42 17 9 52 66 22 67 41 44 19 23 78 50 39 16
20 8 2 60 51 60 4 4 78 21 68 2 39 13 12 77 31 53
0 23 24 24 24 16 17 23 20 17 20 25 23
23 0 22 17 24 18 22 21 21 23 24 22 21
24 22 0 21 22 22 23 22 20 24 19 16 22
24 17 21 0 19 18 16 19 25 24 19 19 25
24 24 22 19 0 19 21 23 17 23 17 22 16
16 18 22 18 19 0 16 24 23 20 20 20 18
17 22 23 16 21 16 0 24 21 17 18 22 18
23 21 22 19 23 24 24 0 23 22 22 19 23
20 21 20 25 17 23 21 23 0 18 20 17 22
17 23 24 24 23 20 17 22 18 0 19 19 23
20 24 19 19 17 20 18 22 20 19 0 19 17
25 22 16 19 22 20 22 19 17 19 19 0 15
23 21 22 25 16 18 18 23 22 23 17 15 0
