11
4
19 15 20 36
24 5 23 39
34 2 14 21
7 17 30 2
15 18 23 39
33 6 10 7
15 15 40 18
26 31 36 2
38 30 32 28
37 36 8 22
14 31 37 7
0 24 17 23 16 25 15 17 24 23 19 23 16
24 0 25 16 20 16 20 17 19 17 18 16 23
17 25 0 21 16 21 15 22 21 25 19 23 17
23 16 21 0 24 23 16 21 18 19 23 20 18
16 20 16 24 0 21 21 19 22 18 18 25 25
25 16 21 23 21 0 15 19 18 22 20 15 17
15 20 15 16 21 15 0 24 17 20 24 19 18
17 17 22 21 19 19 24 0 17 24 21 18 15
24 19 21 18 22 18 17 17 0 21 23 19 15
23 17 25 19 18 22 20 24 21 0 19 16 23
19 18 19 23 18 20 24 21 23 19 0 17 17
23 16 23 20 25 15 19 18 19 16 17 0 15
16 23 17 18 25 17 18 15 15 23 17 15 0
