11
10
93 35 77 100 76 56 65 108 101 75 10
0 23 21 24 19 20 24 19 21 15 18 17 25
23 0 15 16 23 20 24 24 25 20 24 17 22
21 15 0 24 21 18 24 17 19 22 24 22 25
24 16 24 0 21 20 17 22 24 18 15 25 24
19 23 21 21 0 21 24 16 19 24 23 24 16
20 20 18 20 21 0 15 15 16 19 25 24 23
24 24 24 17 24 15 0 24 22 17 20 20 20
19 24 17 22 16 15 24 0 19 22 20 19 15
21 25 19 24 19 16 22 19 0 25 16 25 16
15 20 22 18 24 19 17 22 25 0 20 23 17
18 24 24 15 23 25 20 20 16 20 0 24 21
17 17 22 25 24 24 20 19 25 23 24 0 22
25 22 25 24 16 23 20 15 16 17 21 22 0
