11
8
34 7 21 30 33 24 37 7 20 2 17
0 22 17 25 15 23 24 19 17 17 15 20 15
22 0 24 23 21 21 15 20 24 15 24 19 18
17 24 0 20 15 23 21 16 22 15 15 22 19
25 23 20 0 20 21 18 25 22 19 17 21 17
15 21 15 20 0 15 20 22 24 22 23 23 23
23 21 23 21 15 0 17 25 16 22 23 23 20
24 15 21 18 20 17 0 25 16 23 23 22 25
19 20 16 25 22 25 25 0 16 23 19 18 19
17 24 22 22 24 16 16 16 0 21 19 21 25
17 15 15 19 22 22 23 23 21 0 21 20 25
15 24 15 17 23 23 23 19 19 21 0 20 19
20 19 22 21 23 23 22 18 21 20 20 0 21
15 18 19 17 23 20 25 19 25 25 19 21 0
