11
13
13 61 47 25 43 75 2 66 108 114 80
0 19 20 22 16 19 21 18 22 19 17 21 25
19 0 24 24 24 19 23 20 24 19 24 15 18
20 24 0 21 15 15 21 17 20 21 18 20 17
22 24 21 0 21 22 16 24 19 23 25 17 21
16 24 15 21 0 23 23 20 22 17 24 21 20
19 19 15 22 23 0 15 22 22 19 24 17 17
21 23 21 16 23 15 0 22 16 17 22 22 15
18 20 17 24 20 22 22 0 17 15 16 23 20
22 24 20 19 22 22 16 17 0 15 17 15 23
19 19 21 23 17 19 17 15 15 0 15 24 25
17 24 18 25 24 24 22 16 17 15 0 16 23
21 15 20 17 21 17 22 23 15 24 16 0 21
25 18 17 21 20 17 15 20 23 25 23 21 0
