11
14
6 30 20 16 38 13 10 11 1 36 12 40 40 2
7 28 31 2 1 12 4 39 13 8 14 36 34 4
21 6 9 15 1 1 26 36 20 34 5 16 37 14
39 11 36 18 19 29 22 11 39 22 22 38 24 18
39 26 39 20 2 38 21 9 38 14 3 12 16 14
33 12 9 5 19 20 22 11 20 25 17 16 18 38
4 38 15 26 28 16 26 1 37 8 12 32 26 18
2 5 16 12 20 27 30 32 39 12 1 23 4 24
15 8 38 21 18 10 31 24 21 27 19 33 32 32
30 26 14 36 25 5 10 40 3 19 24 37 23 20
38 11 3 12 34 20 15 40 36 23 2 39 26 1
0 25 20 17 23 25 19 16 18 17 17 23 16
25 0 25 25 17 15 18 25 25 20 17 18 21
20 25 0 16 21 20 23 15 24 18 20 19 15
17 25 16 0 17 15 23 22 22 16 24 24 18
23 17 21 17 0 22 22 16 20 20 19 23 18
25 15 20 15 22 0 22 22 20 22 20 20 25
19 18 23 23 22 22 0 23 17 25 23 24 20
16 25 15 22 16 22 23 0 20 16 25 21 20
18 25 24 22 20 20 17 20 0 18 22 15 23
17 20 18 16 20 22 25 16 18 0 25 24 19
17 17 20 24 19 20 23 25 22 25 0 20 21
23 18 19 24 23 20 24 21 15 24 20 0 23
16 21 15 18 18 25 20 20 23 19 21 23 0
