11
7
38 25 13 35 21 34 33 21 8 6 12
0 20 19 19 23 24 15 15 25 19 20 23 15
20 0 18 19 21 15 15 18 24 18 24 19 20
19 18 0 22 20 16 17 22 15 21 15 20 24
19 19 22 0 22 25 21 22 22 17 20 21 20
23 21 20 22 0 23 21 22 19 15 24 21 21
24 15 16 25 23 0 20 23 25 15 17 15 25
15 15 17 21 21 20 0 23 23 15 15 23 20
15 18 22 22 22 23 23 0 20 17 21 22 24
25 24 15 22 19 25 23 20 0 15 20 22 23
19 18 21 17 15 15 15 17 15 0 22 24 16
20 24 15 20 24 17 15 21 20 22 0 24 18
23 19 20 21 21 15 23 22 22 24 24 0 17
15 20 24 20 21 25 20 24 23 16 18 17 0
