11
18
20 61 74 63 37 70 64 65 3 11 22 53 74 40 31 37 43 76
22 23 44 48 21 42 7 57 6 11 69 65 12 5 11 68 68 30
46 32 31 14 36 44 25 38 65 41 1 76 23 46 49 29 30 72
11 80 76 46 49 42 40 74 65 71 57 49 28 30 10 64 58 68
72 36 30 46 5 5 46 1 63 66 13 47 28 66 80 60 61 67
13 62 26 28 45 48 50 7 15 75 72 12 71 55 8 12 3 13
67 45 23 24 79 14 54 48 76 20 35 31 6 61 53 46 34 51
55 35 33 27 5 59 79 78 59 76 22 24 33 31 60 49 2 54
64 1 44 28 11 25 11 71 19 66 63 74 65 58 43 35 1 12
60 61 22 32 15 31 39 40 42 6 14 23 79 78 20 77 68 2
33 19 78 70 13 41 45 75 59 3 28 26 69 68 44 49 27 55
0 23 20 24 21 23 18 23 22 19 17 23 23
23 0 22 24 25 18 20 24 23 23 16 18 20
20 22 0 15 20 21 25 17 23 22 25 24 21
24 24 15 0 24 16 22 21 22 17 18 21 22
21 25 20 24 0 16 20 25 16 19 25 16 18
23 18 21 16 16 0 19 21 16 18 21 17 17
18 20 25 22 20 19 0 15 20 24 15 24 23
23 24 17 21 25 21 15 0 19 22 16 23 18
22 23 23 22 16 16 20 19 0 18 21 17 16
19 23 22 17 19 18 24 22 18 0 15 22 17
17 16 25 18 25 21 15 16 21 15 0 16 19
23 18 24 21 16 17 24 23 17 22 16 0 16
23 20 21 22 18 17 23 18 16 17 19 16 0
