11
13
29 4 31 17 12 37 9 26 13 10 35
0 25 24 20 20 23 21 15 18 15 24 25 24
25 0 22 18 16 15 18 22 16 24 18 23 16
24 22 0 19 22 21 15 20 23 17 18 21 22
20 18 19 0 24 15 15 19 16 25 19 24 24
20 16 22 24 0 15 16 15 16 16 23 21 18
23 15 21 15 15 0 18 18 23 15 15 16 17
21 18 15 15 16 18 0 25 17 19 18 23 24
15 22 20 19 15 18 25 0 16 23 24 23 23
18 16 23 16 16 23 17 16 0 25 17 18 24
15 24 17 25 16 15 19 23 25 0 15 22 20
24 18 18 19 23 15 18 24 17 15 0 15 20
25 23 21 24 21 16 23 23 18 22 15 0 15
24 16 22 24 18 17 24 23 24 20 20 15 0
