11
12
8 2 11 30 22 39 23 35 5 24 31
0 19 23 24 25 16 21 24 17 17 19 17 23
19 0 24 17 21 19 21 23 17 19 20 21 18
23 24 0 19 19 16 15 21 17 23 19 18 25
24 17 19 0 21 22 25 16 16 21 23 18 23
25 21 19 21 0 15 21 24 25 24 23 22 23
16 19 16 22 15 0 23 21 19 15 19 17 15
21 21 15 25 21 23 0 19 22 24 23 25 21
24 23 21 16 24 21 19 0 23 17 20 20 25
17 17 17 16 25 19 22 23 0 17 16 16 16
17 19 23 21 24 15 24 17 17 0 22 17 17
19 20 19 23 23 19 23 20 16 22 0 24 16
17 21 18 18 22 17 25 20 16 17 24 0 15
23 18 25 23 23 15 21 25 16 17 16 15 0
