11
9
35 18 97 53 6 101 34 48 106 6 71
0 23 18 21 16 24 20 20 17 25 17 21 18
23 0 23 19 23 16 19 19 24 22 18 15 20
18 23 0 17 20 24 21 25 20 17 24 21 25
21 19 17 0 15 16 22 20 15 17 17 18 15
16 23 20 15 0 23 22 22 25 19 24 15 22
24 16 24 16 23 0 19 21 21 21 16 15 19
20 19 21 22 22 19 0 17 16 17 25 18 23
20 19 25 20 22 21 17 0 21 20 22 25 19
17 24 20 15 25 21 16 21 0 25 15 23 21
25 22 17 17 19 21 17 20 25 0 19 18 16
17 18 24 17 24 16 25 22 15 19 0 18 24
21 15 21 18 15 15 18 25 23 18 18 0 22
18 20 25 15 22 19 23 19 21 16 24 22 0
