11
24
95 109 120 52 72 28 34 94 90 12 90 30 68 55 62 44 25 78 96 48 46 2 39 80
17 15 28 57 110 46 58 95 42 32 67 113 75 16 62 40 16 23 81 107 75 74 83 99
106 118 119 107 31 21 36 31 106 34 1 71 89 8 119 65 106 73 33 101 24 72 20 99
73 54 58 72 84 36 30 6 38 81 58 15 2 112 116 37 14 98 9 35 25 115 13 120
4 104 65 61 19 4 103 58 30 106 92 45 29 85 55 34 40 74 44 14 28 16 4 108
82 73 21 1 12 110 81 79 113 89 61 61 111 72 38 41 45 69 98 47 18 113 112 108
87 5 63 87 23 2 100 96 54 20 116 86 107 32 47 44 103 11 20 94 51 11 118 96
76 8 118 111 68 35 52 52 68 38 83 29 27 18 70 31 96 90 69 62 65 59 93 65
36 110 111 117 86 15 82 45 97 109 114 114 13 74 18 24 86 39 71 3 48 54 51 116
46 6 80 23 15 23 34 1 42 118 111 4 80 68 68 39 18 116 15 118 66 86 98 5
21 29 111 35 83 29 102 117 20 107 48 106 93 39 114 52 38 96 35 52 52 53 39 3
0 17 19 15 17 17 24 25 22 17 23 20 16
17 0 16 20 19 17 20 16 19 24 17 18 20
19 16 0 18 17 21 17 25 20 16 20 21 22
15 20 18 0 18 17 20 17 19 16 16 24 23
17 19 17 18 0 22 23 15 17 19 21 21 17
17 17 21 17 22 0 17 16 16 23 20 24 18
24 20 17 20 23 17 0 15 24 25 20 16 17
25 16 25 17 15 16 15 0 25 20 19 20 20
22 19 20 19 17 16 24 25 0 20 24 16 17
17 24 16 16 19 23 25 20 20 0 15 19 21
23 17 20 16 21 20 20 19 24 15 0 17 24
20 18 21 24 21 24 16 20 16 19 17 0 23
16 20 22 23 17 18 17 20 17 21 24 23 0
