11
4
79 103 59 107
67 32 152 145
139 100 134 26
90 68 133 64
147 45 78 95
29 37 100 141
73 143 29 77
64 21 21 39
2 59 33 71
113 36 88 49
85 56 104 144
0 21 24 24 19 25 22 20 21 22 25 20 21
21 0 21 23 17 23 25 23 15 15 20 25 15
24 21 0 25 16 23 24 17 19 17 25 19 25
24 23 25 0 17 15 22 18 20 21 22 17 19
19 17 16 17 0 15 17 15 25 20 17 20 22
25 23 23 15 15 0 19 24 19 25 23 21 20
22 25 24 22 17 19 0 24 17 22 16 20 15
20 23 17 18 15 24 24 0 24 24 21 24 22
21 15 19 20 25 19 17 24 0 22 25 21 25
22 15 17 21 20 25 22 24 22 0 20 16 25
25 20 25 22 17 23 16 21 25 20 0 20 15
20 25 19 17 20 21 20 24 21 16 20 0 17
21 15 25 19 22 20 15 22 25 25 15 17 0
