11
12
4 58 67 15 28 64 75 47 67 54 25 54
43 43 59 8 76 10 53 79 40 41 44 37
15 42 13 24 77 11 34 55 15 74 11 64
43 51 30 60 28 62 68 61 42 80 4 29
76 28 9 40 62 15 71 13 37 8 74 63
31 47 13 22 39 12 35 9 59 4 65 18
36 45 25 70 18 80 40 80 36 45 27 73
12 30 67 48 2 78 41 7 53 31 3 78
44 55 61 10 26 78 71 35 33 78 30 18
65 57 21 56 45 68 52 56 51 24 26 43
13 63 1 6 67 49 12 30 40 2 13 59
0 21 21 15 19 17 20 21 19 22 18 19 18
21 0 23 15 18 18 18 22 18 20 20 15 20
21 23 0 17 20 18 20 20 22 24 15 25 24
15 15 17 0 16 16 20 21 18 19 24 19 19
19 18 20 16 0 19 21 18 20 18 19 23 17
17 18 18 16 19 0 21 21 21 22 23 18 16
20 18 20 20 21 21 0 20 22 18 19 16 25
21 22 20 21 18 21 20 0 25 24 18 22 19
19 18 22 18 20 21 22 25 0 15 24 20 22
22 20 24 19 18 22 18 24 15 0 21 22 20
18 20 15 24 19 23 19 18 24 21 0 22 24
19 15 25 19 23 18 16 22 20 22 22 0 24
18 20 24 19 17 16 25 19 22 20 24 24 0
