11
15
37 64 67 49 67 46 32 43 1 15 79
0 15 17 16 25 18 18 18 24 21 25 19 22
15 0 22 24 16 16 17 22 18 15 23 24 24
17 22 0 24 20 21 20 18 18 24 17 21 16
16 24 24 0 16 16 15 17 23 17 16 25 25
25 16 20 16 0 23 25 18 15 23 19 23 22
18 16 21 16 23 0 16 15 22 15 15 23 22
18 17 20 15 25 16 0 15 25 15 17 21 19
18 22 18 17 18 15 15 0 25 20 18 25 16
24 18 18 23 15 22 25 25 0 23 21 25 23
21 15 24 17 23 15 15 20 23 0 23 16 20
25 23 17 16 19 15 17 18 21 23 0 19 19
19 24 21 25 23 23 21 25 25 16 19 0 18
22 24 16 25 22 22 19 16 23 20 19 18 0
