11
9
133 75 148 20 70 107 128 37 143 9 34
0 25 23 20 23 16 20 16 21 18 15 21 23
25 0 16 18 18 25 19 25 19 17 21 24 21
23 16 0 21 23 19 25 15 15 21 18 25 17
20 18 21 0 16 22 19 18 16 17 20 21 19
23 18 23 16 0 15 22 25 18 15 17 20 24
16 25 19 22 15 0 18 23 23 21 15 20 15
20 19 25 19 22 18 0 20 15 21 21 25 15
16 25 15 18 25 23 20 0 18 15 24 17 23
21 19 15 16 18 23 15 18 0 22 24 22 25
18 17 21 17 15 21 21 15 22 0 19 19 24
15 21 18 20 17 15 21 24 24 19 0 21 21
21 24 25 21 20 20 25 17 22 19 21 0 16
23 21 17 19 24 15 15 23 25 24 21 16 0
