11
14
76 81 23 46 7 155 99 153 40 51 4 78 88 107
30 27 73 98 98 65 39 34 97 73 108 23 118 134
83 1 2 76 30 24 153 25 95 131 29 138 155 46
83 11 57 158 119 109 53 103 80 56 28 46 47 92
109 63 57 49 142 82 53 124 99 129 86 160 63 32
152 144 54 140 152 40 115 84 90 6 138 121 9 137
127 72 134 32 121 82 43 109 78 96 150 86 149 65
5 92 138 106 96 55 9 84 53 84 124 27 157 153
46 37 67 43 158 128 131 92 93 46 93 25 107 115
120 104 14 67 120 141 159 136 29 87 84 58 105 53
64 9 49 139 139 103 114 144 29 57 86 96 112 143
0 16 24 16 19 22 19 21 22 22 15 19 17
16 0 15 25 21 20 16 25 23 18 20 22 21
24 15 0 17 25 21 20 25 21 19 15 18 20
16 25 17 0 22 18 19 22 18 19 17 16 24
19 21 25 22 0 25 25 20 16 18 19 18 25
22 20 21 18 25 0 24 25 20 24 24 23 19
19 16 20 19 25 24 0 24 20 24 17 17 16
21 25 25 22 20 25 24 0 23 16 21 17 17
22 23 21 18 16 20 20 23 0 25 21 24 25
22 18 19 19 18 24 24 16 25 0 18 25 22
15 20 15 17 19 24 17 21 21 18 0 25 17
19 22 18 16 18 23 17 17 24 25 25 0 15
17 21 20 24 25 19 16 17 25 22 17 15 0
