11
9
40 58 56 9 16 71 19 69 44 46 68
0 21 17 22 17 22 19 16 24 17 15 15 22
21 0 17 25 16 21 16 22 19 23 16 20 18
17 17 0 24 15 21 25 21 17 24 18 24 19
22 25 24 0 24 20 17 19 23 22 23 17 15
17 16 15 24 0 25 21 17 16 16 21 25 22
22 21 21 20 25 0 20 22 24 19 18 15 16
19 16 25 17 21 20 0 16 25 21 23 16 18
16 22 21 19 17 22 16 0 21 22 18 17 22
24 19 17 23 16 24 25 21 0 18 22 18 20
17 23 24 22 16 19 21 22 18 0 25 24 21
15 16 18 23 21 18 23 18 22 25 0 20 20
15 20 24 17 25 15 16 17 18 24 20 0 21
22 18 19 15 22 16 18 22 20 21 20 21 0
