11
16
43 88 132 139 52 40 57 40 133 145 26 92 99 124 85 106
113 86 9 134 15 49 132 37 24 135 22 8 46 81 92 96
32 10 41 37 70 27 70 36 107 38 24 27 8 48 75 124
29 77 10 65 58 112 72 133 28 80 40 87 110 52 95 154
102 118 22 145 35 103 25 17 8 125 88 87 40 74 129 19
94 111 94 6 55 82 118 25 5 72 39 107 32 117 93 120
63 105 75 53 37 30 120 114 120 129 116 126 61 51 71 48
81 75 1 150 124 108 84 126 14 1 108 88 6 105 136 47
120 46 114 122 107 117 55 101 62 42 105 27 130 64 85 117
10 80 20 33 20 34 49 47 107 103 101 125 44 69 155 88
41 44 13 95 106 63 148 115 2 127 30 71 142 41 112 31
0 25 22 23 18 15 24 24 19 24 15 22 20
25 0 16 25 21 21 18 22 21 24 19 23 21
22 16 0 17 21 16 21 16 25 18 20 17 16
23 25 17 0 20 18 22 22 15 25 17 21 20
18 21 21 20 0 24 25 24 21 15 19 25 15
15 21 16 18 24 0 25 17 16 24 18 17 18
24 18 21 22 25 25 0 23 24 15 19 25 15
24 22 16 22 24 17 23 0 17 22 20 18 16
19 21 25 15 21 16 24 17 0 21 21 24 21
24 24 18 25 15 24 15 22 21 0 22 23 21
15 19 20 17 19 18 19 20 21 22 0 24 20
22 23 17 21 25 17 25 18 24 23 24 0 17
20 21 16 20 15 18 15 16 21 21 20 17 0
