11
12
24 32 22 20 14 25 5 16 18 4 12
0 16 23 25 21 20 25 18 17 21 17 25 20
16 0 20 23 23 25 24 24 19 19 24 22 21
23 20 0 20 22 18 23 20 25 23 24 23 17
25 23 20 0 25 23 23 21 20 16 21 16 25
21 23 22 25 0 21 17 17 25 24 15 22 20
20 25 18 23 21 0 18 23 23 25 24 21 19
25 24 23 23 17 18 0 15 23 17 19 25 21
18 24 20 21 17 23 15 0 25 16 22 18 23
17 19 25 20 25 23 23 25 0 16 22 19 18
21 19 23 16 24 25 17 16 16 0 16 24 25
17 24 24 21 15 24 19 22 22 16 0 18 24
25 22 23 16 22 21 25 18 19 24 18 0 15
20 21 17 25 20 19 21 23 18 25 24 15 0
