11
6
91 110 47 113 27 28
7 55 111 116 107 33
19 88 42 37 79 62
119 18 23 37 69 2
25 22 114 56 54 11
19 86 5 38 33 59
59 35 5 85 24 108
101 10 78 116 53 3
68 34 65 77 8 91
49 109 52 92 44 5
92 44 28 57 41 58
0 24 16 20 18 23 25 18 19 17 25 24 21
24 0 23 16 18 19 17 20 22 15 25 23 16
16 23 0 19 15 16 21 15 19 22 24 15 24
20 16 19 0 19 19 19 19 16 18 20 15 16
18 18 15 19 0 22 15 21 15 25 19 19 17
23 19 16 19 22 0 15 19 17 16 15 22 19
25 17 21 19 15 15 0 23 18 22 17 19 18
18 20 15 19 21 19 23 0 25 18 23 24 15
19 22 19 16 15 17 18 25 0 19 15 24 17
17 15 22 18 25 16 22 18 19 0 15 25 19
25 25 24 20 19 15 17 23 15 15 0 21 20
24 23 15 15 19 22 19 24 24 25 21 0 18
21 16 24 16 17 19 18 15 17 19 20 18 0
