11
22
101 104 91 77 103 88 2 82 100 7 1 60 81 53 82 79 26 43 116 102 109 60
70 68 57 59 42 37 86 96 109 43 106 39 27 58 28 73 61 66 2 119 28 64
103 77 92 82 50 47 97 118 3 8 115 78 98 59 93 109 51 24 98 8 106 70
59 31 45 41 117 29 113 116 75 69 41 45 93 41 72 7 81 91 4 81 105 99
13 90 101 15 79 72 41 25 102 99 70 29 114 14 68 55 102 87 64 115 68 64
112 112 45 82 43 7 116 114 118 10 62 54 108 61 99 119 73 64 13 53 71 42
57 22 103 109 61 33 88 56 111 112 117 44 109 96 33 37 97 62 46 52 21 10
74 16 51 2 71 61 60 50 77 33 3 3 94 30 19 14 110 106 92 111 76 99
85 37 101 37 30 65 57 26 90 18 26 46 31 72 37 75 32 68 38 76 8 99
106 6 95 11 98 5 65 89 12 65 39 93 50 76 5 91 13 75 87 5 70 93
49 93 80 46 92 60 80 111 44 46 114 98 21 71 82 21 55 42 35 53 27 94
0 17 24 22 24 17 20 22 19 20 22 21 22
17 0 16 18 20 19 22 19 15 20 22 24 20
24 16 0 25 22 18 18 19 18 25 16 15 18
22 18 25 0 16 22 20 17 16 22 20 23 15
24 20 22 16 0 25 17 17 23 15 22 18 21
17 19 18 22 25 0 17 16 24 17 15 23 15
20 22 18 20 17 17 0 15 16 19 24 25 22
22 19 19 17 17 16 15 0 16 25 15 15 20
19 15 18 16 23 24 16 16 0 20 15 18 22
20 20 25 22 15 17 19 25 20 0 24 19 23
22 22 16 20 22 15 24 15 15 24 0 17 20
21 24 15 23 18 23 25 15 18 19 17 0 20
22 20 18 15 21 15 22 20 22 23 20 20 0
