11
22
140 80 28 105 88 76 99 95 54 99 137 72 3 34 78 39 67 34 94 73 7 8
126 6 59 81 159 1 129 7 31 97 3 28 39 32 88 29 55 51 1 38 74 34
114 25 79 80 127 7 58 88 131 85 7 110 156 35 25 89 113 118 135 22 105 140
63 29 19 122 135 100 148 71 102 33 45 44 154 32 21 124 89 23 98 157 67 4
143 7 63 87 134 112 128 144 9 5 90 153 62 48 52 152 19 52 10 93 42 75
151 103 23 30 86 15 26 120 86 155 60 139 26 150 81 3 138 68 77 1 134 159
68 12 19 80 150 34 48 2 59 111 155 122 103 159 100 120 83 93 31 29 150 132
91 72 126 141 156 65 5 146 90 29 34 26 110 150 71 75 68 6 54 144 137 58
32 8 89 59 33 127 46 83 121 37 106 114 133 91 71 73 126 151 61 145 32 131
148 95 69 113 140 77 102 47 14 96 157 160 81 116 92 51 12 103 153 103 47 100
38 80 31 46 96 61 133 126 42 10 127 125 20 27 114 119 79 72 79 18 39 48
0 20 25 18 20 22 23 21 20 18 18 17 23
20 0 15 18 15 19 24 23 24 17 22 17 16
25 15 0 20 25 20 25 15 25 17 20 23 21
18 18 20 0 18 22 16 20 22 18 15 22 23
20 15 25 18 0 23 16 16 19 20 17 23 23
22 19 20 22 23 0 23 17 22 16 24 19 22
23 24 25 16 16 23 0 19 25 15 15 18 21
21 23 15 20 16 17 19 0 18 24 20 18 23
20 24 25 22 19 22 25 18 0 19 22 24 25
18 17 17 18 20 16 15 24 19 0 16 15 24
18 22 20 15 17 24 15 20 22 16 0 20 22
17 17 23 22 23 19 18 18 24 15 20 0 23
23 16 21 23 23 22 21 23 25 24 22 23 0
