11
24
37 2 36 10 12 23 27 34 32 14 8 31 33 36 21 18 32 5 20 23 4 17 5 18
15 1 16 34 12 12 29 5 13 13 18 16 2 13 26 19 17 39 26 11 32 8 20 28
27 6 35 29 11 3 40 8 37 11 40 33 27 37 23 39 31 3 25 12 6 1 18 2
14 17 34 9 14 39 21 25 31 26 39 4 32 17 29 28 25 18 22 29 1 30 37 17
36 6 3 22 10 9 22 14 18 40 39 6 36 33 12 35 26 25 30 15 27 1 21 6
28 34 2 16 30 35 5 3 27 22 30 13 28 35 25 26 1 17 16 36 11 40 33 29
35 7 24 25 35 8 2 34 25 31 5 3 18 9 35 19 32 17 39 37 35 4 15 7
2 8 5 37 35 2 35 12 20 15 36 40 3 33 24 12 32 33 22 19 18 18 10 7
18 13 25 28 35 17 11 2 24 33 15 2 15 23 29 9 2 1 36 4 17 21 23 18
10 30 5 7 21 33 4 33 2 1 31 24 27 15 7 24 24 39 10 37 28 10 26 34
23 38 38 40 10 19 24 28 22 27 6 7 5 26 15 7 36 17 20 40 13 3 13 23
0 22 20 18 20 18 23 24 23 19 24 23 21
22 0 20 16 19 15 16 23 21 17 17 19 23
20 20 0 18 16 16 23 23 19 22 17 19 22
18 16 18 0 17 19 15 22 24 20 15 15 18
20 19 16 17 0 25 21 21 21 17 16 21 20
18 15 16 19 25 0 15 15 20 17 21 22 25
23 16 23 15 21 15 0 25 21 23 15 20 19
24 23 23 22 21 15 25 0 21 18 17 24 20
23 21 19 24 21 20 21 21 0 23 19 16 18
19 17 22 20 17 17 23 18 23 0 24 18 25
24 17 17 15 16 21 15 17 19 24 0 19 20
23 19 19 15 21 22 20 24 16 18 19 0 15
21 23 22 18 20 25 19 20 18 25 20 15 0
