11
24
79 112 87 22 30 78 28 50 119 60 80 54 148 139 137 137 28 74 125 34 24 143 39 117
150 10 67 61 46 139 65 147 85 77 34 11 140 93 21 129 148 75 126 140 122 3 140 49
123 5 83 124 13 103 25 58 150 15 23 101 67 111 63 129 36 80 57 145 95 156 70 2
150 124 119 159 69 36 16 92 39 88 75 31 93 81 106 93 116 30 40 146 56 70 1 74
28 118 16 88 124 120 56 67 7 74 90 149 140 152 105 44 95 89 127 6 85 120 19 75
150 39 130 37 65 82 118 66 140 39 59 147 157 20 33 118 99 39 121 83 79 75 21 98
111 120 141 8 14 63 138 127 154 37 58 109 11 4 42 90 75 49 54 5 98 22 24 127
25 132 136 153 50 78 53 77 121 100 34 19 45 154 115 52 13 8 85 133 72 151 3 142
160 31 114 142 147 78 111 8 87 74 155 59 19 152 123 148 91 117 84 122 61 84 91 82
38 64 127 153 22 32 70 69 56 82 17 107 138 132 62 59 143 82 77 3 93 1 76 130
111 131 79 26 132 96 39 19 60 44 9 148 129 101 98 28 46 46 78 57 98 121 27 121
0 21 18 19 24 16 16 19 22 18 24 20 22
21 0 16 25 19 25 15 16 17 15 23 25 15
18 16 0 24 18 15 15 23 19 23 16 17 15
19 25 24 0 23 20 22 22 16 16 17 18 17
24 19 18 23 0 15 21 17 20 23 24 15 18
16 25 15 20 15 0 16 24 22 18 18 20 23
16 15 15 22 21 16 0 22 17 17 23 18 23
19 16 23 22 17 24 22 0 18 21 21 20 19
22 17 19 16 20 22 17 18 0 22 22 21 16
18 15 23 16 23 18 17 21 22 0 18 21 15
24 23 16 17 24 18 23 21 22 18 0 21 18
20 25 17 18 15 20 18 20 21 21 21 0 24
22 15 15 17 18 23 23 19 16 15 18 24 0
