11
13
137 33 8 104 130 77 31 112 137 141 61
0 18 15 15 16 21 25 23 15 22 25 24 15
18 0 16 17 18 18 21 25 24 24 20 24 18
15 16 0 22 20 22 19 19 15 24 21 17 18
15 17 22 0 20 20 24 22 20 19 16 19 25
16 18 20 20 0 18 16 16 17 23 25 25 23
21 18 22 20 18 0 18 15 20 17 15 25 25
25 21 19 24 16 18 0 15 25 18 20 21 20
23 25 19 22 16 15 15 0 16 21 20 22 24
15 24 15 20 17 20 25 16 0 18 18 19 15
22 24 24 19 23 17 18 21 18 0 15 16 18
25 20 21 16 25 15 20 20 18 15 0 19 23
24 24 17 19 25 25 21 22 19 16 19 0 25
15 18 18 25 23 25 20 24 15 18 23 25 0
