11
4
73 73 69 42
65 46 51 60
75 34 27 54
23 46 32 57
79 76 13 70
66 60 26 18
75 31 9 78
71 35 42 15
65 6 75 41
52 24 9 24
71 19 14 10
0 18 23 20 20 22 25 25 17 20 16 15 23
18 0 19 19 22 15 15 24 16 18 25 22 20
23 19 0 23 22 22 24 21 21 18 25 20 16
20 19 23 0 16 17 16 23 24 25 19 17 22
20 22 22 16 0 24 17 24 21 15 15 16 20
22 15 22 17 24 0 17 20 18 20 18 21 15
25 15 24 16 17 17 0 25 22 18 21 22 18
25 24 21 23 24 20 25 0 18 17 23 20 20
17 16 21 24 21 18 22 18 0 21 23 22 16
20 18 18 25 15 20 18 17 21 0 23 18 19
16 25 25 19 15 18 21 23 23 23 0 17 23
15 22 20 17 16 21 22 20 22 18 17 0 25
23 20 16 22 20 15 18 20 16 19 23 25 0
