11
12
74 55 47 117 113 111 97 98 89 25 65
0 22 15 15 22 20 21 21 16 17 21 15 24
22 0 15 21 24 22 20 19 18 24 24 21 23
15 15 0 17 20 19 17 19 16 23 20 20 24
15 21 17 0 16 20 23 21 21 18 19 17 20
22 24 20 16 0 23 15 18 20 21 25 22 18
20 22 19 20 23 0 15 15 22 20 16 25 22
21 20 17 23 15 15 0 15 15 17 17 24 24
21 19 19 21 18 15 15 0 23 15 21 20 21
16 18 16 21 20 22 15 23 0 22 24 18 17
17 24 23 18 21 20 17 15 22 0 25 19 24
21 24 20 19 25 16 17 21 24 25 0 16 19
15 21 20 17 22 25 24 20 18 19 16 0 15
24 23 24 20 18 22 24 21 17 24 19 15 0
