11
7
20 24 25 32 35 15 14 22 7 1 16
0 24 19 19 16 23 25 21 15 15 24 21 17
24 0 19 20 20 16 19 18 24 22 23 15 24
19 19 0 25 25 23 24 17 16 16 15 22 21
19 20 25 0 25 17 24 23 19 25 16 21 24
16 20 25 25 0 20 17 23 16 22 19 20 20
23 16 23 17 20 0 17 17 16 21 24 15 24
25 19 24 24 17 17 0 18 22 21 22 23 17
21 18 17 23 23 17 18 0 24 17 22 23 18
15 24 16 19 16 16 22 24 0 22 19 23 15
15 22 16 25 22 21 21 17 22 0 22 19 23
24 23 15 16 19 24 22 22 19 22 0 24 17
21 15 22 21 20 15 23 23 23 19 24 0 24
17 24 21 24 20 24 17 18 15 23 17 24 0
