11
14
28 27 24 117 21 34 43 145 64 47 155 24 64 2
70 13 144 27 136 86 19 30 128 32 53 140 119 18
95 6 103 44 25 36 112 1 20 91 57 49 74 79
123 141 58 153 129 157 36 43 82 37 103 141 65 45
104 72 158 80 20 59 66 47 82 98 151 91 20 98
92 107 120 91 75 101 112 134 37 38 65 15 119 100
95 2 151 159 105 10 64 142 47 6 89 7 29 124
10 36 36 3 28 53 33 118 85 133 97 4 17 3
153 62 128 15 88 97 17 68 44 158 2 42 46 89
89 63 99 132 128 113 14 15 85 105 90 60 3 146
141 27 153 89 48 13 61 115 38 27 118 16 5 123
0 16 25 24 21 23 23 22 18 16 18 23 24
16 0 24 22 15 19 18 25 24 15 18 19 23
25 24 0 20 18 24 19 22 21 20 15 15 22
24 22 20 0 21 23 17 25 15 16 23 21 15
21 15 18 21 0 19 17 18 23 25 20 20 17
23 19 24 23 19 0 16 16 15 16 21 20 18
23 18 19 17 17 16 0 19 22 25 21 16 24
22 25 22 25 18 16 19 0 25 24 21 22 23
18 24 21 15 23 15 22 25 0 21 25 21 17
16 15 20 16 25 16 25 24 21 0 17 19 22
18 18 15 23 20 21 21 21 25 17 0 25 17
23 19 15 21 20 20 16 22 21 19 25 0 25
24 23 22 15 17 18 24 23 17 22 17 25 0
