11
18
50 39 40 68 23 108 18 50 26 85 115 61 84 94 12 90 105 56
103 7 4 77 39 42 16 58 25 95 17 95 46 8 67 67 60 75
92 39 107 81 17 48 58 30 38 44 29 111 21 34 110 116 55 25
51 20 33 106 24 71 20 72 92 36 82 84 41 90 92 82 117 74
78 18 108 10 113 75 63 116 20 4 102 48 63 26 36 55 26 41
9 68 45 32 63 39 8 51 27 80 57 2 56 51 80 33 5 59
89 45 115 1 102 116 12 10 52 52 44 37 35 13 102 85 115 120
1 62 106 23 42 79 91 74 44 30 64 66 79 3 34 66 71 70
55 83 109 84 39 8 76 82 49 91 4 8 36 33 61 64 77 45
79 17 119 45 67 104 64 8 33 19 58 97 53 112 37 35 76 100
17 43 61 40 49 80 37 66 59 6 3 41 45 52 22 45 21 19
0 23 23 24 25 21 15 23 25 22 16 24 21
23 0 24 15 22 22 15 25 15 23 24 23 22
23 24 0 18 15 24 25 24 25 25 25 24 22
24 15 18 0 20 22 16 22 22 17 23 15 21
25 22 15 20 0 23 20 18 23 23 16 15 25
21 22 24 22 23 0 23 21 15 20 21 25 17
15 15 25 16 20 23 0 15 20 21 17 25 16
23 25 24 22 18 21 15 0 24 19 19 25 15
25 15 25 22 23 15 20 24 0 18 20 17 15
22 23 25 17 23 20 21 19 18 0 19 21 17
16 24 25 23 16 21 17 19 20 19 0 18 18
24 23 24 15 15 25 25 25 17 21 18 0 21
21 22 22 21 25 17 16 15 15 17 18 21 0
