11
9
95 134 142 143 57 90 1 24 25 129 79
0 17 15 17 24 18 21 20 17 21 17 24 24
17 0 25 22 18 19 21 22 16 20 21 20 23
15 25 0 21 24 23 19 18 25 15 15 23 17
17 22 21 0 18 23 17 19 18 23 21 24 21
24 18 24 18 0 15 22 20 25 24 15 19 18
18 19 23 23 15 0 25 16 22 22 16 16 16
21 21 19 17 22 25 0 17 17 23 22 23 17
20 22 18 19 20 16 17 0 18 18 24 21 19
17 16 25 18 25 22 17 18 0 23 17 15 24
21 20 15 23 24 22 23 18 23 0 21 23 22
17 21 15 21 15 16 22 24 17 21 0 24 18
24 20 23 24 19 16 23 21 15 23 24 0 15
24 23 17 21 18 16 17 19 24 22 18 15 0
