11
24
8 26 19 2 37 15 17 22 15 30 24 11 33 19 16 19 15 14 19 40 14 31 22 7
13 40 12 15 32 31 29 5 7 35 33 33 33 29 9 19 16 39 21 23 2 27 29 11
2 17 40 36 2 6 17 20 23 18 26 12 4 27 3 29 4 15 33 5 36 25 26 14
35 15 13 18 15 22 39 5 4 20 13 3 7 38 9 14 18 28 35 22 31 18 37 36
12 12 38 26 21 13 26 26 7 8 18 14 6 8 12 36 36 7 23 3 34 38 17 1
3 35 40 38 7 38 11 26 6 21 37 31 32 6 28 30 27 1 19 13 5 29 25 31
33 24 12 14 2 15 35 27 1 18 3 2 15 37 24 10 35 32 12 24 16 22 20 21
18 38 13 22 40 12 8 40 15 27 33 13 9 6 38 11 11 19 7 6 2 24 12 22
11 6 4 27 20 12 18 3 27 29 30 6 39 14 15 25 1 11 26 1 10 8 39 18
21 14 30 31 4 39 34 18 23 13 22 20 11 32 37 6 1 28 29 22 29 11 8 12
8 21 37 4 15 10 28 20 10 39 33 29 24 9 15 5 3 40 3 19 14 10 14 3
0 22 19 15 19 21 22 15 25 22 19 24 21
22 0 20 18 15 22 15 21 19 15 25 25 20
19 20 0 15 22 25 18 17 17 20 15 25 17
15 18 15 0 25 19 25 20 24 23 16 17 17
19 15 22 25 0 20 18 21 24 22 22 15 16
21 22 25 19 20 0 21 25 23 19 19 21 24
22 15 18 25 18 21 0 25 17 15 21 25 17
15 21 17 20 21 25 25 0 25 18 24 24 15
25 19 17 24 24 23 17 25 0 16 21 21 17
22 15 20 23 22 19 15 18 16 0 24 20 21
19 25 15 16 22 19 21 24 21 24 0 23 18
24 25 25 17 15 21 25 24 21 20 23 0 17
21 20 17 17 16 24 17 15 17 21 18 17 0
