11
26
12 1 21 24 48 44 48 20 74 22 33 20 148 10 39 118 146 28 101 57 78 122 108 67 48 79
53 72 108 25 14 140 147 28 74 115 91 16 96 86 134 129 60 86 104 129 156 141 21 149 134 25
87 95 6 127 4 114 53 128 96 72 40 140 40 6 31 5 105 3 45 93 3 4 92 46 82 97
50 2 156 109 21 86 4 146 145 12 63 55 130 68 63 10 37 147 4 5 108 87 125 71 138 14
82 74 48 83 133 86 11 57 54 125 16 95 57 152 21 46 39 71 58 153 27 56 42 97 9 105
92 4 65 36 14 95 93 148 92 118 131 129 92 82 68 68 107 152 93 2 56 88 78 116 152 47
37 155 67 56 100 50 138 127 20 83 106 147 78 18 141 160 52 53 138 19 101 39 60 111 18 58
132 54 47 45 139 122 79 10 138 3 52 30 28 160 11 50 29 61 127 63 91 56 116 98 133 82
120 78 153 153 153 40 129 16 145 121 65 144 9 87 133 67 139 97 131 23 145 55 68 37 53 141
82 145 17 139 85 92 156 137 150 160 12 35 57 61 92 110 11 10 112 58 130 154 107 121 8 67
69 16 141 49 105 59 77 9 59 128 53 70 134 64 14 49 29 117 96 137 89 79 66 35 104 115
0 23 17 21 15 24 23 19 23 21 16 22 25
23 0 17 22 15 17 18 21 22 16 16 16 16
17 17 0 16 24 22 22 23 19 23 15 15 22
21 22 16 0 22 16 23 21 23 15 25 15 22
15 15 24 22 0 20 23 25 16 19 20 19 18
24 17 22 16 20 0 25 15 20 20 20 18 21
23 18 22 23 23 25 0 21 21 20 22 20 21
19 21 23 21 25 15 21 0 24 25 15 22 24
23 22 19 23 16 20 21 24 0 24 18 17 21
21 16 23 15 19 20 20 25 24 0 21 22 23
16 16 15 25 20 20 22 15 18 21 0 20 24
22 16 15 15 19 18 20 22 17 22 20 0 18
25 16 22 22 18 21 21 24 21 23 24 18 0
