11
7
39 73 26 1 72 9 54 44 3 50 31
0 15 16 16 20 20 23 24 23 20 18 16 24
15 0 20 17 22 18 19 21 20 16 25 15 22
16 20 0 16 21 18 23 25 20 24 22 23 22
16 17 16 0 16 22 19 22 19 17 24 15 17
20 22 21 16 0 20 21 16 19 18 21 21 16
20 18 18 22 20 0 16 24 25 19 21 22 21
23 19 23 19 21 16 0 21 23 17 22 21 17
24 21 25 22 16 24 21 0 18 23 25 25 18
23 20 20 19 19 25 23 18 0 21 15 23 23
20 16 24 17 18 19 17 23 21 0 20 18 20
18 25 22 24 21 21 22 25 15 20 0 19 20
16 15 23 15 21 22 21 25 23 18 19 0 24
24 22 22 17 16 21 17 18 23 20 20 24 0
