11
10
82 59 39 77 116 59 81 60 66 116 29
0 21 18 16 17 24 18 21 23 19 22 18 22
21 0 19 24 16 20 15 23 20 23 25 23 24
18 19 0 21 17 20 15 24 17 16 24 17 22
16 24 21 0 20 17 20 25 25 18 19 15 18
17 16 17 20 0 21 16 21 22 16 20 24 16
24 20 20 17 21 0 20 19 22 25 22 19 25
18 15 15 20 16 20 0 18 18 22 24 16 18
21 23 24 25 21 19 18 0 23 17 24 18 15
23 20 17 25 22 22 18 23 0 19 21 17 23
19 23 16 18 16 25 22 17 19 0 24 19 18
22 25 24 19 20 22 24 24 21 24 0 23 22
18 23 17 15 24 19 16 18 17 19 23 0 25
22 24 22 18 16 25 18 15 23 18 22 25 0
