11
26
12 19 12 2 29 2 32 29 36 2 18 13 12 24 40 5 37 29 36 23 13 40 26 26 3 4
28 28 13 12 27 9 15 18 40 8 24 39 19 28 38 29 4 20 20 14 36 3 28 1 32 16
33 22 5 10 7 39 37 28 33 9 11 34 1 38 3 9 2 40 15 1 30 15 23 7 36 6
19 40 28 40 13 7 37 23 24 13 19 15 20 11 40 14 24 21 6 3 27 17 35 7 18 16
22 18 23 32 26 35 1 40 13 23 23 27 23 16 15 28 35 9 13 9 1 37 32 26 31 26
24 16 1 4 15 40 35 3 9 32 34 3 13 21 40 25 29 19 39 3 30 31 24 39 15 37
20 4 5 5 7 6 10 6 19 29 21 19 36 30 33 36 17 8 10 11 5 26 4 29 29 37
13 38 12 37 15 27 34 17 3 8 38 31 29 39 34 26 29 12 18 33 18 6 24 14 39 39
6 10 40 16 10 6 3 30 1 18 11 29 38 27 18 32 33 23 23 7 9 36 32 7 9 28
15 2 8 36 34 1 20 13 5 25 9 25 12 12 16 5 37 20 2 40 35 20 9 8 5 28
5 11 21 12 31 16 13 20 12 4 39 40 33 13 27 25 24 40 12 26 25 13 36 29 31 35
0 17 21 18 25 25 24 23 22 16 17 20 22
17 0 19 17 17 23 23 17 20 21 23 20 21
21 19 0 19 15 17 15 17 21 18 24 22 16
18 17 19 0 24 15 15 19 23 21 21 19 24
25 17 15 24 0 25 22 20 25 16 25 25 20
25 23 17 15 25 0 24 22 24 25 22 20 18
24 23 15 15 22 24 0 20 25 21 16 20 18
23 17 17 19 20 22 20 0 24 17 17 15 24
22 20 21 23 25 24 25 24 0 17 21 19 17
16 21 18 21 16 25 21 17 17 0 24 21 23
17 23 24 21 25 22 16 17 21 24 0 17 20
20 20 22 19 25 20 20 15 19 21 17 0 24
22 21 16 24 20 18 18 24 17 23 20 24 0
