11
16
80 33 12 27 24 11 30 5 49 22 37
0 24 25 20 24 23 18 22 23 23 15 17 20
24 0 18 16 23 24 18 23 22 15 25 25 22
25 18 0 19 19 24 24 24 16 17 23 16 16
20 16 19 0 24 20 22 19 24 21 15 17 23
24 23 19 24 0 18 25 15 20 18 15 20 23
23 24 24 20 18 0 22 17 20 22 20 23 21
18 18 24 22 25 22 0 24 18 20 19 17 21
22 23 24 19 15 17 24 0 25 25 19 24 16
23 22 16 24 20 20 18 25 0 15 18 19 23
23 15 17 21 18 22 20 25 15 0 19 19 23
15 25 23 15 15 20 19 19 18 19 0 22 16
17 25 16 17 20 23 17 24 19 19 22 0 19
20 22 16 23 23 21 21 16 23 23 16 19 0
