11
22
22 53 4 44 6 26 3 39 12 65 54 42 77 67 52 55 26 24 29 7 1 17
47 47 37 15 63 31 80 24 43 49 12 69 2 66 27 2 60 21 52 38 28 33
21 12 20 50 55 37 47 78 47 71 3 80 65 59 2 60 57 56 26 8 13 56
32 25 25 22 74 61 47 63 18 43 59 49 15 3 77 2 36 76 23 25 80 40
30 21 24 35 6 42 31 7 6 28 44 23 22 9 19 44 6 63 3 77 79 74
41 24 47 4 8 76 27 15 23 31 67 58 70 3 5 9 30 29 71 54 11 70
38 70 8 6 74 76 48 30 26 48 72 75 63 63 27 38 80 19 1 77 75 34
20 74 19 38 30 75 54 79 3 54 30 69 40 71 56 11 27 61 50 54 7 30
25 42 74 59 42 21 3 70 38 65 11 3 49 56 57 60 10 56 31 56 72 10
12 25 50 5 67 80 50 3 63 39 31 34 56 45 36 39 55 65 40 29 49 74
11 46 26 29 16 36 70 31 80 56 59 14 51 34 33 62 6 35 33 71 56 46
0 20 25 24 16 23 15 24 18 21 20 21 15
20 0 25 23 19 17 25 22 19 21 18 15 25
25 25 0 22 22 24 16 15 15 24 23 15 22
24 23 22 0 24 18 17 25 22 16 23 21 17
16 19 22 24 0 15 22 15 24 18 21 24 15
23 17 24 18 15 0 19 19 22 25 25 20 16
15 25 16 17 22 19 0 24 24 16 22 24 22
24 22 15 25 15 19 24 0 16 23 19 23 17
18 19 15 22 24 22 24 16 0 15 21 24 16
21 21 24 16 18 25 16 23 15 0 22 22 24
20 18 23 23 21 25 22 19 21 22 0 21 24
21 15 15 21 24 20 24 23 24 22 21 0 21
15 25 22 17 15 16 22 17 16 24 24 21 0
