11
13
67 70 117 81 32 104 40 22 38 117 8
0 25 20 15 19 18 18 15 15 17 20 21 23
25 0 22 24 15 16 25 19 25 21 24 17 21
20 22 0 23 23 19 25 25 18 24 18 24 15
15 24 23 0 24 24 24 15 17 24 16 22 22
19 15 23 24 0 23 24 21 22 21 18 23 15
18 16 19 24 23 0 22 17 18 24 22 15 21
18 25 25 24 24 22 0 18 20 23 18 16 16
15 19 25 15 21 17 18 0 23 20 21 25 18
15 25 18 17 22 18 20 23 0 19 15 23 23
17 21 24 24 21 24 23 20 19 0 18 21 25
20 24 18 16 18 22 18 21 15 18 0 16 23
21 17 24 22 23 15 16 25 23 21 16 0 19
23 21 15 22 15 21 16 18 23 25 23 19 0
