11
12
26 39 64 52 40 14 76 17 70 40 69 28
38 48 65 78 38 31 79 2 20 43 42 60
51 62 59 33 76 4 19 51 27 23 4 61
41 80 43 75 42 66 9 68 39 78 34 46
9 68 71 70 13 20 53 68 36 27 74 58
75 26 20 47 9 53 53 64 69 71 22 22
65 52 18 14 59 12 12 75 23 4 21 23
6 47 21 23 24 11 7 3 64 50 64 37
20 4 29 1 80 10 66 7 3 15 44 67
5 26 74 64 37 63 28 56 66 27 34 48
57 29 48 69 51 14 72 47 11 49 35 68
0 19 23 20 18 21 15 20 21 20 22 21 25
19 0 19 25 24 17 22 19 19 16 21 22 24
23 19 0 16 15 24 21 22 18 20 23 19 24
20 25 16 0 22 25 21 22 18 22 21 18 25
18 24 15 22 0 21 21 18 25 21 18 15 19
21 17 24 25 21 0 17 18 20 18 21 24 20
15 22 21 21 21 17 0 19 20 21 20 17 18
20 19 22 22 18 18 19 0 24 20 23 20 20
21 19 18 18 25 20 20 24 0 20 23 17 18
20 16 20 22 21 18 21 20 20 0 21 24 20
22 21 23 21 18 21 20 23 23 21 0 16 16
21 22 19 18 15 24 17 20 17 24 16 0 23
25 24 24 25 19 20 18 20 18 20 16 23 0
