11
14
75 24 23 15 45 25 44 13 73 40 51 6 63 7
19 55 79 33 36 75 11 51 45 16 59 48 71 65
37 34 48 31 77 31 16 32 75 77 26 67 4 15
54 71 59 58 26 35 45 24 58 66 1 77 19 18
57 39 50 73 37 58 57 46 40 33 38 47 80 49
34 36 43 40 66 75 17 56 80 78 39 60 25 23
47 72 55 4 31 77 70 74 21 52 55 8 60 23
11 17 75 79 79 33 33 68 14 37 13 4 64 5
48 38 27 14 4 33 75 35 70 7 74 63 7 23
16 43 22 23 38 43 41 10 24 36 77 57 74 12
15 59 46 21 23 13 70 47 30 40 47 25 60 17
0 20 19 20 19 21 24 16 15 15 23 24 22
20 0 25 22 25 20 25 20 15 25 15 25 15
19 25 0 21 21 20 24 21 21 21 22 15 24
20 22 21 0 22 22 24 17 16 15 16 20 21
19 25 21 22 0 20 19 20 20 23 24 24 22
21 20 20 22 20 0 15 18 18 16 17 25 21
24 25 24 24 19 15 0 25 15 19 23 16 24
16 20 21 17 20 18 25 0 18 22 23 17 25
15 15 21 16 20 18 15 18 0 21 18 23 22
15 25 21 15 23 16 19 22 21 0 24 20 22
23 15 22 16 24 17 23 23 18 24 0 25 18
24 25 15 20 24 25 16 17 23 20 25 0 15
22 15 24 21 22 21 24 25 22 22 18 15 0
