11
4
65 92 109 78 86 96 91 7 15 65 81
0 20 15 17 18 19 16 15 25 20 16 18 16
20 0 23 20 22 17 15 21 23 22 19 15 21
15 23 0 18 23 18 19 20 24 23 22 22 17
17 20 18 0 18 17 17 19 21 20 17 17 18
18 22 23 18 0 22 18 25 20 18 19 15 21
19 17 18 17 22 0 20 19 17 21 18 19 19
16 15 19 17 18 20 0 18 15 24 25 19 25
15 21 20 19 25 19 18 0 15 18 19 23 17
25 23 24 21 20 17 15 15 0 19 20 20 24
20 22 23 20 18 21 24 18 19 0 15 21 16
16 19 22 17 19 18 25 19 20 15 0 20 20
18 15 22 17 15 19 19 23 20 21 20 0 15
16 21 17 18 21 19 25 17 24 16 20 15 0
