11
15
76 43 104 28 49 114 35 93 46 117 108
0 21 20 25 25 25 24 25 24 20 20 21 16
21 0 24 18 19 16 22 21 20 15 19 19 23
20 24 0 20 21 21 19 18 20 22 22 19 24
25 18 20 0 16 24 21 21 21 21 23 22 22
25 19 21 16 0 18 22 23 24 20 25 23 18
25 16 21 24 18 0 20 24 20 24 23 19 16
24 22 19 21 22 20 0 18 15 24 17 15 18
25 21 18 21 23 24 18 0 15 22 21 23 17
24 20 20 21 24 20 15 15 0 17 16 15 15
20 15 22 21 20 24 24 22 17 0 20 21 19
20 19 22 23 25 23 17 21 16 20 0 18 21
21 19 19 22 23 19 15 23 15 21 18 0 17
16 23 24 22 18 16 18 17 15 19 21 17 0
