11
6
27 13 19 12 9 4
26 23 2 37 39 17
22 8 23 28 19 10
7 35 17 8 1 9
14 9 32 40 14 35
27 10 22 14 26 38
4 1 21 37 23 37
13 9 20 38 28 40
18 26 33 28 3 37
40 19 18 32 26 31
28 18 13 3 34 2
0 23 18 22 21 18 16 19 17 22 25 25 19
23 0 21 24 21 25 23 18 20 19 24 19 25
18 21 0 25 23 25 19 23 21 24 19 24 15
22 24 25 0 20 21 20 25 15 24 18 16 20
21 21 23 20 0 21 23 20 16 20 16 22 19
18 25 25 21 21 0 22 20 24 21 24 22 19
16 23 19 20 23 22 0 23 25 18 24 24 20
19 18 23 25 20 20 23 0 17 18 20 15 20
17 20 21 15 16 24 25 17 0 16 15 20 23
22 19 24 24 20 21 18 18 16 0 23 24 19
25 24 19 18 16 24 24 20 15 23 0 23 25
25 19 24 16 22 22 24 15 20 24 23 0 18
19 25 15 20 19 19 20 20 23 19 25 18 0
