11
10
92 45 46 100 68 51 2 53 38 95 3
0 24 20 25 17 17 24 16 19 20 22 16 24
24 0 17 23 18 21 20 19 25 20 24 24 15
20 17 0 19 19 23 17 20 20 21 17 24 24
25 23 19 0 15 18 18 16 23 19 20 21 17
17 18 19 15 0 16 23 20 17 24 25 18 23
17 21 23 18 16 0 21 23 22 23 21 25 16
24 20 17 18 23 21 0 18 22 19 23 17 17
16 19 20 16 20 23 18 0 16 15 19 19 23
19 25 20 23 17 22 22 16 0 17 22 15 22
20 20 21 19 24 23 19 15 17 0 22 18 15
22 24 17 20 25 21 23 19 22 22 0 17 23
16 24 24 21 18 25 17 19 15 18 17 0 23
24 15 24 17 23 16 17 23 22 15 23 23 0
