11
10
74 125 85 103 160 128 148 117 99 89
151 118 157 62 106 90 82 77 14 7
6 2 42 23 31 83 66 104 77 83
32 64 12 31 75 36 24 50 70 48
136 84 73 126 73 39 69 24 139 74
47 130 42 149 89 41 64 36 117 99
81 85 111 76 141 104 87 3 42 105
101 155 88 11 84 26 27 70 71 6
145 85 5 136 139 153 73 69 80 9
41 133 61 15 5 154 20 97 28 32
91 56 55 138 37 16 40 99 27 15
0 19 17 16 16 22 24 16 22 20 24 25 21
19 0 25 22 17 25 17 17 20 16 20 18 21
17 25 0 16 15 22 18 16 23 22 20 19 17
16 22 16 0 20 21 17 19 16 18 24 21 23
16 17 15 20 0 25 22 15 16 19 19 16 20
22 25 22 21 25 0 18 24 21 16 21 24 15
24 17 18 17 22 18 0 17 20 20 23 16 16
16 17 16 19 15 24 17 0 17 18 23 17 25
22 20 23 16 16 21 20 17 0 20 25 18 17
20 16 22 18 19 16 20 18 20 0 15 15 20
24 20 20 24 19 21 23 23 25 15 0 25 16
25 18 19 21 16 24 16 17 18 15 25 0 19
21 21 17 23 20 15 16 25 17 20 16 19 0
