11
12
129 70 14 154 125 155 30 82 77 50 90 128
117 141 97 15 109 131 139 131 43 137 128 146
140 105 46 12 78 93 68 32 2 66 113 40
108 158 114 79 82 129 125 78 137 147 159 37
145 149 98 94 52 45 71 59 77 146 66 29
129 2 106 75 11 56 6 116 148 148 5 65
138 101 68 85 52 87 101 13 108 96 56 52
76 132 136 115 27 87 90 131 23 85 11 104
1 132 132 99 62 140 154 3 115 55 100 121
114 154 130 21 100 84 120 109 133 98 8 115
150 155 3 87 48 39 72 50 53 47 21 14
0 18 20 18 16 15 21 19 24 19 20 19 17
18 0 17 20 17 22 24 24 17 19 17 21 24
20 17 0 20 23 25 15 16 17 21 22 18 21
18 20 20 0 20 16 22 19 21 23 22 25 21
16 17 23 20 0 25 18 17 24 17 25 15 21
15 22 25 16 25 0 22 23 23 25 25 17 17
21 24 15 22 18 22 0 15 16 17 21 17 16
19 24 16 19 17 23 15 0 16 24 22 23 23
24 17 17 21 24 23 16 16 0 22 16 16 19
19 19 21 23 17 25 17 24 22 0 21 24 16
20 17 22 22 25 25 21 22 16 21 0 16 24
19 21 18 25 15 17 17 23 16 24 16 0 23
17 24 21 21 21 17 16 23 19 16 24 23 0
