11
7
95 109 120 52 72 28 34 94 90 12 90
0 18 23 21 22 20 18 24 20 20 15 19 24
18 0 17 16 18 22 20 22 20 18 23 24 16
23 17 0 22 19 16 17 25 24 24 25 18 17
21 16 22 0 19 18 19 15 23 15 23 24 19
22 18 19 19 0 17 23 17 24 21 22 23 25
20 22 16 18 17 0 19 18 15 19 25 22 16
18 20 17 19 23 19 0 15 19 16 16 19 18
24 22 25 15 17 18 15 0 16 15 23 22 17
20 20 24 23 24 15 19 16 0 15 22 18 20
20 18 24 15 21 19 16 15 15 0 18 25 21
15 23 25 23 22 25 16 23 22 18 0 19 19
19 24 18 24 23 22 19 22 18 25 19 0 24
24 16 17 19 25 16 18 17 20 21 19 24 0
