11
7
39 12 62 73 19 56 133 38 18 122 124
0 25 18 25 16 19 17 17 22 15 21 18 16
25 0 17 17 22 19 22 17 21 21 24 25 25
18 17 0 19 15 25 22 22 24 15 20 17 15
25 17 19 0 16 25 22 20 20 25 18 25 22
16 22 15 16 0 22 24 15 21 16 16 19 21
19 19 25 25 22 0 23 21 21 20 22 15 22
17 22 22 22 24 23 0 23 24 25 20 24 19
17 17 22 20 15 21 23 0 22 21 25 17 18
22 21 24 20 21 21 24 22 0 17 15 22 16
15 21 15 25 16 20 25 21 17 0 20 23 16
21 24 20 18 16 22 20 25 15 20 0 19 20
18 25 17 25 19 15 24 17 22 23 19 0 21
16 25 15 22 21 22 19 18 16 16 20 21 0
