11
11
47 9 123 23 61 11 52 54 101 75 72
0 19 24 23 23 19 22 21 20 22 21 15 25
19 0 17 24 20 23 18 22 20 21 24 15 21
24 17 0 19 20 18 16 17 24 19 20 21 17
23 24 19 0 22 21 16 20 22 15 21 17 25
23 20 20 22 0 21 16 25 23 19 17 24 16
19 23 18 21 21 0 20 21 19 22 23 16 17
22 18 16 16 16 20 0 17 22 18 17 15 25
21 22 17 20 25 21 17 0 22 22 23 19 24
20 20 24 22 23 19 22 22 0 23 19 18 24
22 21 19 15 19 22 18 22 23 0 15 24 16
21 24 20 21 17 23 17 23 19 15 0 22 25
15 15 21 17 24 16 15 19 18 24 22 0 22
25 21 17 25 16 17 25 24 24 16 25 22 0
