11
14
78 5 63 8 58 5 16 64 13 22 80 21 6 29
80 71 14 79 54 19 41 28 72 28 70 20 40 31
68 19 4 51 19 3 36 55 72 39 61 61 39 30
24 72 48 61 40 63 48 48 63 14 45 44 30 75
32 40 73 63 28 33 54 44 47 46 5 41 18 6
69 34 9 51 21 80 19 27 76 46 44 45 68 45
33 27 15 10 80 78 52 64 8 53 63 13 25 60
78 50 63 15 29 34 65 10 60 52 34 22 74 79
29 1 23 80 22 36 71 69 75 6 13 79 44 38
58 42 8 41 73 38 24 51 53 34 32 29 8 8
31 49 42 2 49 25 38 6 24 61 58 69 62 58
0 15 19 20 15 24 19 16 18 23 20 16 17
15 0 25 23 25 18 20 21 15 15 24 22 20
19 25 0 25 19 17 21 16 17 23 19 15 16
20 23 25 0 16 15 22 22 21 15 24 21 23
15 25 19 16 0 21 23 23 22 22 21 23 22
24 18 17 15 21 0 19 20 25 22 23 16 19
19 20 21 22 23 19 0 21 23 20 21 22 19
16 21 16 22 23 20 21 0 16 18 21 18 19
18 15 17 21 22 25 23 16 0 20 24 24 15
23 15 23 15 22 22 20 18 20 0 16 16 19
20 24 19 24 21 23 21 21 24 16 0 17 18
16 22 15 21 23 16 22 18 24 16 17 0 21
17 20 16 23 22 19 19 19 15 19 18 21 0
