11
5
51 16 106 116 9 18 114 84 53 84 7
0 18 22 25 25 19 20 15 23 19 22 16 22
18 0 15 19 21 25 20 25 22 15 15 21 15
22 15 0 24 20 15 17 19 21 23 19 15 19
25 19 24 0 18 24 23 21 16 25 25 21 21
25 21 20 18 0 24 18 16 20 16 16 22 25
19 25 15 24 24 0 16 15 25 20 17 15 19
20 20 17 23 18 16 0 17 17 16 19 18 21
15 25 19 21 16 15 17 0 15 22 19 17 15
23 22 21 16 20 25 17 15 0 16 19 25 15
19 15 23 25 16 20 16 22 16 0 24 15 24
22 15 19 25 16 17 19 19 19 24 0 23 25
16 21 15 21 22 15 18 17 25 15 23 0 18
22 15 19 21 25 19 21 15 15 24 25 18 0
