11
15
40 15 29 105 56 82 35 56 152 115 69
0 24 21 22 18 21 15 24 19 25 15 22 19
24 0 15 20 18 23 25 20 16 25 18 22 23
21 15 0 24 21 20 19 17 22 16 17 19 16
22 20 24 0 20 21 18 24 16 18 18 19 25
18 18 21 20 0 22 19 21 25 22 19 23 21
21 23 20 21 22 0 20 19 17 22 20 23 18
15 25 19 18 19 20 0 16 21 20 16 18 21
24 20 17 24 21 19 16 0 25 20 23 17 18
19 16 22 16 25 17 21 25 0 18 15 22 20
25 25 16 18 22 22 20 20 18 0 15 24 25
15 18 17 18 19 20 16 23 15 15 0 23 25
22 22 19 19 23 23 18 17 22 24 23 0 17
19 23 16 25 21 18 21 18 20 25 25 17 0
