11
7
92 119 117 4 2 80 110 20 67 61 39
0 24 24 21 16 23 16 16 25 25 25 16 21
24 0 16 18 16 23 25 22 16 25 24 23 17
24 16 0 23 25 25 22 17 25 23 23 23 16
21 18 23 0 19 15 24 25 25 20 23 20 24
16 16 25 19 0 24 23 20 18 15 20 22 25
23 23 25 15 24 0 19 23 23 23 21 19 24
16 25 22 24 23 19 0 17 20 19 15 20 17
16 22 17 25 20 23 17 0 25 23 17 20 23
25 16 25 25 18 23 20 25 0 18 22 20 16
25 25 23 20 15 23 19 23 18 0 15 16 19
25 24 23 23 20 21 15 17 22 15 0 24 21
16 23 23 20 22 19 20 20 20 16 24 0 16
21 17 16 24 25 24 17 23 16 19 21 16 0
