11
10
11 7 5 32 39 8 16 2 34 38
36 36 23 11 10 31 29 4 24 27
4 19 11 7 30 39 12 24 29 27
20 3 19 15 25 38 18 10 12 40
29 28 6 40 1 27 19 8 36 24
21 35 35 22 12 21 8 28 9 36
20 27 28 22 6 2 26 6 3 30
40 13 25 23 11 6 8 10 17 20
2 5 36 9 9 33 20 12 7 29
33 26 34 21 37 32 27 9 11 14
24 24 31 30 16 38 10 14 35 33
0 22 16 15 18 23 25 22 21 22 22 16 16
22 0 15 21 15 24 23 21 18 19 19 17 17
16 15 0 22 18 19 17 24 21 21 19 25 22
15 21 22 0 24 22 19 18 18 21 22 25 18
18 15 18 24 0 24 19 21 24 18 16 21 17
23 24 19 22 24 0 20 15 18 23 25 19 18
25 23 17 19 19 20 0 16 22 23 22 25 16
22 21 24 18 21 15 16 0 22 18 23 19 16
21 18 21 18 24 18 22 22 0 25 18 18 15
22 19 21 21 18 23 23 18 25 0 17 16 22
22 19 19 22 16 25 22 23 18 17 0 18 17
16 17 25 25 21 19 25 19 18 16 18 0 21
16 17 22 18 17 18 16 16 15 22 17 21 0
