11
6
22 53 4 44 6 26 3 39 12 65 54
0 20 24 23 21 21 18 17 18 15 15 17 20
20 0 20 19 16 22 18 24 17 20 21 16 23
24 20 0 15 23 18 15 22 17 21 19 18 25
23 19 15 0 19 17 16 17 21 21 19 20 24
21 16 23 19 0 25 20 23 25 15 24 25 23
21 22 18 17 25 0 22 15 22 22 21 18 15
18 18 15 16 20 22 0 16 21 18 18 18 17
17 24 22 17 23 15 16 0 24 22 20 22 17
18 17 17 21 25 22 21 24 0 20 22 21 16
15 20 21 21 15 22 18 22 20 0 15 24 15
15 21 19 19 24 21 18 20 22 15 0 19 24
17 16 18 20 25 18 18 22 21 24 19 0 17
20 23 25 24 23 15 17 17 16 15 24 17 0
