11
15
130 150 66 129 112 52 43 28 5 100 59
0 16 15 22 21 15 15 20 23 19 19 19 22
16 0 21 17 22 24 18 18 18 20 16 25 15
15 21 0 25 18 22 19 16 16 23 22 15 17
22 17 25 0 24 25 16 17 25 18 17 21 24
21 22 18 24 0 25 19 15 15 15 25 20 15
15 24 22 25 25 0 17 15 21 24 19 18 20
15 18 19 16 19 17 0 24 19 16 22 16 23
20 18 16 17 15 15 24 0 20 15 15 25 24
23 18 16 25 15 21 19 20 0 19 25 25 21
19 20 23 18 15 24 16 15 19 0 16 19 17
19 16 22 17 25 19 22 15 25 16 0 17 20
19 25 15 21 20 18 16 25 25 19 17 0 25
22 15 17 24 15 20 23 24 21 17 20 25 0
