11
24
51 15 2 45 40 69 8 63 13 63 35 8 39 36 75 65 3 50 62 39 72 32 37 5
63 28 45 64 67 43 67 74 42 39 60 33 27 41 38 44 79 67 43 9 25 44 31 69
12 76 67 36 56 71 14 37 72 78 61 25 59 13 51 9 24 25 14 7 56 32 48 61
11 67 27 9 27 5 10 40 11 4 42 57 12 54 49 43 60 51 6 11 36 17 64 53
9 72 9 40 12 12 51 54 75 1 45 19 8 48 2 31 2 66 30 42 40 62 65 25
19 68 36 39 9 74 37 38 14 51 72 25 39 41 9 20 67 78 72 32 1 69 24 43
71 20 33 36 18 72 25 47 42 78 69 15 56 58 31 70 22 48 37 69 42 31 76 67
30 32 3 38 78 74 26 52 28 42 78 70 78 42 80 53 61 14 34 65 4 35 12 60
52 35 54 28 69 49 61 59 46 48 4 9 28 31 12 53 23 11 25 59 35 62 73 66
3 72 63 66 78 55 20 32 65 47 46 60 4 27 76 11 19 24 9 31 50 1 53 43
65 48 77 71 1 46 18 16 47 61 8 25 47 26 43 51 63 34 27 6 18 60 39 31
0 16 20 19 23 18 21 22 15 25 17 16 19
16 0 19 18 19 21 21 17 24 15 16 16 22
20 19 0 23 20 21 17 23 20 21 18 20 24
19 18 23 0 15 17 16 18 17 15 19 15 24
23 19 20 15 0 17 19 24 25 22 17 17 18
18 21 21 17 17 0 21 15 15 25 23 18 22
21 21 17 16 19 21 0 22 23 25 20 21 16
22 17 23 18 24 15 22 0 21 18 17 21 17
15 24 20 17 25 15 23 21 0 19 22 23 20
25 15 21 15 22 25 25 18 19 0 16 20 20
17 16 18 19 17 23 20 17 22 16 0 25 25
16 16 20 15 17 18 21 21 23 20 25 0 18
19 22 24 24 18 22 16 17 20 20 25 18 0
