11
13
51 114 88 83 131 54 18 132 118 137 30
0 18 24 21 23 25 18 15 16 19 18 17 18
18 0 17 19 18 23 25 23 21 23 24 16 19
24 17 0 18 25 22 23 23 20 19 16 25 17
21 19 18 0 16 24 17 15 24 18 22 23 16
23 18 25 16 0 22 16 21 18 23 18 20 21
25 23 22 24 22 0 20 19 16 22 25 16 24
18 25 23 17 16 20 0 25 23 19 18 20 17
15 23 23 15 21 19 25 0 16 19 21 23 24
16 21 20 24 18 16 23 16 0 24 17 15 24
19 23 19 18 23 22 19 19 24 0 25 21 23
18 24 16 22 18 25 18 21 17 25 0 17 20
17 16 25 23 20 16 20 23 15 21 17 0 20
18 19 17 16 21 24 17 24 24 23 20 20 0
