11
9
19 22 5 35 25 13 36 2 11 8 29
0 22 21 16 20 17 21 25 24 21 25 24 20
22 0 22 24 23 23 16 18 24 17 21 24 15
21 22 0 19 20 20 19 16 21 25 21 15 16
16 24 19 0 20 23 24 22 15 20 24 24 22
20 23 20 20 0 15 17 16 23 20 20 24 19
17 23 20 23 15 0 18 21 23 17 19 17 25
21 16 19 24 17 18 0 15 24 22 15 25 16
25 18 16 22 16 21 15 0 20 22 24 24 20
24 24 21 15 23 23 24 20 0 20 19 25 22
21 17 25 20 20 17 22 22 20 0 19 20 25
25 21 21 24 20 19 15 24 19 19 0 25 18
24 24 15 24 24 17 25 24 25 20 25 0 16
20 15 16 22 19 25 16 20 22 25 18 16 0
