11
18
10 15 28 24 13 27 27 14 10 23 22 30 37 38 38 34 16 23
15 32 5 27 21 1 12 9 5 33 34 9 4 27 23 17 3 35
15 29 13 15 35 25 11 34 21 7 1 3 26 17 8 40 20 22
13 24 33 33 23 16 31 15 2 10 33 14 7 3 3 38 40 28
14 27 30 15 23 30 5 36 32 11 37 16 33 24 13 9 25 16
9 28 10 4 39 3 22 2 23 37 8 16 20 7 38 12 5 1
35 4 23 26 5 39 36 37 17 37 39 32 40 26 8 40 5 28
38 14 35 5 35 22 20 6 15 27 13 26 32 23 12 27 7 38
10 8 29 39 28 26 31 35 7 8 2 15 33 35 12 30 9 14
32 14 22 24 8 39 7 17 25 1 13 2 9 34 31 6 30 5
10 8 11 21 24 32 33 34 22 29 2 7 40 14 12 6 14 4
0 16 20 22 18 21 15 24 19 23 22 24 21
16 0 25 20 24 21 18 15 24 25 24 15 18
20 25 0 21 23 25 15 15 25 17 18 17 19
22 20 21 0 23 21 22 16 21 16 21 24 19
18 24 23 23 0 21 19 16 25 15 24 21 16
21 21 25 21 21 0 23 22 15 22 19 20 16
15 18 15 22 19 23 0 15 17 21 25 16 23
24 15 15 16 16 22 15 0 25 20 20 25 22
19 24 25 21 25 15 17 25 0 24 17 16 16
23 25 17 16 15 22 21 20 24 0 25 23 19
22 24 18 21 24 19 25 20 17 25 0 24 25
24 15 17 24 21 20 16 25 16 23 24 0 16
21 18 19 19 16 16 23 22 16 19 25 16 0
