11
12
15 34 37 2 50 49 41 89 61 155 107 27
136 49 128 36 28 106 153 135 66 80 51 56
156 26 25 127 66 108 90 139 90 155 112 67
31 120 134 67 93 76 98 102 16 102 50 112
31 79 35 158 123 92 7 49 31 111 94 155
126 66 76 82 68 66 8 44 30 44 100 41
92 79 64 131 24 97 29 39 87 85 49 145
6 33 115 159 117 145 104 2 132 160 90 123
136 22 106 6 16 4 14 109 113 121 125 130
116 87 39 46 135 58 59 72 150 134 86 61
132 12 139 52 6 48 29 42 121 106 109 154
0 19 19 16 17 22 15 22 24 15 19 20 22
19 0 15 23 18 15 18 16 24 16 20 15 20
19 15 0 23 18 16 17 15 21 21 23 19 24
16 23 23 0 23 18 19 17 16 21 22 15 23
17 18 18 23 0 21 19 23 22 24 23 17 25
22 15 16 18 21 0 18 17 23 22 25 21 18
15 18 17 19 19 18 0 23 19 23 25 17 22
22 16 15 17 23 17 23 0 25 16 17 23 25
24 24 21 16 22 23 19 25 0 20 23 20 18
15 16 21 21 24 22 23 16 20 0 17 21 17
19 20 23 22 23 25 25 17 23 17 0 23 16
20 15 19 15 17 21 17 23 20 21 23 0 22
22 20 24 23 25 18 22 25 18 17 16 22 0
