11
10
20 29 40 14 34 13 37 17 20 13
11 38 34 20 39 6 24 31 19 11
28 5 38 1 8 29 15 18 7 17
8 23 37 6 36 40 21 15 7 5
4 7 32 16 11 3 33 16 4 26
39 21 9 30 1 26 25 2 7 2
22 16 10 11 4 24 40 11 22 36
6 29 33 8 29 30 39 36 10 31
7 2 29 36 32 11 36 6 39 8
12 10 19 27 34 32 26 12 34 6
38 16 32 12 2 18 3 26 16 32
0 17 22 21 20 25 22 20 19 16 25 20 19
17 0 18 21 21 24 18 16 18 20 17 23 20
22 18 0 21 25 16 20 18 22 21 21 23 16
21 21 21 0 18 22 24 17 16 22 15 21 18
20 21 25 18 0 23 15 15 25 20 18 17 24
25 24 16 22 23 0 25 25 22 20 25 24 16
22 18 20 24 15 25 0 16 21 15 25 18 24
20 16 18 17 15 25 16 0 18 17 25 22 21
19 18 22 16 25 22 21 18 0 24 17 22 21
16 20 21 22 20 20 15 17 24 0 21 19 22
25 17 21 15 18 25 25 25 17 21 0 22 19
20 23 23 21 17 24 18 22 22 19 22 0 24
19 20 16 18 24 16 24 21 21 22 19 24 0
