11
15
27 56 70 59 44 12 15 23 71 56 20
0 17 20 16 22 23 15 24 20 22 20 22 21
17 0 21 21 22 15 24 20 15 22 24 18 15
20 21 0 20 25 21 22 21 16 23 20 21 18
16 21 20 0 16 17 19 25 24 22 22 18 15
22 22 25 16 0 22 23 21 22 19 22 21 15
23 15 21 17 22 0 24 20 25 21 18 25 17
15 24 22 19 23 24 0 21 24 20 23 24 21
24 20 21 25 21 20 21 0 22 24 16 19 17
20 15 16 24 22 25 24 22 0 15 21 18 25
22 22 23 22 19 21 20 24 15 0 23 24 21
20 24 20 22 22 18 23 16 21 23 0 20 21
22 18 21 18 21 25 24 19 18 24 20 0 22
21 15 18 15 15 17 21 17 25 21 21 22 0
