11
8
28 61 72 22 28 29 50 70 4 77 23
0 20 18 24 16 23 25 23 18 22 22 17 22
20 0 20 22 21 25 20 19 15 23 20 17 19
18 20 0 20 17 16 18 22 23 15 24 21 19
24 22 20 0 21 22 21 18 19 16 17 19 18
16 21 17 21 0 23 23 20 23 15 17 16 25
23 25 16 22 23 0 16 21 25 18 25 23 17
25 20 18 21 23 16 0 25 16 24 22 19 15
23 19 22 18 20 21 25 0 25 25 15 23 15
18 15 23 19 23 25 16 25 0 21 19 16 15
22 23 15 16 15 18 24 25 21 0 23 21 21
22 20 24 17 17 25 22 15 19 23 0 17 19
17 17 21 19 16 23 19 23 16 21 17 0 20
22 19 19 18 25 17 15 15 15 21 19 20 0
