11
12
1 25 33 28 5 9 27 35 8 33 35
0 15 19 23 19 16 15 24 25 19 19 17 22
15 0 22 24 18 25 16 16 23 17 25 16 22
19 22 0 15 15 22 20 24 19 23 16 22 17
23 24 15 0 15 23 18 24 21 22 24 24 24
19 18 15 15 0 15 21 19 15 22 16 22 24
16 25 22 23 15 0 20 21 19 23 15 22 18
15 16 20 18 21 20 0 16 15 22 15 17 21
24 16 24 24 19 21 16 0 23 16 17 21 24
25 23 19 21 15 19 15 23 0 20 22 16 19
19 17 23 22 22 23 22 16 20 0 25 19 15
19 25 16 24 16 15 15 17 22 25 0 16 15
17 16 22 24 22 22 17 21 16 19 16 0 23
22 22 17 24 24 18 21 24 19 15 15 23 0
