11
12
62 80 34 117 58 5 15 114 22 43 115
0 20 17 21 24 20 21 19 19 19 25 22 15
20 0 18 23 18 25 16 17 16 15 20 18 22
17 18 0 19 23 23 16 21 17 22 22 21 15
21 23 19 0 20 20 16 15 21 20 18 25 22
24 18 23 20 0 15 19 23 23 20 25 19 22
20 25 23 20 15 0 24 18 16 23 21 15 24
21 16 16 16 19 24 0 22 23 21 15 20 25
19 17 21 15 23 18 22 0 22 17 24 24 17
19 16 17 21 23 16 23 22 0 24 20 17 20
19 15 22 20 20 23 21 17 24 0 21 22 20
25 20 22 18 25 21 15 24 20 21 0 17 17
22 18 21 25 19 15 20 24 17 22 17 0 21
15 22 15 22 22 24 25 17 20 20 17 21 0
