11
14
23 122 19 28 137 143 155 4 57 43 89
0 15 19 16 20 21 23 15 15 22 22 22 20
15 0 23 20 16 20 25 16 21 20 24 17 20
19 23 0 25 19 22 23 16 22 20 16 15 16
16 20 25 0 16 22 21 19 20 21 24 15 15
20 16 19 16 0 24 21 23 22 24 24 25 19
21 20 22 22 24 0 15 22 24 23 24 23 20
23 25 23 21 21 15 0 22 21 15 18 21 17
15 16 16 19 23 22 22 0 16 15 24 22 18
15 21 22 20 22 24 21 16 0 23 24 17 22
22 20 20 21 24 23 15 15 23 0 16 23 17
22 24 16 24 24 24 18 24 24 16 0 25 15
22 17 15 15 25 23 21 22 17 23 25 0 25
20 20 16 15 19 20 17 18 22 17 15 25 0
