11
14
53 17 14 51 73 72 92 25 116 53 95
0 20 21 18 21 23 23 16 24 17 22 18 22
20 0 20 16 25 25 15 18 22 21 21 20 15
21 20 0 17 16 20 16 16 17 20 15 23 19
18 16 17 0 21 20 18 21 19 23 17 16 25
21 25 16 21 0 22 20 19 21 20 22 17 24
23 25 20 20 22 0 17 25 19 19 15 22 15
23 15 16 18 20 17 0 23 15 24 25 15 22
16 18 16 21 19 25 23 0 25 25 15 16 18
24 22 17 19 21 19 15 25 0 23 25 19 22
17 21 20 23 20 19 24 25 23 0 18 18 20
22 21 15 17 22 15 25 15 25 18 0 15 23
18 20 23 16 17 22 15 16 19 18 15 0 17
22 15 19 25 24 15 22 18 22 20 23 17 0
