11
5
11 15 16 15 11 18 27 36 27 2 8
0 17 16 25 20 24 17 15 25 19 15 22 18
17 0 15 18 17 19 19 15 15 17 17 16 17
16 15 0 22 21 15 25 23 16 19 22 21 22
25 18 22 0 24 22 16 22 17 21 15 19 16
20 17 21 24 0 20 16 15 17 22 21 25 18
24 19 15 22 20 0 25 15 18 25 16 23 16
17 19 25 16 16 25 0 16 25 18 15 22 17
15 15 23 22 15 15 16 0 22 20 25 19 16
25 15 16 17 17 18 25 22 0 17 15 16 18
19 17 19 21 22 25 18 20 17 0 15 18 16
15 17 22 15 21 16 15 25 15 15 0 15 23
22 16 21 19 25 23 22 19 16 18 15 0 17
18 17 22 16 18 16 17 16 18 16 23 17 0
