11
16
47 34 70 38 35 12 76 30 44 70 31
0 23 17 19 16 15 23 21 19 22 17 23 18
23 0 24 15 25 17 19 19 17 18 24 21 22
17 24 0 19 21 15 16 22 20 16 17 19 18
19 15 19 0 16 16 16 18 17 19 20 16 16
16 25 21 16 0 21 18 16 24 19 15 15 18
15 17 15 16 21 0 17 24 25 15 20 23 18
23 19 16 16 18 17 0 17 17 16 20 21 20
21 19 22 18 16 24 17 0 20 19 15 17 17
19 17 20 17 24 25 17 20 0 15 22 24 23
22 18 16 19 19 15 16 19 15 0 21 16 22
17 24 17 20 15 20 20 15 22 21 0 19 25
23 21 19 16 15 23 21 17 24 16 19 0 18
18 22 18 16 18 18 20 17 23 22 25 18 0
