11
10
39 47 39 32 72 77 54 55 50 80
33 55 6 26 73 47 16 70 11 13
77 39 5 39 48 5 16 76 41 24
35 32 9 19 9 3 2 39 71 57
66 45 31 52 37 78 45 11 40 70
53 48 62 24 31 53 11 22 74 70
7 80 22 4 61 3 50 55 80 31
79 18 30 52 56 56 55 74 65 35
39 29 29 9 67 67 47 23 66 61
20 44 78 38 25 52 7 11 23 50
70 50 65 48 15 1 13 75 10 45
0 18 25 19 25 18 23 17 21 24 15 23 17
18 0 16 16 23 21 18 25 17 25 18 23 18
25 16 0 16 18 23 20 24 16 17 23 16 25
19 16 16 0 15 20 20 17 18 16 23 23 18
25 23 18 15 0 23 20 23 22 19 22 17 23
18 21 23 20 23 0 15 21 20 21 19 16 25
23 18 20 20 20 15 0 18 20 20 18 15 15
17 25 24 17 23 21 18 0 22 16 20 25 22
21 17 16 18 22 20 20 22 0 17 16 25 24
24 25 17 16 19 21 20 16 17 0 23 23 22
15 18 23 23 22 19 18 20 16 23 0 21 23
23 23 16 23 17 16 15 25 25 23 21 0 16
17 18 25 18 23 25 15 22 24 22 23 16 0
