11
16
50 13 113 10 11 99 41 65 82 12 65
0 16 17 16 15 16 17 16 23 21 23 16 25
16 0 22 19 15 19 24 20 15 19 22 18 21
17 22 0 21 19 16 25 20 21 16 18 20 25
16 19 21 0 21 15 16 22 23 20 24 24 20
15 15 19 21 0 19 20 22 24 21 21 22 20
16 19 16 15 19 0 23 19 17 16 18 16 18
17 24 25 16 20 23 0 21 23 22 22 24 23
16 20 20 22 22 19 21 0 22 24 21 17 20
23 15 21 23 24 17 23 22 0 15 21 20 15
21 19 16 20 21 16 22 24 15 0 15 21 25
23 22 18 24 21 18 22 21 21 15 0 15 19
16 18 20 24 22 16 24 17 20 21 15 0 22
25 21 25 20 20 18 23 20 15 25 19 22 0
