11
8
21 43 54 36 57 49 30 28
51 61 78 33 55 69 23 79
47 64 80 79 54 50 43 6
66 2 41 63 25 41 42 1
22 66 41 57 16 28 44 10
24 2 71 57 75 1 65 54
13 36 75 56 49 60 18 23
29 67 71 62 58 77 5 22
35 30 36 64 58 57 26 70
11 61 78 29 21 1 18 25
3 27 3 26 31 59 28 15
0 16 15 15 18 17 22 16 17 23 19 25 17
16 0 21 20 18 25 19 20 25 24 15 19 23
15 21 0 15 19 18 22 23 22 19 21 22 20
15 20 15 0 17 18 24 22 18 24 19 20 18
18 18 19 17 0 21 15 17 22 20 24 18 22
17 25 18 18 21 0 25 23 18 17 25 23 21
22 19 22 24 15 25 0 16 16 15 25 15 19
16 20 23 22 17 23 16 0 22 17 17 20 25
17 25 22 18 22 18 16 22 0 16 16 24 25
23 24 19 24 20 17 15 17 16 0 17 21 23
19 15 21 19 24 25 25 17 16 17 0 22 18
25 19 22 20 18 23 15 20 24 21 22 0 21
17 23 20 18 22 21 19 25 25 23 18 21 0
