11
10
75 50 63 13 16 31 11 38 55 27
74 56 74 33 26 76 2 1 37 45
67 50 21 51 62 41 64 2 56 69
53 41 39 48 56 8 20 58 48 6
70 67 35 58 3 38 32 59 35 17
63 4 36 16 56 58 1 17 17 63
19 76 53 1 21 4 36 53 79 21
76 80 21 72 2 68 29 49 64 49
62 55 42 30 77 46 26 38 25 43
33 28 11 50 4 79 29 45 3 18
43 40 1 73 29 49 11 61 72 71
0 19 16 18 20 22 20 16 15 17 24 16 25
19 0 21 17 19 16 25 16 18 23 25 17 18
16 21 0 16 17 23 15 22 21 15 19 25 22
18 17 16 0 15 15 24 18 24 19 24 15 20
20 19 17 15 0 24 16 21 18 20 25 22 21
22 16 23 15 24 0 15 17 16 21 15 22 23
20 25 15 24 16 15 0 16 24 19 25 18 18
16 16 22 18 21 17 16 0 25 16 20 19 25
15 18 21 24 18 16 24 25 0 15 15 25 19
17 23 15 19 20 21 19 16 15 0 25 23 17
24 25 19 24 25 15 25 20 15 25 0 16 21
16 17 25 15 22 22 18 19 25 23 16 0 15
25 18 22 20 21 23 18 25 19 17 21 15 0
