11
14
25 29 25 21 40 37 22 7 8 20 35
0 23 19 17 18 17 25 15 18 20 16 24 17
23 0 15 18 17 22 22 23 20 23 16 16 23
19 15 0 22 22 15 16 24 18 24 25 16 24
17 18 22 0 16 16 17 21 22 25 18 24 25
18 17 22 16 0 17 23 18 19 19 25 16 24
17 22 15 16 17 0 15 20 22 17 19 16 23
25 22 16 17 23 15 0 21 24 25 20 19 20
15 23 24 21 18 20 21 0 19 17 17 22 16
18 20 18 22 19 22 24 19 0 20 23 18 17
20 23 24 25 19 17 25 17 20 0 23 20 23
16 16 25 18 25 19 20 17 23 23 0 25 16
24 16 16 24 16 16 19 22 18 20 25 0 15
17 23 24 25 24 23 20 16 17 23 16 15 0
