11
16
12 65 26 75 5 72 62 70 32 67 60
0 17 25 18 16 24 24 22 17 25 16 20 25
17 0 16 15 24 22 22 25 20 15 18 15 24
25 16 0 16 15 15 23 19 19 21 20 15 22
18 15 16 0 15 15 25 19 24 18 18 23 20
16 24 15 15 0 17 15 15 23 15 15 24 23
24 22 15 15 17 0 16 25 25 23 22 22 16
24 22 23 25 15 16 0 24 20 18 16 24 16
22 25 19 19 15 25 24 0 19 24 15 20 24
17 20 19 24 23 25 20 19 0 15 17 17 19
25 15 21 18 15 23 18 24 15 0 24 25 18
16 18 20 18 15 22 16 15 17 24 0 23 21
20 15 15 23 24 22 24 20 17 25 23 0 23
25 24 22 20 23 16 16 24 19 18 21 23 0
