11
24
81 40 91 95 9 55 61 34 61 78 120 89 7 101 92 113 91 113 33 19 102 68 67 32
111 51 77 97 76 89 16 68 55 51 26 56 12 3 95 87 12 67 94 72 108 3 96 9
55 71 35 72 108 7 71 61 4 99 50 55 80 104 45 75 12 14 83 76 91 8 78 83
20 31 37 49 90 27 51 29 4 109 105 22 4 109 31 66 36 1 73 76 119 41 33 29
43 8 44 69 50 79 2 118 3 109 75 108 56 31 37 97 79 61 55 73 100 39 31 67
103 73 117 7 115 32 70 32 116 81 21 62 44 59 66 79 103 80 93 87 117 23 80 102
88 107 68 43 64 37 21 110 10 5 97 94 19 32 21 76 90 53 79 59 49 33 35 90
87 90 22 100 87 33 60 48 116 117 19 113 61 46 35 8 53 88 29 77 18 85 58 45
109 91 9 91 14 92 62 14 68 119 116 61 76 24 99 59 67 96 59 108 37 87 31 13
26 76 101 103 73 63 105 44 63 9 53 94 106 68 73 41 58 27 24 32 5 120 30 70
110 98 19 28 62 54 112 13 92 58 47 64 42 93 80 109 23 44 52 79 99 105 88 23
0 21 19 19 20 22 24 20 24 16 25 25 17
21 0 22 20 19 15 24 18 18 18 18 21 23
19 22 0 17 20 20 24 20 19 22 16 17 20
19 20 17 0 15 19 16 24 17 24 21 17 22
20 19 20 15 0 16 24 17 15 18 17 22 18
22 15 20 19 16 0 25 19 24 22 19 18 22
24 24 24 16 24 25 0 23 22 16 22 18 21
20 18 20 24 17 19 23 0 18 21 16 22 25
24 18 19 17 15 24 22 18 0 23 16 20 17
16 18 22 24 18 22 16 21 23 0 22 15 24
25 18 16 21 17 19 22 16 16 22 0 22 25
25 21 17 17 22 18 18 22 20 15 22 0 24
17 23 20 22 18 22 21 25 17 24 25 24 0
