11
22
18 38 29 37 29 20 10 36 6 39 27 35 22 11 12 39 18 22 12 19 39 8
34 10 10 35 39 1 4 13 37 19 16 18 21 23 11 12 12 30 38 10 14 26
13 38 39 18 15 28 36 35 11 22 8 10 7 7 5 32 22 36 32 31 12 21
12 27 8 40 5 28 31 24 34 9 10 23 20 2 22 37 35 14 4 27 39 17
26 15 15 14 36 6 37 38 32 22 23 26 16 20 12 9 38 39 39 20 9 16
29 34 1 39 40 1 21 35 31 22 25 8 1 10 20 27 18 9 3 34 1 9
18 29 4 6 35 17 36 22 12 25 32 33 32 29 1 13 31 38 22 39 30 17
19 16 6 1 9 26 37 33 24 11 11 25 33 22 40 30 6 15 40 25 8 10
4 14 40 25 26 34 18 5 12 40 13 26 28 27 31 12 20 16 39 16 17 36
36 20 12 22 18 27 5 6 13 23 16 31 24 8 2 26 17 28 9 26 35 26
5 3 7 5 18 16 7 25 30 31 32 4 24 29 37 20 37 8 2 27 20 23
0 19 21 16 24 21 24 18 23 24 24 25 20
19 0 17 19 20 17 23 15 16 19 25 17 24
21 17 0 21 23 16 21 21 17 15 17 17 25
16 19 21 0 20 22 22 23 21 18 25 21 17
24 20 23 20 0 19 17 24 21 18 16 22 19
21 17 16 22 19 0 21 16 22 16 18 20 22
24 23 21 22 17 21 0 15 21 19 15 25 17
18 15 21 23 24 16 15 0 17 17 16 22 19
23 16 17 21 21 22 21 17 0 22 22 19 17
24 19 15 18 18 16 19 17 22 0 19 15 17
24 25 17 25 16 18 15 16 22 19 0 22 18
25 17 17 21 22 20 25 22 19 15 22 0 18
20 24 25 17 19 22 17 19 17 17 18 18 0
