11
6
24 16 3 77 76 67
11 19 19 76 17 21
43 39 44 26 59 32
62 8 45 10 25 11
54 46 21 64 10 71
77 23 14 73 8 54
3 78 28 5 64 4
19 13 41 14 34 55
17 61 77 24 29 30
24 39 57 3 54 35
76 66 32 54 45 11
0 16 20 22 19 25 18 15 18 18 25 15 16
16 0 20 25 24 22 23 18 16 24 25 20 24
20 20 0 25 20 24 17 20 19 23 21 17 25
22 25 25 0 23 21 25 23 20 24 16 18 16
19 24 20 23 0 17 24 22 18 16 23 25 20
25 22 24 21 17 0 21 17 15 15 25 17 23
18 23 17 25 24 21 0 18 15 20 21 16 15
15 18 20 23 22 17 18 0 19 16 18 25 17
18 16 19 20 18 15 15 19 0 20 18 21 18
18 24 23 24 16 15 20 16 20 0 21 21 20
25 25 21 16 23 25 21 18 18 21 0 21 25
15 20 17 18 25 17 16 25 21 21 21 0 19
16 24 25 16 20 23 15 17 18 20 25 19 0
