11
9
39 131 8 83 103 154 104 55 38 131 32
0 15 20 17 25 22 23 18 24 18 19 22 17
15 0 21 16 25 20 17 22 19 21 17 23 24
20 21 0 17 17 15 16 19 21 19 22 21 23
17 16 17 0 17 22 24 23 20 23 18 25 19
25 25 17 17 0 15 19 20 24 15 25 21 15
22 20 15 22 15 0 15 23 18 25 24 24 15
23 17 16 24 19 15 0 22 25 15 19 15 23
18 22 19 23 20 23 22 0 18 25 15 22 20
24 19 21 20 24 18 25 18 0 21 19 19 16
18 21 19 23 15 25 15 25 21 0 25 18 18
19 17 22 18 25 24 19 15 19 25 0 21 21
22 23 21 25 21 24 15 22 19 18 21 0 23
17 24 23 19 15 15 23 20 16 18 21 23 0
