11
24
127 81 56 127 29 131 123 147 79 37 95 68 117 4 152 70 142 3 86 35 91 60 93 55
43 22 156 101 54 129 90 53 63 102 132 16 46 152 144 133 16 86 101 130 21 42 28 113
31 154 105 107 145 133 57 99 63 16 35 36 59 72 147 152 104 154 94 116 78 21 150 4
148 146 129 152 43 145 37 116 155 117 63 68 40 53 137 105 149 17 111 149 150 129 36 139
59 19 73 27 27 96 149 68 119 8 23 48 37 1 24 122 126 58 115 57 104 88 39 154
148 116 36 94 57 97 144 12 51 81 42 157 77 119 18 93 142 12 70 153 81 62 23 154
92 155 149 149 117 105 57 81 19 95 23 101 18 88 83 110 63 79 134 50 134 44 18 158
5 111 142 155 157 128 32 20 2 24 7 86 105 112 120 16 95 38 35 51 76 73 100 17
50 69 20 138 153 35 151 94 21 39 132 29 39 1 130 120 153 104 8 55 6 130 119 6
102 4 59 27 28 95 28 75 34 39 36 63 86 21 7 4 31 21 37 131 22 72 150 29
7 60 156 112 109 43 126 66 101 41 152 60 129 77 137 154 135 133 60 121 29 89 78 128
0 23 24 15 24 18 22 15 19 23 25 21 16
23 0 25 23 18 25 25 24 23 16 24 19 17
24 25 0 17 25 25 21 15 16 18 22 24 24
15 23 17 0 16 16 25 23 17 20 25 21 22
24 18 25 16 0 20 24 21 23 24 22 20 22
18 25 25 16 20 0 16 16 22 16 25 21 16
22 25 21 25 24 16 0 22 22 25 18 19 21
15 24 15 23 21 16 22 0 18 25 17 22 20
19 23 16 17 23 22 22 18 0 22 17 22 16
23 16 18 20 24 16 25 25 22 0 21 22 20
25 24 22 25 22 25 18 17 17 21 0 20 19
21 19 24 21 20 21 19 22 22 22 20 0 16
16 17 24 22 22 16 21 20 16 20 19 16 0
