11
7
27 49 77 46 117 66 101 14 13 13 62
0 18 18 23 25 23 25 23 20 17 20 15 25
18 0 19 21 18 21 18 24 20 22 20 24 23
18 19 0 21 17 18 19 19 22 15 25 19 24
23 21 21 0 19 20 20 20 19 24 16 17 23
25 18 17 19 0 24 19 22 23 16 15 18 17
23 21 18 20 24 0 22 22 20 25 24 19 18
25 18 19 20 19 22 0 15 16 19 24 19 23
23 24 19 20 22 22 15 0 25 21 18 24 16
20 20 22 19 23 20 16 25 0 25 25 16 23
17 22 15 24 16 25 19 21 25 0 17 18 17
20 20 25 16 15 24 24 18 25 17 0 21 17
15 24 19 17 18 19 19 24 16 18 21 0 22
25 23 24 23 17 18 23 16 23 17 17 22 0
