11
6
78 60 64 27 49 33 15 39 26 37 66
0 17 20 17 24 21 16 17 24 21 23 16 17
17 0 21 22 16 15 23 20 25 15 23 25 24
20 21 0 17 18 22 24 25 20 21 19 18 21
17 22 17 0 24 17 17 24 16 17 23 23 17
24 16 18 24 0 20 17 15 18 22 19 18 16
21 15 22 17 20 0 18 19 22 25 17 22 25
16 23 24 17 17 18 0 17 21 24 20 18 21
17 20 25 24 15 19 17 0 25 22 15 22 18
24 25 20 16 18 22 21 25 0 15 25 22 15
21 15 21 17 22 25 24 22 15 0 23 21 21
23 23 19 23 19 17 20 15 25 23 0 18 17
16 25 18 23 18 22 18 22 22 21 18 0 17
17 24 21 17 16 25 21 18 15 21 17 17 0
