11
15
29 61 18 54 7 52 58 5 15 38 21
0 18 21 16 23 23 15 22 16 20 22 24 21
18 0 17 22 23 21 22 17 16 21 19 18 24
21 17 0 23 17 21 23 22 23 25 20 15 21
16 22 23 0 17 16 23 21 21 17 15 20 25
23 23 17 17 0 23 19 17 25 19 23 19 20
23 21 21 16 23 0 18 16 24 19 23 19 22
15 22 23 23 19 18 0 16 21 22 25 16 24
22 17 22 21 17 16 16 0 16 20 21 22 16
16 16 23 21 25 24 21 16 0 21 20 17 22
20 21 25 17 19 19 22 20 21 0 18 18 19
22 19 20 15 23 23 25 21 20 18 0 15 23
24 18 15 20 19 19 16 22 17 18 15 0 21
21 24 21 25 20 22 24 16 22 19 23 21 0
