11
5
147 144 113 103 116 143 23 39 6 4 74
0 24 15 25 23 22 18 16 24 23 17 18 19
24 0 21 20 19 21 24 23 17 22 16 16 22
15 21 0 21 15 23 18 17 23 16 23 19 19
25 20 21 0 21 15 20 22 24 24 24 18 24
23 19 15 21 0 19 22 18 22 24 22 23 22
22 21 23 15 19 0 19 22 22 20 24 19 18
18 24 18 20 22 19 0 25 23 19 24 15 24
16 23 17 22 18 22 25 0 22 24 19 18 17
24 17 23 24 22 22 23 22 0 21 17 18 18
23 22 16 24 24 20 19 24 21 0 16 20 21
17 16 23 24 22 24 24 19 17 16 0 21 23
18 16 19 18 23 19 15 18 18 20 21 0 24
19 22 19 24 22 18 24 17 18 21 23 24 0
