11
8
9 72 20 41 79 72 56 30
47 78 2 46 45 9 43 42
8 9 34 55 80 31 55 42
67 74 77 61 31 50 6 34
41 46 52 1 59 14 64 59
12 61 14 45 50 59 78 14
77 24 51 63 57 55 34 40
31 51 75 60 27 15 66 58
65 25 65 72 62 29 2 74
46 64 26 31 47 8 28 27
79 23 12 57 45 46 7 17
0 24 17 19 18 21 18 22 23 16 22 17 15
24 0 21 22 15 20 16 16 22 25 20 19 19
17 21 0 24 17 23 18 18 19 19 15 19 16
19 22 24 0 25 22 18 15 24 23 15 17 22
18 15 17 25 0 19 18 23 19 17 19 18 18
21 20 23 22 19 0 21 21 24 15 15 16 16
18 16 18 18 18 21 0 24 25 16 24 16 18
22 16 18 15 23 21 24 0 15 23 24 24 19
23 22 19 24 19 24 25 15 0 16 16 16 20
16 25 19 23 17 15 16 23 16 0 15 23 15
22 20 15 15 19 15 24 24 16 15 0 25 22
17 19 19 17 18 16 16 24 16 23 25 0 22
15 19 16 22 18 16 18 19 20 15 22 22 0
