11
24
38 25 13 35 21 34 33 21 8 6 12 23 20 20 34 37 2 3 17 24 35 3 14 17
25 2 3 14 38 16 40 18 23 29 22 5 10 29 1 27 1 22 38 31 26 31 30 12
22 27 23 36 25 32 17 1 39 25 28 24 34 3 10 1 35 35 2 4 35 22 23 10
26 32 38 1 22 32 36 29 39 5 37 14 10 14 27 9 33 6 33 32 28 18 31 15
39 30 34 5 37 28 5 26 23 34 17 17 38 19 11 27 25 14 30 23 36 16 17 4
36 9 31 24 28 30 16 17 12 3 27 36 7 9 39 38 16 1 28 35 37 22 17 15
15 35 20 14 31 7 17 26 8 25 34 19 10 10 7 29 35 27 26 14 14 22 10 23
39 38 18 5 24 10 18 16 18 27 18 19 26 7 24 27 18 22 5 2 15 5 4 29
23 31 25 16 34 34 34 8 15 17 40 39 31 17 24 17 13 18 26 8 25 23 31 32
27 25 12 25 22 36 28 5 36 10 23 23 16 13 40 2 35 14 40 35 31 34 17 25
35 29 23 37 19 40 37 39 18 5 1 26 38 6 21 23 9 30 35 7 36 8 33 39
0 17 20 16 24 21 18 24 19 23 25 23 17
17 0 19 19 15 24 21 25 18 20 23 15 17
20 19 0 24 23 17 16 18 21 18 21 24 19
16 19 24 0 21 16 19 22 17 17 25 25 16
24 15 23 21 0 19 24 16 20 19 18 22 17
21 24 17 16 19 0 16 16 20 20 18 25 22
18 21 16 19 24 16 0 17 25 16 18 24 24
24 25 18 22 16 16 17 0 15 24 23 24 18
19 18 21 17 20 20 25 15 0 24 21 22 23
23 20 18 17 19 20 16 24 24 0 21 23 25
25 23 21 25 18 18 18 23 21 21 0 20 24
23 15 24 25 22 25 24 24 22 23 20 0 23
17 17 19 16 17 22 24 18 23 25 24 23 0
