11
18
110 77 34 73 98 39 21 91 53 51 70 59 1 66 7 65 114 38
43 70 105 13 61 31 15 106 58 53 19 25 105 29 42 21 66 17
55 34 109 88 1 67 104 100 101 90 79 107 5 38 40 11 71 41
62 87 102 60 47 37 9 2 10 32 93 51 23 77 92 20 45 18
22 46 57 90 86 41 49 53 91 66 106 45 96 50 106 102 57 8
20 12 10 80 120 100 11 53 41 32 86 67 63 81 94 14 13 83
13 44 94 96 113 97 90 22 99 59 4 70 71 65 12 18 103 89
109 100 75 41 103 69 54 11 57 79 48 15 44 102 103 5 19 30
59 10 9 80 88 70 114 2 51 10 82 102 64 47 8 112 85 105
112 80 106 68 105 7 57 61 6 15 68 46 92 41 37 22 113 65
111 29 73 54 101 30 105 47 7 110 18 17 117 82 2 67 100 88
0 15 20 15 22 24 22 15 22 15 18 23 15
15 0 17 16 25 19 20 17 17 20 25 15 15
20 17 0 23 20 16 15 21 16 23 24 24 24
15 16 23 0 16 16 17 25 22 21 25 24 25
22 25 20 16 0 17 25 18 17 16 17 21 23
24 19 16 16 17 0 22 23 16 21 22 25 24
22 20 15 17 25 22 0 25 25 17 24 16 24
15 17 21 25 18 23 25 0 16 24 16 18 18
22 17 16 22 17 16 25 16 0 15 25 17 25
15 20 23 21 16 21 17 24 15 0 15 23 19
18 25 24 25 17 22 24 16 25 15 0 18 19
23 15 24 24 21 25 16 18 17 23 18 0 25
15 15 24 25 23 24 24 18 25 19 19 25 0
