11
13
40 63 128 42 63 64 82 154 75 106 158
0 18 21 22 16 25 20 25 15 20 20 20 19
18 0 18 22 24 16 16 23 17 19 22 21 15
21 18 0 17 16 15 25 15 16 21 20 25 25
22 22 17 0 22 24 21 19 24 21 17 24 19
16 24 16 22 0 18 19 25 16 24 19 23 18
25 16 15 24 18 0 20 15 18 19 18 24 20
20 16 25 21 19 20 0 15 17 20 16 17 25
25 23 15 19 25 15 15 0 16 23 21 21 25
15 17 16 24 16 18 17 16 0 17 22 20 17
20 19 21 21 24 19 20 23 17 0 21 23 18
20 22 20 17 19 18 16 21 22 21 0 23 25
20 21 25 24 23 24 17 21 20 23 23 0 21
19 15 25 19 18 20 25 25 17 18 25 21 0
