11
18
37 24 35 16 6 34 13 24 22 17 1 15 13 27 8 6 3 19
29 31 30 34 7 20 3 30 3 10 39 36 16 21 3 9 32 9
32 39 6 21 2 38 1 17 16 23 39 16 35 11 3 15 24 37
18 4 30 36 13 1 3 8 19 27 9 9 12 6 26 20 11 24
20 8 11 3 39 5 15 16 9 22 5 31 10 15 28 27 37 19
10 35 36 17 12 3 13 34 37 19 20 9 16 10 32 33 32 19
35 6 13 1 39 3 14 28 8 12 3 27 3 28 29 14 27 25
31 15 18 28 6 23 35 30 15 21 25 9 26 14 40 12 6 38
25 14 28 29 5 4 1 29 16 35 3 22 12 35 39 20 35 9
11 25 26 36 35 3 17 14 22 30 22 37 36 36 39 37 28 17
34 12 12 28 38 33 34 26 10 14 6 31 21 25 28 31 21 38
0 22 22 25 18 15 19 25 22 25 16 21 20
22 0 16 17 18 20 18 23 23 23 18 19 23
22 16 0 21 21 22 18 19 16 20 15 24 17
25 17 21 0 24 25 16 25 25 20 16 18 25
18 18 21 24 0 22 18 25 17 21 19 22 15
15 20 22 25 22 0 24 25 18 17 22 20 16
19 18 18 16 18 24 0 20 24 21 24 23 23
25 23 19 25 25 25 20 0 15 16 16 19 25
22 23 16 25 17 18 24 15 0 20 23 19 23
25 23 20 20 21 17 21 16 20 0 15 23 15
16 18 15 16 19 22 24 16 23 15 0 20 22
21 19 24 18 22 20 23 19 19 23 20 0 19
20 23 17 25 15 16 23 25 23 15 22 19 0
