11
4
81 5 18 112
98 28 106 99
46 22 13 25
48 56 86 43
66 106 86 78
116 5 3 43
18 71 3 32
71 14 17 56
3 50 23 2
73 32 52 100
84 72 54 104
0 24 21 18 22 22 22 18 25 17 21 23 20
24 0 22 17 25 24 18 23 22 21 25 16 21
21 22 0 23 21 17 16 22 21 18 15 23 18
18 17 23 0 25 19 22 17 17 19 20 19 19
22 25 21 25 0 18 21 25 22 25 16 25 19
22 24 17 19 18 0 18 19 22 17 23 20 22
22 18 16 22 21 18 0 23 20 23 16 15 23
18 23 22 17 25 19 23 0 25 18 19 18 22
25 22 21 17 22 22 20 25 0 18 18 25 21
17 21 18 19 25 17 23 18 18 0 19 24 19
21 25 15 20 16 23 16 19 18 19 0 19 20
23 16 23 19 25 20 15 18 25 24 19 0 15
20 21 18 19 19 22 23 22 21 19 20 15 0
