11
26
87 25 105 25 126 47 37 70 127 158 33 57 97 49 76 61 99 62 69 125 74 97 148 22 119 15
34 76 94 89 78 29 62 40 76 130 26 10 53 116 1 51 121 54 95 116 140 3 72 159 38 110
120 116 25 88 79 136 121 93 59 156 111 97 84 24 144 129 78 40 57 8 2 156 53 112 158 18
156 66 93 21 67 12 51 127 2 122 57 150 121 69 146 159 64 36 140 119 69 42 111 112 104 25
77 104 18 151 18 146 98 76 127 8 101 83 48 145 1 48 59 19 131 109 1 141 115 62 33 47
130 50 39 10 68 140 155 76 112 141 51 28 16 52 133 73 158 18 154 136 157 71 139 5 27 89
74 152 131 108 30 40 56 79 5 11 38 34 97 25 102 115 48 76 46 140 144 73 89 80 30 129
157 4 41 137 104 99 79 14 120 158 144 160 125 111 109 160 70 120 103 53 98 116 74 131 112 86
63 107 139 40 101 7 1 139 67 23 120 86 26 52 156 79 15 40 156 56 116 127 86 136 132 51
140 15 76 85 47 83 132 22 108 135 28 48 65 151 89 115 51 139 43 100 27 141 131 102 34 100
116 154 96 91 136 24 82 20 156 156 33 15 39 66 152 13 91 14 115 98 135 110 2 21 137 62
0 17 21 16 21 19 16 23 23 17 22 23 18
17 0 23 24 23 17 17 19 15 15 17 21 25
21 23 0 25 15 16 20 21 20 19 22 17 18
16 24 25 0 24 18 18 18 24 20 25 20 21
21 23 15 24 0 17 20 15 15 15 20 23 17
19 17 16 18 17 0 21 15 25 16 19 20 18
16 17 20 18 20 21 0 17 21 20 22 24 24
23 19 21 18 15 15 17 0 15 25 19 20 16
23 15 20 24 15 25 21 15 0 25 16 25 21
17 15 19 20 15 16 20 25 25 0 25 21 19
22 17 22 25 20 19 22 19 16 25 0 16 20
23 21 17 20 23 20 24 20 25 21 16 0 16
18 25 18 21 17 18 24 16 21 19 20 16 0
