11
10
37 70 112 142 146 133 115 100 138 78
16 114 58 145 122 10 118 134 60 158
21 136 62 121 2 114 21 89 85 133
20 141 141 150 130 110 104 81 68 88
117 92 76 136 139 101 71 100 36 63
136 23 110 154 28 80 52 115 95 90
42 75 156 137 32 66 49 130 23 122
99 59 52 32 86 60 44 40 82 113
134 18 59 145 108 91 109 108 75 30
122 8 52 17 60 11 98 34 66 120
160 98 18 112 59 52 116 123 47 52
0 25 18 17 17 15 19 21 19 15 17 19 17
25 0 21 20 17 24 18 16 25 17 18 15 20
18 21 0 16 15 18 15 17 19 25 23 22 19
17 20 16 0 16 21 25 15 20 19 17 16 22
17 17 15 16 0 19 15 24 22 16 22 18 15
15 24 18 21 19 0 15 20 21 16 20 16 22
19 18 15 25 15 15 0 16 15 21 16 19 25
21 16 17 15 24 20 16 0 19 25 22 18 25
19 25 19 20 22 21 15 19 0 20 15 18 19
15 17 25 19 16 16 21 25 20 0 23 16 17
17 18 23 17 22 20 16 22 15 23 0 21 24
19 15 22 16 18 16 19 18 18 16 21 0 17
17 20 19 22 15 22 25 25 19 17 24 17 0
