11
26
34 7 21 30 33 24 37 7 20 2 17 32 10 3 33 40 17 12 11 1 22 3 39 36 25 28
1 21 38 1 37 19 13 23 3 34 27 5 31 1 3 29 17 22 28 15 29 17 11 28 10 4
21 31 37 30 35 35 35 9 7 30 33 35 22 6 33 36 32 8 35 18 16 17 27 17 28 25
21 24 18 28 20 32 13 23 31 10 26 38 28 34 18 33 2 38 2 36 15 35 12 16 34 7
31 34 27 2 31 23 31 9 37 34 30 18 3 33 17 22 21 15 33 13 35 32 16 30 38 20
18 25 20 9 36 2 11 13 38 20 23 25 16 4 23 17 29 23 31 3 19 21 22 8 12 4
15 33 27 29 30 35 40 19 39 31 15 2 24 8 2 20 12 12 20 29 21 27 8 26 38 22
17 14 25 27 22 27 23 19 20 40 37 4 26 5 9 6 33 16 16 4 12 25 22 20 26 10
8 7 25 10 18 13 7 33 19 7 5 2 40 23 17 39 37 10 37 31 8 15 4 36 14 8
32 11 13 37 14 6 10 25 31 17 38 6 32 28 19 12 28 19 26 6 34 32 24 22 20 14
8 17 4 8 24 24 37 35 24 3 35 30 30 12 38 13 18 34 13 15 17 34 9 3 32 25
0 22 21 21 21 18 21 18 20 20 19 15 21
22 0 21 16 18 17 24 17 24 15 25 24 15
21 21 0 20 20 25 23 17 19 20 25 18 16
21 16 20 0 15 16 18 19 20 21 19 19 19
21 18 20 15 0 16 23 18 17 21 21 19 17
18 17 25 16 16 0 17 18 18 15 18 15 17
21 24 23 18 23 17 0 16 19 20 20 15 20
18 17 17 19 18 18 16 0 19 17 15 23 22
20 24 19 20 17 18 19 19 0 24 15 15 22
20 15 20 21 21 15 20 17 24 0 15 25 15
19 25 25 19 21 18 20 15 15 15 0 22 20
15 24 18 19 19 15 15 23 15 25 22 0 18
21 15 16 19 17 17 20 22 22 15 20 18 0
