11
12
61 18 57 33 57 100 85 113 63 59 15
0 21 19 17 15 21 24 16 18 20 20 19 24
21 0 15 24 24 15 18 22 18 23 18 25 18
19 15 0 16 23 19 20 16 24 24 22 25 18
17 24 16 0 25 15 18 17 15 15 21 15 19
15 24 23 25 0 15 22 25 20 19 24 21 15
21 15 19 15 15 0 21 21 18 17 18 23 20
24 18 20 18 22 21 0 21 19 15 16 22 24
16 22 16 17 25 21 21 0 19 17 23 20 21
18 18 24 15 20 18 19 19 0 22 20 20 16
20 23 24 15 19 17 15 17 22 0 19 22 25
20 18 22 21 24 18 16 23 20 19 0 16 17
19 25 25 15 21 23 22 20 20 22 16 0 20
24 18 18 19 15 20 24 21 16 25 17 20 0
