11
7
77 121 118 95 13 88 2 117 94 85 139
0 19 18 18 23 16 18 24 20 25 18 23 18
19 0 24 22 15 19 18 23 17 16 22 23 21
18 24 0 25 21 16 22 22 24 18 19 21 25
18 22 25 0 18 25 18 25 15 16 21 15 20
23 15 21 18 0 16 17 20 15 15 20 19 25
16 19 16 25 16 0 22 19 16 23 15 22 20
18 18 22 18 17 22 0 19 25 16 24 18 23
24 23 22 25 20 19 19 0 22 19 20 17 21
20 17 24 15 15 16 25 22 0 16 23 16 25
25 16 18 16 15 23 16 19 16 0 25 18 15
18 22 19 21 20 15 24 20 23 25 0 16 24
23 23 21 15 19 22 18 17 16 18 16 0 16
18 21 25 20 25 20 23 21 25 15 24 16 0
