11
16
139 159 159 122 154 89 2 128 147 142 75 156 26 83 47 98
78 155 115 28 49 134 123 122 145 114 5 87 135 157 100 89
21 34 87 93 27 13 54 64 120 156 61 81 60 118 103 36
111 116 156 130 103 138 94 116 4 155 70 115 81 153 93 40
43 146 76 96 2 42 35 147 28 28 79 78 103 112 114 93
35 41 117 133 138 17 41 83 73 14 122 11 101 49 101 91
70 10 35 124 126 3 94 60 74 54 68 61 115 127 7 26
118 71 29 8 153 74 98 156 66 78 33 151 38 38 85 24
37 80 54 25 33 92 95 15 41 74 61 25 13 25 29 38
125 109 82 84 142 65 79 18 129 81 85 93 137 136 157 125
72 71 149 52 134 62 64 44 104 8 39 106 54 109 24 89
0 15 17 23 23 20 24 23 25 23 16 19 16
15 0 17 16 15 23 19 17 23 23 25 15 16
17 17 0 15 25 22 16 23 17 21 18 20 15
23 16 15 0 15 17 19 17 15 25 20 21 18
23 15 25 15 0 17 18 20 23 25 15 18 17
20 23 22 17 17 0 24 25 17 25 15 25 15
24 19 16 19 18 24 0 19 22 16 19 16 21
23 17 23 17 20 25 19 0 17 18 20 23 19
25 23 17 15 23 17 22 17 0 23 25 17 21
23 23 21 25 25 25 16 18 23 0 25 25 24
16 25 18 20 15 15 19 20 25 25 0 16 21
19 15 20 21 18 25 16 23 17 25 16 0 20
16 16 15 18 17 15 21 19 21 24 21 20 0
