11
26
1 32 41 66 91 29 77 34 62 65 85 3 116 71 4 38 65 41 35 110 43 71 115 85 23 57
21 96 13 118 118 20 114 39 45 103 37 95 116 31 80 109 22 14 107 28 52 71 14 42 4 84
55 44 34 1 20 78 3 62 29 27 32 13 115 114 49 22 95 79 42 76 80 109 87 103 57 107
120 107 6 18 105 107 117 118 65 94 98 111 28 39 38 4 120 20 97 81 4 56 60 72 44 65
98 45 79 6 25 6 3 64 7 81 13 78 10 17 42 106 5 64 114 7 30 107 83 42 50 89
3 120 24 83 74 36 85 11 115 7 95 89 54 101 16 48 25 111 12 57 74 38 82 71 42 103
51 27 73 19 48 90 42 78 19 69 47 6 46 7 63 103 111 10 35 36 27 73 62 57 9 28
21 100 97 43 120 15 54 13 112 117 94 26 78 110 4 43 58 13 68 75 49 64 39 72 42 48
103 42 45 6 65 81 99 37 101 21 86 93 54 23 98 114 41 74 55 17 24 68 68 17 10 92
29 88 80 72 45 73 16 64 55 104 67 75 7 11 23 118 110 10 104 105 102 29 2 22 40 70
24 75 44 114 15 18 4 14 114 86 15 66 22 93 12 112 12 76 30 63 26 81 51 30 10 68
0 20 17 17 15 21 22 15 16 24 22 25 21
20 0 25 25 24 21 23 22 25 17 23 18 23
17 25 0 17 16 16 21 16 16 15 25 15 21
17 25 17 0 25 16 23 19 19 16 21 20 18
15 24 16 25 0 22 24 20 19 24 23 15 22
21 21 16 16 22 0 23 24 18 23 16 18 15
22 23 21 23 24 23 0 22 24 17 25 23 15
15 22 16 19 20 24 22 0 17 18 19 18 18
16 25 16 19 19 18 24 17 0 24 15 19 16
24 17 15 16 24 23 17 18 24 0 17 25 20
22 23 25 21 23 16 25 19 15 17 0 19 16
25 18 15 20 15 18 23 18 19 25 19 0 22
21 23 21 18 22 15 15 18 16 20 16 22 0
