11
15
22 39 15 33 10 20 7 27 1 6 16
0 22 22 23 25 20 23 19 21 24 19 17 16
22 0 15 22 19 21 23 25 16 19 25 25 15
22 15 0 23 19 19 22 18 23 20 21 17 24
23 22 23 0 22 23 18 17 21 21 16 18 22
25 19 19 22 0 20 21 21 24 24 21 18 17
20 21 19 23 20 0 16 24 24 25 24 22 19
23 23 22 18 21 16 0 24 16 17 20 16 22
19 25 18 17 21 24 24 0 21 24 24 21 17
21 16 23 21 24 24 16 21 0 22 25 16 19
24 19 20 21 24 25 17 24 22 0 24 25 15
19 25 21 16 21 24 20 24 25 24 0 23 23
17 25 17 18 18 22 16 21 16 25 23 0 20
16 15 24 22 17 19 22 17 19 15 23 20 0
