11
10
32 78 106 25 8 117 106 39 56 96 73
0 23 20 20 16 22 15 19 17 15 25 25 17
23 0 22 20 17 24 18 15 19 24 21 19 18
20 22 0 24 15 19 17 15 16 24 16 22 19
20 20 24 0 15 15 21 24 24 20 25 15 17
16 17 15 15 0 18 19 23 24 22 15 15 21
22 24 19 15 18 0 20 23 17 18 25 20 21
15 18 17 21 19 20 0 15 15 18 25 16 25
19 15 15 24 23 23 15 0 16 18 17 20 24
17 19 16 24 24 17 15 16 0 25 22 15 24
15 24 24 20 22 18 18 18 25 0 22 19 18
25 21 16 25 15 25 25 17 22 22 0 19 18
25 19 22 15 15 20 16 20 15 19 19 0 16
17 18 19 17 21 21 25 24 24 18 18 16 0
