11
18
36 72 27 65 39 41 18 4 57 50 79 18 21 16 44 77 48 37
41 17 65 37 27 45 53 1 12 51 59 38 37 23 71 79 76 37
19 63 15 5 27 10 76 32 3 45 7 1 78 54 62 34 6 72
36 40 73 13 12 10 76 21 71 26 37 12 60 75 62 20 2 24
80 48 40 80 14 77 55 38 66 29 25 34 30 37 36 78 62 37
24 72 76 51 56 43 57 66 44 16 35 71 42 40 41 9 21 54
18 78 74 2 25 80 39 78 49 61 45 65 5 7 66 72 43 80
14 45 30 3 64 21 40 68 20 5 25 29 26 52 21 19 47 1
55 6 77 77 31 3 72 5 49 51 10 55 45 37 77 6 68 9
34 45 60 56 3 75 20 72 60 80 65 55 23 39 63 70 73 7
44 45 79 25 32 73 25 26 12 60 22 61 49 44 17 20 9 6
0 22 18 15 21 24 15 19 16 19 22 22 23
22 0 18 20 21 25 24 23 25 22 21 24 17
18 18 0 20 18 17 19 23 17 24 16 16 22
15 20 20 0 23 24 25 16 20 20 20 17 17
21 21 18 23 0 17 23 24 16 17 19 23 21
24 25 17 24 17 0 20 20 16 18 25 25 15
15 24 19 25 23 20 0 17 24 23 17 22 25
19 23 23 16 24 20 17 0 24 16 24 16 22
16 25 17 20 16 16 24 24 0 24 18 25 24
19 22 24 20 17 18 23 16 24 0 20 20 22
22 21 16 20 19 25 17 24 18 20 0 19 18
22 24 16 17 23 25 22 16 25 20 19 0 24
23 17 22 17 21 15 25 22 24 22 18 24 0
