11
11
5 61 74 6 27 3 80 47 54 23 13
0 17 23 18 19 25 21 23 16 22 23 21 16
17 0 19 22 24 16 16 20 24 23 19 15 15
23 19 0 21 25 20 15 21 21 24 25 20 24
18 22 21 0 21 17 17 25 18 23 25 18 23
19 24 25 21 0 23 22 23 15 15 16 25 15
25 16 20 17 23 0 15 17 16 20 20 20 25
21 16 15 17 22 15 0 22 25 25 17 15 21
23 20 21 25 23 17 22 0 17 20 15 22 25
16 24 21 18 15 16 25 17 0 21 21 22 22
22 23 24 23 15 20 25 20 21 0 24 23 17
23 19 25 25 16 20 17 15 21 24 0 15 18
21 15 20 18 25 20 15 22 22 23 15 0 22
16 15 24 23 15 25 21 25 22 17 18 22 0
