11
11
2 15 60 154 119 96 105 75 57 148 122
0 23 23 24 20 16 18 25 20 19 24 19 24
23 0 17 23 23 22 17 21 22 15 17 19 21
23 17 0 24 17 22 25 22 21 22 25 22 25
24 23 24 0 22 17 16 17 17 24 25 22 16
20 23 17 22 0 16 23 25 17 16 17 15 21
16 22 22 17 16 0 21 18 17 18 19 20 21
18 17 25 16 23 21 0 21 21 20 24 17 23
25 21 22 17 25 18 21 0 19 16 16 19 15
20 22 21 17 17 17 21 19 0 22 21 17 25
19 15 22 24 16 18 20 16 22 0 19 23 15
24 17 25 25 17 19 24 16 21 19 0 24 16
19 19 22 22 15 20 17 19 17 23 24 0 21
24 21 25 16 21 21 23 15 25 15 16 21 0
