11
16
116 50 66 148 119 137 98 103 23 153 104 20 99 53 8 18
79 50 142 127 48 118 37 79 63 99 151 63 131 115 2 112
19 8 14 142 108 126 74 130 109 146 16 71 73 32 120 75
159 97 46 53 128 59 17 127 155 115 141 111 16 136 1 130
148 107 84 36 54 81 149 70 21 42 24 9 100 4 134 149
7 112 39 67 98 139 153 37 27 9 127 70 3 32 78 128
43 76 160 45 29 125 138 49 69 67 58 107 148 11 113 152
117 88 14 109 46 103 107 112 120 63 153 6 133 85 17 113
94 13 65 125 81 73 21 138 71 148 80 155 93 12 38 24
127 112 100 139 81 9 131 26 36 75 117 43 76 67 114 29
40 73 50 66 141 19 65 31 21 148 33 107 113 153 13 98
0 18 17 17 17 16 16 23 25 20 23 19 25
18 0 22 21 18 15 25 16 21 15 21 25 19
17 22 0 24 23 24 17 23 16 20 22 25 22
17 21 24 0 20 16 15 24 20 20 17 21 19
17 18 23 20 0 22 24 24 18 16 24 15 22
16 15 24 16 22 0 20 23 25 16 23 24 24
16 25 17 15 24 20 0 21 20 17 16 17 21
23 16 23 24 24 23 21 0 25 25 16 16 25
25 21 16 20 18 25 20 25 0 17 21 24 17
20 15 20 20 16 16 17 25 17 0 15 25 22
23 21 22 17 24 23 16 16 21 15 0 15 22
19 25 25 21 15 24 17 16 24 25 15 0 19
25 19 22 19 22 24 21 25 17 22 22 19 0
