11
20
43 109 24 107 75 118 83 29 63 110 70 41 79 104 93 21 107 15 35 67
19 14 113 3 83 61 32 99 114 13 70 31 110 71 93 49 40 64 87 68
7 75 33 60 113 58 54 60 112 39 27 99 94 25 68 105 105 31 32 61
93 34 52 81 120 55 41 35 59 118 104 24 103 10 50 59 2 42 110 37
63 27 26 114 115 6 95 120 17 91 88 106 105 14 5 112 42 97 62 60
42 64 39 95 85 65 58 100 3 34 7 37 41 13 84 30 39 88 114 24
110 40 48 38 70 104 65 89 16 13 66 81 97 36 60 92 83 47 93 43
38 63 95 37 93 54 72 51 20 21 105 58 72 20 10 104 117 105 54 25
22 63 106 66 37 37 12 6 31 54 67 23 21 31 4 113 83 40 80 112
78 73 94 28 19 57 28 6 96 31 104 49 18 114 69 7 110 98 109 35
70 88 42 72 35 104 40 87 4 119 46 72 18 101 72 30 85 110 112 27
0 25 20 25 17 21 25 20 21 16 19 19 24
25 0 23 15 15 16 22 18 24 20 18 18 24
20 23 0 21 18 23 17 21 19 23 16 20 23
25 15 21 0 21 25 25 16 20 22 16 22 20
17 15 18 21 0 17 18 21 24 25 24 24 21
21 16 23 25 17 0 23 19 21 22 21 16 18
25 22 17 25 18 23 0 24 25 24 20 15 19
20 18 21 16 21 19 24 0 24 22 23 24 24
21 24 19 20 24 21 25 24 0 15 21 21 21
16 20 23 22 25 22 24 22 15 0 22 20 19
19 18 16 16 24 21 20 23 21 22 0 20 22
19 18 20 22 24 16 15 24 21 20 20 0 15
24 24 23 20 21 18 19 24 21 19 22 15 0
