11
5
11 9 33 9 32 28 4 22 16 3 4
0 18 17 25 23 20 25 18 22 16 17 20 18
18 0 20 24 18 24 25 24 19 15 17 21 21
17 20 0 19 18 22 19 24 24 25 22 19 20
25 24 19 0 20 17 22 19 24 20 22 21 25
23 18 18 20 0 15 20 17 22 16 19 22 22
20 24 22 17 15 0 20 24 23 20 15 15 18
25 25 19 22 20 20 0 16 25 19 22 17 25
18 24 24 19 17 24 16 0 24 19 19 15 17
22 19 24 24 22 23 25 24 0 19 17 18 22
16 15 25 20 16 20 19 19 19 0 19 22 25
17 17 22 22 19 15 22 19 17 19 0 18 24
20 21 19 21 22 15 17 15 18 22 18 0 20
18 21 20 25 22 18 25 17 22 25 24 20 0
