11
5
34 8 25 26 32 35 30 12 28 18 3
0 18 20 16 18 20 15 25 16 15 20 22 24
18 0 15 19 25 18 17 21 15 21 19 23 23
20 15 0 20 19 18 16 24 22 24 17 25 23
16 19 20 0 21 20 17 21 19 17 15 16 23
18 25 19 21 0 17 15 16 25 22 20 19 18
20 18 18 20 17 0 21 17 21 25 25 22 17
15 17 16 17 15 21 0 23 17 15 23 16 23
25 21 24 21 16 17 23 0 19 22 22 19 19
16 15 22 19 25 21 17 19 0 15 21 16 23
15 21 24 17 22 25 15 22 15 0 21 24 20
20 19 17 15 20 25 23 22 21 21 0 20 21
22 23 25 16 19 22 16 19 16 24 20 0 18
24 23 23 23 18 17 23 19 23 20 21 18 0
