11
16
34 20 35 37 40 25 5 10 1 30 2 10 16 7 15 9
38 21 30 3 1 19 28 5 35 19 37 32 20 5 31 34
11 15 8 36 29 6 38 39 18 10 37 5 26 40 34 9
4 35 18 2 11 9 16 20 14 23 25 35 16 38 4 5
16 1 14 17 35 37 24 33 32 4 30 35 3 30 22 14
25 15 30 19 35 10 12 17 10 3 30 5 16 30 8 35
2 23 27 7 20 40 22 29 22 4 29 8 15 10 14 23
32 25 3 9 28 24 33 28 25 29 32 35 34 12 36 8
5 38 8 17 2 32 13 3 8 23 17 28 3 12 7 3
2 5 12 30 30 33 21 34 18 11 15 26 26 36 20 36
16 22 13 28 31 32 10 3 2 12 2 17 5 7 6 19
0 23 24 16 19 19 16 16 15 15 24 17 25
23 0 22 18 22 20 17 22 25 19 21 19 23
24 22 0 20 17 16 17 21 24 22 19 20 23
16 18 20 0 22 25 22 15 18 20 25 21 22
19 22 17 22 0 17 24 20 25 15 17 22 16
19 20 16 25 17 0 17 19 19 18 23 17 25
16 17 17 22 24 17 0 18 22 18 21 20 15
16 22 21 15 20 19 18 0 20 18 21 19 19
15 25 24 18 25 19 22 20 0 19 18 15 18
15 19 22 20 15 18 18 18 19 0 25 24 24
24 21 19 25 17 23 21 21 18 25 0 23 20
17 19 20 21 22 17 20 19 15 24 23 0 25
25 23 23 22 16 25 15 19 18 24 20 25 0
