11
16
2 8 17 41 75 47 58 45 78 53 59 10 79 64 77 7
67 48 30 33 20 31 26 21 60 1 3 41 28 8 58 74
68 27 57 23 41 14 5 49 34 62 59 23 13 19 63 12
69 20 51 76 1 19 38 16 6 4 17 32 47 61 15 50
75 59 29 54 54 24 60 12 70 23 50 20 14 26 48 7
13 32 27 73 31 26 44 6 29 10 75 11 61 45 6 29
36 1 4 17 17 45 65 6 2 48 36 13 36 28 57 35
34 43 36 71 9 32 79 8 67 21 78 54 9 17 11 50
72 11 34 75 28 76 22 18 49 71 8 5 72 64 40 1
78 4 15 64 49 51 70 48 34 62 56 3 1 51 22 6
29 62 71 42 75 3 48 62 53 12 60 22 24 33 19 44
0 18 18 20 15 19 20 18 23 24 16 17 15
18 0 25 21 23 21 21 19 21 17 22 17 19
18 25 0 18 20 25 19 17 16 25 15 21 23
20 21 18 0 23 24 20 18 19 19 18 18 16
15 23 20 23 0 16 15 17 25 22 21 21 24
19 21 25 24 16 0 16 24 21 18 25 18 22
20 21 19 20 15 16 0 17 19 15 25 15 20
18 19 17 18 17 24 17 0 15 17 24 17 15
23 21 16 19 25 21 19 15 0 15 25 21 22
24 17 25 19 22 18 15 17 15 0 22 18 18
16 22 15 18 21 25 25 24 25 22 0 19 17
17 17 21 18 21 18 15 17 21 18 19 0 22
15 19 23 16 24 22 20 15 22 18 17 22 0
