11
13
72 51 10 7 42 72 9 32 28 57 38
0 18 18 23 22 18 25 16 18 21 20 23 20
18 0 19 15 22 19 21 17 25 17 21 25 21
18 19 0 25 24 25 18 16 25 16 22 17 23
23 15 25 0 21 25 24 25 23 15 25 23 22
22 22 24 21 0 24 24 24 22 25 15 18 23
18 19 25 25 24 0 16 22 19 21 15 22 24
25 21 18 24 24 16 0 23 17 18 24 18 25
16 17 16 25 24 22 23 0 17 20 20 23 22
18 25 25 23 22 19 17 17 0 23 19 23 18
21 17 16 15 25 21 18 20 23 0 25 16 17
20 21 22 25 15 15 24 20 19 25 0 15 16
23 25 17 23 18 22 18 23 23 16 15 0 16
20 21 23 22 23 24 25 22 18 17 16 16 0
