11
11
23 43 11 11 106 48 82 70 59 39 107
0 21 21 19 18 22 16 20 21 24 15 22 23
21 0 23 24 23 23 18 15 21 20 20 25 18
21 23 0 21 24 15 18 18 20 15 25 25 20
19 24 21 0 24 21 19 21 19 15 25 23 18
18 23 24 24 0 21 17 15 21 20 25 15 23
22 23 15 21 21 0 19 23 23 22 21 15 15
16 18 18 19 17 19 0 20 20 24 18 21 21
20 15 18 21 15 23 20 0 22 20 17 19 23
21 21 20 19 21 23 20 22 0 18 16 17 22
24 20 15 15 20 22 24 20 18 0 23 15 22
15 20 25 25 25 21 18 17 16 23 0 19 23
22 25 25 23 15 15 21 19 17 15 19 0 19
23 18 20 18 23 15 21 23 22 22 23 19 0
