12
16
28 70 49 34 27 63 63 41 75 9 63 12
0 20 24 23 22 21 22 18 17 20 16 18 22 20
20 0 18 19 15 15 19 18 17 17 17 17 23 17
24 18 0 22 24 23 16 18 20 17 23 15 18 25
23 19 22 0 21 18 22 16 23 24 21 17 24 15
22 15 24 21 0 22 25 23 16 16 16 15 25 17
21 15 23 18 22 0 17 16 16 25 22 18 15 18
22 19 16 22 25 17 0 18 18 16 15 25 24 18
18 18 18 16 23 16 18 0 20 23 24 18 15 19
17 17 20 23 16 16 18 20 0 17 25 18 24 20
20 17 17 24 16 25 16 23 17 0 16 19 25 21
16 17 23 21 16 22 15 24 25 16 0 17 21 24
18 17 15 17 15 18 25 18 18 19 17 0 16 25
22 23 18 24 25 15 24 15 24 25 21 16 0 16
20 17 25 15 17 18 18 19 20 21 24 25 16 0
