12
18
24 19 31 8 21 5 40 40 27 8 31 14 5 26 14 16 18 1
4 28 24 15 20 13 22 13 19 40 33 22 3 25 40 33 20 5
22 10 5 4 9 16 37 24 6 23 10 26 39 6 21 33 40 25
32 8 32 11 31 1 7 10 37 25 3 19 24 16 34 20 8 9
27 31 2 5 37 33 8 4 38 20 35 7 19 6 38 15 40 27
21 11 19 13 3 33 26 28 36 23 27 12 40 15 29 32 34 17
38 32 25 34 20 20 4 4 17 20 3 13 39 2 34 13 12 34
39 30 22 29 35 33 26 24 26 6 9 22 1 14 8 21 5 14
17 15 28 27 35 18 12 25 7 9 1 27 40 9 7 15 18 13
26 4 24 40 7 39 27 20 4 24 17 16 38 30 8 3 7 8
11 9 40 36 21 13 7 28 1 15 18 11 37 17 23 30 6 18
20 5 24 10 15 2 40 16 22 28 35 5 17 3 23 16 35 13
0 22 25 16 23 22 20 22 18 25 21 22 17 22
22 0 15 25 20 25 20 23 24 22 20 23 19 17
25 15 0 25 23 25 22 19 15 25 24 19 19 20
16 25 25 0 23 25 21 15 23 24 23 24 22 21
23 20 23 23 0 21 18 20 21 15 18 21 20 21
22 25 25 25 21 0 23 21 25 20 15 22 25 24
20 20 22 21 18 23 0 16 24 18 19 24 22 25
22 23 19 15 20 21 16 0 25 25 16 15 22 16
18 24 15 23 21 25 24 25 0 17 23 18 23 16
25 22 25 24 15 20 18 25 17 0 18 18 17 20
21 20 24 23 18 15 19 16 23 18 0 25 24 25
22 23 19 24 21 22 24 15 18 18 25 0 20 24
17 19 19 22 20 25 22 22 23 17 24 20 0 22
22 17 20 21 21 24 25 16 16 20 25 24 22 0
