12
16
77 41 50 110 78 50 45 91 78 16 7 77
0 22 23 24 15 17 23 24 17 20 22 15 16 23
22 0 24 25 15 24 25 16 18 21 16 15 24 17
23 24 0 23 20 23 19 21 24 20 23 18 23 23
24 25 23 0 24 22 18 15 21 16 16 25 21 18
15 15 20 24 0 22 20 18 25 24 24 23 25 23
17 24 23 22 22 0 17 21 21 24 22 25 23 24
23 25 19 18 20 17 0 21 22 22 16 17 15 23
24 16 21 15 18 21 21 0 23 15 24 15 18 19
17 18 24 21 25 21 22 23 0 20 18 22 23 23
20 21 20 16 24 24 22 15 20 0 18 18 18 18
22 16 23 16 24 22 16 24 18 18 0 25 21 15
15 15 18 25 23 25 17 15 22 18 25 0 25 19
16 24 23 21 25 23 15 18 23 18 21 25 0 23
23 17 23 18 23 24 23 19 23 18 15 19 23 0
