12
9
22 71 47 31 42 14 102 26 35 62 70 117
0 22 21 20 19 18 18 21 19 22 19 18 16 22
22 0 17 21 21 23 19 23 16 15 17 17 18 17
21 17 0 24 21 23 15 19 17 16 22 15 23 20
20 21 24 0 20 15 22 22 19 20 18 18 18 17
19 21 21 20 0 23 20 23 19 17 22 17 15 24
18 23 23 15 23 0 20 16 23 16 18 22 21 18
18 19 15 22 20 20 0 20 25 23 18 15 23 17
21 23 19 22 23 16 20 0 16 25 24 15 20 25
19 16 17 19 19 23 25 16 0 24 17 25 25 15
22 15 16 20 17 16 23 25 24 0 20 19 18 16
19 17 22 18 22 18 18 24 17 20 0 24 19 18
18 17 15 18 17 22 15 15 25 19 24 0 15 16
16 18 23 18 15 21 23 20 25 18 19 15 0 22
22 17 20 17 24 18 17 25 15 16 18 16 22 0
