12
22
12 34 14 32 26 23 36 36 12 28 10 11 23 32 20 1 28 7 5 29 18 15
17 38 36 39 24 23 27 28 10 11 38 20 21 23 9 39 30 21 3 19 6 31
37 35 12 6 27 12 32 35 14 13 29 35 9 6 15 2 15 22 38 37 9 36
32 26 13 24 36 33 26 34 19 13 5 1 1 28 35 2 5 32 28 24 18 11
15 29 28 5 9 4 21 32 22 28 14 24 39 30 8 17 17 18 38 37 33 37
34 22 14 10 27 5 39 7 30 26 9 13 34 27 2 3 18 7 3 20 21 20
4 34 4 21 8 28 35 25 33 39 8 1 5 31 31 40 33 33 4 18 18 28
21 34 22 29 5 4 10 38 2 27 11 17 24 9 18 38 27 35 15 24 9 25
26 7 20 18 19 26 10 11 2 33 13 30 30 32 37 20 15 24 17 4 21 40
15 12 23 18 22 11 29 3 14 22 1 33 27 24 28 31 29 5 27 9 35 34
31 12 31 9 39 23 4 16 35 9 15 5 34 12 33 29 5 39 22 11 27 22
9 21 10 19 34 3 20 39 34 17 8 24 32 20 39 37 33 30 29 6 16 23
0 23 25 15 21 16 21 16 15 22 23 18 18 25
23 0 18 19 23 21 19 18 24 20 18 18 17 25
25 18 0 16 16 15 22 17 21 22 21 15 18 21
15 19 16 0 23 24 15 24 17 23 18 20 16 19
21 23 16 23 0 21 18 23 21 21 23 17 19 25
16 21 15 24 21 0 25 16 24 20 25 19 20 21
21 19 22 15 18 25 0 22 24 18 24 19 16 22
16 18 17 24 23 16 22 0 16 25 23 15 24 19
15 24 21 17 21 24 24 16 0 18 22 16 20 20
22 20 22 23 21 20 18 25 18 0 20 18 20 22
23 18 21 18 23 25 24 23 22 20 0 15 20 17
18 18 15 20 17 19 19 15 16 18 15 0 15 25
18 17 18 16 19 20 16 24 20 20 20 15 0 20
25 25 21 19 25 21 22 19 20 22 17 25 20 0
