12
11
57 68 20 5 55 31 41 3 69 65 27 16
0 20 15 24 15 21 16 22 24 16 19 17 21 23
20 0 22 25 16 25 22 23 21 19 16 15 24 22
15 22 0 19 19 15 21 19 20 16 25 19 20 15
24 25 19 0 15 21 18 16 16 18 19 19 17 24
15 16 19 15 0 21 17 18 25 21 17 22 24 20
21 25 15 21 21 0 22 21 18 19 23 18 22 18
16 22 21 18 17 22 0 15 23 20 22 18 19 24
22 23 19 16 18 21 15 0 19 25 24 18 15 23
24 21 20 16 25 18 23 19 0 23 20 22 20 17
16 19 16 18 21 19 20 25 23 0 21 17 15 17
19 16 25 19 17 23 22 24 20 21 0 22 17 23
17 15 19 19 22 18 18 18 22 17 22 0 19 20
21 24 20 17 24 22 19 15 20 15 17 19 0 17
23 22 15 24 20 18 24 23 17 17 23 20 17 0
