12
9
11 38 3 25 31 22 22 8 1 6 24 8
0 25 20 25 21 19 21 15 25 23 25 22 18 21
25 0 25 23 21 18 23 21 18 20 25 15 17 16
20 25 0 23 16 23 21 20 19 23 18 17 23 21
25 23 23 0 24 22 18 20 23 21 17 24 23 18
21 21 16 24 0 24 19 17 22 24 16 18 22 24
19 18 23 22 24 0 25 24 19 18 15 20 19 16
21 23 21 18 19 25 0 15 16 20 20 19 16 25
15 21 20 20 17 24 15 0 19 24 24 19 16 20
25 18 19 23 22 19 16 19 0 25 16 17 20 19
23 20 23 21 24 18 20 24 25 0 19 23 18 22
25 25 18 17 16 15 20 24 16 19 0 25 19 18
22 15 17 24 18 20 19 19 17 23 25 0 17 24
18 17 23 23 22 19 16 16 20 18 19 17 0 20
21 16 21 18 24 16 25 20 19 22 18 24 20 0
