12
4
100 117 115 31
51 27 84 109
3 79 111 54
84 115 91 16
118 56 100 114
65 36 56 102
98 51 86 1
37 47 80 53
73 57 67 95
115 42 2 19
54 38 11 22
11 32 108 87
0 24 25 25 16 21 16 15 22 17 23 18 19 20
24 0 19 23 23 20 23 19 24 25 24 24 22 24
25 19 0 16 18 17 24 24 24 23 25 15 19 15
25 23 16 0 17 25 22 23 18 17 19 24 25 20
16 23 18 17 0 16 22 22 21 25 21 21 20 23
21 20 17 25 16 0 23 17 22 15 23 19 23 24
16 23 24 22 22 23 0 20 23 20 22 20 24 18
15 19 24 23 22 17 20 0 19 17 22 25 23 17
22 24 24 18 21 22 23 19 0 20 22 20 15 24
17 25 23 17 25 15 20 17 20 0 19 20 22 20
23 24 25 19 21 23 22 22 22 19 0 19 17 19
18 24 15 24 21 19 20 25 20 20 19 0 23 21
19 22 19 25 20 23 24 23 15 22 17 23 0 17
20 24 15 20 23 24 18 17 24 20 19 21 17 0
