12
18
10 12 33 24 7 15 5 14 32 21 10 16 29 20 5 5 31 27
21 39 31 21 25 5 23 36 38 14 26 31 23 2 13 37 27 17
30 31 32 20 15 7 26 16 32 11 25 26 18 28 40 7 12 7
11 18 40 35 13 32 25 31 10 36 1 24 25 2 37 7 19 8
26 1 38 36 1 32 10 7 14 31 11 19 9 12 12 5 26 19
1 9 32 17 19 23 34 24 40 16 20 18 7 23 10 31 17 22
20 11 33 15 33 12 6 9 24 19 17 38 36 5 13 16 8 8
25 17 21 27 12 38 29 38 24 40 23 4 14 30 19 32 2 24
39 19 2 20 19 38 8 11 28 16 30 30 22 23 21 6 23 11
16 38 21 31 37 7 5 5 31 22 27 35 38 21 25 6 24 34
12 4 34 28 16 37 40 10 38 23 23 14 33 17 11 30 37 19
15 38 4 6 7 2 22 36 16 26 12 12 35 6 5 32 27 31
0 25 15 15 17 24 24 24 16 21 19 16 24 25
25 0 22 21 19 21 20 20 21 24 23 21 20 22
15 22 0 21 22 16 24 17 15 23 20 24 25 17
15 21 21 0 25 15 15 17 16 23 18 17 25 15
17 19 22 25 0 25 17 15 17 22 20 19 16 24
24 21 16 15 25 0 17 23 16 18 16 20 21 21
24 20 24 15 17 17 0 22 20 19 16 24 19 16
24 20 17 17 15 23 22 0 22 18 24 20 25 21
16 21 15 16 17 16 20 22 0 20 18 20 17 21
21 24 23 23 22 18 19 18 20 0 24 17 25 20
19 23 20 18 20 16 16 24 18 24 0 19 18 17
16 21 24 17 19 20 24 20 20 17 19 0 16 15
24 20 25 25 16 21 19 25 17 25 18 16 0 23
25 22 17 15 24 21 16 21 21 20 17 15 23 0
