12
13
37 8 33 15 57 68 40 65 126 149 87 148
0 16 21 22 16 21 23 21 23 22 17 16 25 25
16 0 23 19 16 17 20 22 20 18 19 20 15 20
21 23 0 18 17 19 24 18 16 22 15 21 21 17
22 19 18 0 23 17 18 17 16 20 23 21 19 21
16 16 17 23 0 21 22 20 20 19 15 23 24 18
21 17 19 17 21 0 20 20 16 16 19 21 17 18
23 20 24 18 22 20 0 17 17 20 20 16 20 18
21 22 18 17 20 20 17 0 25 18 15 19 24 16
23 20 16 16 20 16 17 25 0 24 18 20 21 19
22 18 22 20 19 16 20 18 24 0 15 16 15 21
17 19 15 23 15 19 20 15 18 15 0 21 21 25
16 20 21 21 23 21 16 19 20 16 21 0 24 24
25 15 21 19 24 17 20 24 21 15 21 24 0 25
25 20 17 21 18 18 18 16 19 21 25 24 25 0
