12
26
112 54 102 130 27 59 4 126 114 53 154 138 79 131 95 160 29 91 17 2 24 58 69 21 138 10
14 76 127 88 151 124 38 58 69 109 160 121 113 42 123 52 156 150 29 36 63 61 20 75 75 102
142 138 60 13 68 111 129 72 105 98 89 145 77 143 135 42 17 113 109 30 158 37 7 146 100 80
24 107 122 89 120 151 53 145 146 44 3 122 15 146 45 77 123 16 139 24 141 144 24 61 81 109
40 73 51 22 26 48 108 23 128 144 16 30 8 98 22 144 75 71 146 121 16 62 7 65 121 19
17 153 137 33 75 10 106 116 80 121 153 130 104 128 106 2 57 94 135 104 43 93 15 26 110 110
81 58 115 27 6 52 103 17 40 127 157 109 155 128 97 121 145 27 127 79 123 6 29 73 34 70
141 118 44 96 106 104 48 76 152 123 8 68 114 49 120 75 62 106 26 37 42 77 73 153 130 124
139 137 101 79 25 141 111 138 110 17 95 117 55 119 98 109 85 130 160 12 17 143 121 111 25 76
62 160 49 24 29 86 68 94 75 2 150 14 127 133 76 6 95 78 117 26 151 86 73 52 46 115
34 84 81 122 37 102 144 94 18 151 100 39 67 87 86 64 122 114 6 70 103 69 9 150 148 20
148 14 57 7 150 43 49 141 50 126 133 132 61 103 76 34 108 105 74 31 51 66 101 102 9 91
0 25 22 23 16 23 15 17 24 17 22 22 21 20
25 0 20 19 23 17 16 24 16 18 23 17 20 24
22 20 0 25 24 16 21 24 16 16 16 17 16 19
23 19 25 0 17 17 15 22 22 18 19 22 15 21
16 23 24 17 0 15 23 25 19 15 21 19 20 24
23 17 16 17 15 0 23 16 17 24 24 25 20 16
15 16 21 15 23 23 0 16 18 19 21 20 16 16
17 24 24 22 25 16 16 0 15 15 19 20 25 25
24 16 16 22 19 17 18 15 0 15 15 17 17 25
17 18 16 18 15 24 19 15 15 0 24 24 15 23
22 23 16 19 21 24 21 19 15 24 0 18 24 21
22 17 17 22 19 25 20 20 17 24 18 0 19 21
21 20 16 15 20 20 16 25 17 15 24 19 0 16
20 24 19 21 24 16 16 25 25 23 21 21 16 0
