12
12
29 4 31 17 12 37 9 26 13 10 35 40
22 23 34 28 2 14 1 39 38 29 13 5
3 15 31 8 38 15 34 8 19 30 27 4
22 33 12 13 26 30 40 3 4 19 7 20
37 39 1 8 3 7 8 33 27 15 14 13
35 1 2 8 10 9 20 16 36 40 6 35
37 33 35 9 15 39 1 29 21 4 22 2
10 25 19 30 35 27 26 10 13 3 15 1
32 12 35 39 24 23 13 39 28 31 10 18
10 2 39 14 37 21 33 26 11 27 23 20
26 37 11 11 16 4 14 27 36 39 20 3
32 8 6 13 21 25 20 28 27 3 14 9
0 20 20 18 24 23 23 22 18 21 16 18 24 17
20 0 24 21 15 16 21 20 17 23 15 16 25 23
20 24 0 15 16 23 25 23 16 15 18 25 22 19
18 21 15 0 22 22 16 16 18 15 23 18 22 21
24 15 16 22 0 23 25 22 16 15 16 15 16 22
23 16 23 22 23 0 20 21 24 25 20 16 22 23
23 21 25 16 25 20 0 16 19 19 23 16 25 21
22 20 23 16 22 21 16 0 19 22 22 16 23 24
18 17 16 18 16 24 19 19 0 15 23 16 16 20
21 23 15 15 15 25 19 22 15 0 18 19 18 24
16 15 18 23 16 20 23 22 23 18 0 24 18 20
18 16 25 18 15 16 16 16 16 19 24 0 15 20
24 25 22 22 16 22 25 23 16 18 18 15 0 15
17 23 19 21 22 23 21 24 20 24 20 20 15 0
