12
20
5 26 73 80 137 109 131 52 61 84 5 78 13 35 155 62 54 111 55 40
37 148 67 147 143 51 23 6 107 41 153 39 110 66 131 101 20 37 58 54
87 49 65 28 74 143 119 70 79 151 13 91 39 135 150 76 9 137 99 155
26 148 132 88 72 91 92 15 130 20 53 76 56 68 104 23 109 133 57 86
72 79 131 47 81 139 85 12 65 44 111 68 75 52 160 140 70 105 136 34
146 76 78 36 49 119 158 55 20 19 98 71 67 155 58 87 5 109 61 140
136 103 6 93 104 19 13 118 127 60 119 77 59 112 13 152 130 107 71 156
124 76 100 34 72 23 66 159 113 59 20 92 149 144 93 117 107 68 99 43
26 94 135 72 112 63 118 81 46 57 15 47 144 90 99 112 48 32 27 115
57 23 64 102 100 15 36 48 5 38 50 32 113 6 87 13 2 43 119 144
81 34 147 77 108 39 87 108 128 41 31 79 102 12 141 35 110 9 99 145
36 142 125 66 59 50 137 140 159 75 107 101 101 78 146 90 38 132 38 144
0 17 15 17 15 22 20 16 18 25 18 16 20 15
17 0 20 17 21 22 19 18 24 23 23 19 25 15
15 20 0 15 22 17 21 22 21 20 17 24 24 16
17 17 15 0 19 25 22 15 19 21 21 23 22 23
15 21 22 19 0 19 25 22 19 19 15 19 15 18
22 22 17 25 19 0 18 17 19 17 16 24 24 24
20 19 21 22 25 18 0 23 15 18 16 21 20 20
16 18 22 15 22 17 23 0 20 15 17 16 16 17
18 24 21 19 19 19 15 20 0 23 20 17 22 19
25 23 20 21 19 17 18 15 23 0 17 20 24 18
18 23 17 21 15 16 16 17 20 17 0 15 15 22
16 19 24 23 19 24 21 16 17 20 15 0 17 24
20 25 24 22 15 24 20 16 22 24 15 17 0 23
15 15 16 23 18 24 20 17 19 18 22 24 23 0
