12
13
73 74 73 38 60 76 4 21 49 24 68 76
0 20 22 22 18 15 24 16 23 24 21 21 17 23
20 0 19 21 24 17 15 24 22 19 20 15 22 21
22 19 0 23 24 25 17 22 23 22 17 16 15 21
22 21 23 0 15 16 21 25 25 19 19 22 17 19
18 24 24 15 0 24 20 16 15 16 25 16 15 23
15 17 25 16 24 0 19 22 24 22 20 16 16 19
24 15 17 21 20 19 0 21 18 25 15 15 21 16
16 24 22 25 16 22 21 0 25 15 16 20 16 25
23 22 23 25 15 24 18 25 0 25 23 20 15 22
24 19 22 19 16 22 25 15 25 0 16 23 25 25
21 20 17 19 25 20 15 16 23 16 0 25 22 20
21 15 16 22 16 16 15 20 20 23 25 0 19 21
17 22 15 17 15 16 21 16 15 25 22 19 0 18
23 21 21 19 23 19 16 25 22 25 20 21 18 0
