12
24
156 2 41 147 42 69 92 128 68 37 59 149 70 34 45 94 37 60 41 22 134 154 39 42
94 111 58 150 155 155 57 152 5 59 4 103 138 123 86 122 127 98 116 135 14 105 106 113
74 146 101 29 52 56 84 153 154 117 90 80 113 94 157 124 42 61 77 11 99 45 135 13
32 39 153 52 144 140 80 2 103 37 40 7 62 47 17 56 76 29 61 103 36 79 146 90
86 28 49 53 104 103 145 56 132 141 48 29 45 102 114 71 83 125 107 142 97 97 73 125
118 103 134 85 73 45 69 53 133 4 59 131 137 108 26 108 137 126 87 130 77 124 121 113
26 142 132 150 73 127 91 57 95 54 64 28 6 144 84 93 157 12 41 115 93 130 71 106
140 127 114 92 3 10 19 21 81 11 88 133 150 47 23 105 157 74 112 38 99 64 138 92
48 129 135 121 35 155 20 87 45 106 66 69 126 31 29 139 11 65 123 55 115 58 147 97
56 88 93 85 55 158 6 79 28 50 31 48 142 128 103 155 150 111 92 152 48 73 85 120
128 21 146 61 37 144 8 159 28 121 73 18 5 138 116 159 138 23 79 159 47 40 122 52
98 104 140 124 140 46 53 64 9 116 141 5 154 23 19 40 97 87 151 34 160 74 115 120
0 17 21 22 25 21 22 22 20 20 21 20 16 17
17 0 19 25 25 19 18 21 19 25 25 24 25 20
21 19 0 16 24 22 17 25 21 25 23 20 24 21
22 25 16 0 19 23 16 16 21 25 19 25 18 20
25 25 24 19 0 20 17 24 25 25 18 21 21 16
21 19 22 23 20 0 16 17 23 22 18 18 16 22
22 18 17 16 17 16 0 22 21 20 21 16 20 17
22 21 25 16 24 17 22 0 17 16 24 21 21 17
20 19 21 21 25 23 21 17 0 16 15 21 19 25
20 25 25 25 25 22 20 16 16 0 25 16 25 16
21 25 23 19 18 18 21 24 15 25 0 15 17 16
20 24 20 25 21 18 16 21 21 16 15 0 24 23
16 25 24 18 21 16 20 21 19 25 17 24 0 19
17 20 21 20 16 22 17 17 25 16 16 23 19 0
