12
10
73 22 33 15 56 71 37 67 34 11
40 16 37 37 17 79 70 37 61 36
19 18 44 68 4 51 63 55 13 21
12 6 49 29 52 46 41 28 56 80
60 39 46 48 39 48 26 55 29 50
1 1 25 28 36 77 34 2 23 27
30 19 47 48 16 2 69 4 37 6
64 69 22 7 24 21 47 22 12 6
71 66 23 33 38 25 14 80 10 50
52 16 55 9 34 12 43 34 62 41
63 60 31 3 58 7 11 39 70 73
15 59 44 34 5 80 64 15 45 4
0 17 19 16 21 19 21 18 25 22 23 22 21 21
17 0 20 16 24 18 20 16 20 25 24 20 21 21
19 20 0 15 19 24 24 15 17 25 15 19 19 21
16 16 15 0 23 16 17 21 23 18 19 20 25 19
21 24 19 23 0 23 25 16 21 19 19 16 23 25
19 18 24 16 23 0 20 17 16 24 20 17 25 18
21 20 24 17 25 20 0 15 19 22 21 19 24 22
18 16 15 21 16 17 15 0 21 24 19 19 21 25
25 20 17 23 21 16 19 21 0 18 20 22 18 23
22 25 25 18 19 24 22 24 18 0 15 17 21 16
23 24 15 19 19 20 21 19 20 15 0 18 21 18
22 20 19 20 16 17 19 19 22 17 18 0 24 16
21 21 19 25 23 25 24 21 18 21 21 24 0 22
21 21 21 19 25 18 22 25 23 16 18 16 22 0
