12
10
61 19 78 33 73 74 57 6 77 10
59 41 78 35 35 62 14 44 71 9
38 19 1 28 41 55 68 37 48 61
56 72 11 57 64 54 50 26 40 34
20 34 76 49 44 42 42 64 18 64
33 24 15 68 29 79 14 37 51 50
45 51 23 54 55 24 74 5 69 4
22 17 51 8 72 38 65 75 28 75
38 2 40 18 22 73 10 28 17 17
26 61 35 27 72 70 7 19 29 42
31 71 31 51 33 72 73 57 68 69
37 6 47 52 80 60 73 41 56 41
0 21 21 21 17 22 18 19 20 21 17 22 21 19
21 0 17 23 16 18 20 18 20 17 22 17 16 24
21 17 0 15 22 24 19 24 19 21 22 24 22 25
21 23 15 0 19 17 21 24 17 23 25 17 16 24
17 16 22 19 0 24 25 16 21 24 22 25 23 15
22 18 24 17 24 0 20 25 25 24 20 19 20 15
18 20 19 21 25 20 0 17 21 20 25 24 24 15
19 18 24 24 16 25 17 0 20 17 17 15 21 23
20 20 19 17 21 25 21 20 0 22 21 19 21 22
21 17 21 23 24 24 20 17 22 0 15 24 25 15
17 22 22 25 22 20 25 17 21 15 0 19 24 23
22 17 24 17 25 19 24 15 19 24 19 0 20 23
21 16 22 16 23 20 24 21 21 25 24 20 0 24
19 24 25 24 15 15 15 23 22 15 23 23 24 0
