12
9
10 35 31 38 2 5 23 10 31 1 18 34
0 19 21 24 21 18 17 19 21 16 24 19 15 23
19 0 23 23 24 16 19 24 16 20 24 25 16 23
21 23 0 18 22 25 21 25 23 20 16 20 23 23
24 23 18 0 24 18 24 23 15 16 19 15 15 17
21 24 22 24 0 21 17 17 15 16 17 16 21 18
18 16 25 18 21 0 18 16 17 23 21 24 23 18
17 19 21 24 17 18 0 19 23 22 16 20 16 22
19 24 25 23 17 16 19 0 25 16 23 22 21 16
21 16 23 15 15 17 23 25 0 22 18 21 17 20
16 20 20 16 16 23 22 16 22 0 20 17 22 21
24 24 16 19 17 21 16 23 18 20 0 25 18 25
19 25 20 15 16 24 20 22 21 17 25 0 16 21
15 16 23 15 21 23 16 21 17 22 18 16 0 22
23 23 23 17 18 18 22 16 20 21 25 21 22 0
