12
15
20 52 38 70 41 1 22 106 22 44 11 112
0 16 20 18 25 15 18 20 17 20 20 18 21 15
16 0 20 17 23 19 20 24 19 22 24 22 18 23
20 20 0 15 25 23 22 19 25 21 16 19 18 17
18 17 15 0 15 19 18 21 16 19 23 18 25 24
25 23 25 15 0 22 25 20 15 16 17 20 17 19
15 19 23 19 22 0 18 22 18 16 22 25 20 22
18 20 22 18 25 18 0 19 20 19 19 20 22 22
20 24 19 21 20 22 19 0 25 25 20 24 16 17
17 19 25 16 15 18 20 25 0 20 22 17 23 21
20 22 21 19 16 16 19 25 20 0 19 25 15 23
20 24 16 23 17 22 19 20 22 19 0 19 21 17
18 22 19 18 20 25 20 24 17 25 19 0 24 19
21 18 18 25 17 20 22 16 23 15 21 24 0 21
15 23 17 24 19 22 22 17 21 23 17 19 21 0
