12
8
26 112 10 76 75 42 104 9
13 92 73 61 118 92 80 61
115 103 97 76 100 116 28 83
95 38 76 112 72 19 37 20
18 22 26 89 107 63 29 38
42 5 98 5 28 52 52 27
18 44 8 102 42 71 28 72
81 39 104 83 102 73 82 36
54 46 97 50 66 59 65 21
52 74 86 11 18 72 12 116
53 106 81 9 23 7 106 95
90 54 47 102 45 102 13 104
0 15 23 23 25 22 18 16 15 20 20 25 18 17
15 0 20 17 24 21 17 24 25 20 17 18 18 24
23 20 0 19 15 15 22 15 15 20 16 16 18 19
23 17 19 0 25 20 24 19 15 19 23 16 16 20
25 24 15 25 0 15 17 24 23 20 22 17 24 18
22 21 15 20 15 0 25 24 25 20 17 22 19 16
18 17 22 24 17 25 0 15 25 24 15 25 19 16
16 24 15 19 24 24 15 0 22 25 25 19 21 25
15 25 15 15 23 25 25 22 0 18 24 15 15 15
20 20 20 19 20 20 24 25 18 0 22 23 22 15
20 17 16 23 22 17 15 25 24 22 0 23 24 16
25 18 16 16 17 22 25 19 15 23 23 0 18 22
18 18 18 16 24 19 19 21 15 22 24 18 0 15
17 24 19 20 18 16 16 25 15 15 16 22 15 0
