12
14
23 122 19 28 137 143 155 4 57 43 89 15 78 26
83 112 131 3 8 128 128 118 85 141 96 19 96 22
112 90 145 35 89 75 124 141 31 122 94 28 10 26
17 119 111 70 96 107 149 7 11 150 97 144 113 152
157 78 1 118 147 133 156 141 90 113 108 4 49 98
36 18 16 157 115 61 129 148 44 124 24 138 34 4
68 150 66 8 74 108 69 116 70 145 7 146 121 9
85 54 99 73 41 22 156 68 37 122 141 8 45 45
8 32 68 119 147 146 21 18 115 81 42 85 65 9
127 70 119 114 124 82 89 25 122 97 158 45 27 46
71 78 69 38 36 52 130 102 145 127 55 61 27 107
35 104 53 135 75 22 52 57 97 86 74 133 26 32
0 17 18 21 18 17 15 16 17 16 16 18 15 16
17 0 24 23 23 16 15 24 24 20 15 23 25 17
18 24 0 21 24 17 19 17 22 23 17 17 17 23
21 23 21 0 23 19 18 19 16 25 24 24 24 21
18 23 24 23 0 20 17 18 16 19 17 15 19 23
17 16 17 19 20 0 21 16 17 23 21 21 25 20
15 15 19 18 17 21 0 17 19 24 16 25 20 22
16 24 17 19 18 16 17 0 19 20 22 20 22 17
17 24 22 16 16 17 19 19 0 17 23 17 24 19
16 20 23 25 19 23 24 20 17 0 17 22 16 21
16 15 17 24 17 21 16 22 23 17 0 22 24 19
18 23 17 24 15 21 25 20 17 22 22 0 25 21
15 25 17 24 19 25 20 22 24 16 24 25 0 22
16 17 23 21 23 20 22 17 19 21 19 21 22 0
