12
8
2 15 60 154 119 96 105 75
57 148 122 138 133 154 90 25
57 83 75 156 74 157 44 131
130 128 33 97 121 1 41 66
99 154 35 116 122 105 119 128
128 41 22 45 41 153 122 29
30 142 37 21 42 15 104 104
63 41 64 69 81 99 101 97
88 146 39 142 67 22 26 66
10 128 102 46 79 143 16 148
17 112 157 23 144 53 160 23
29 156 16 123 31 81 64 117
0 18 15 18 18 25 21 19 23 20 19 17 19 21
18 0 22 18 24 22 17 24 19 18 17 24 15 20
15 22 0 18 19 23 22 22 17 20 20 22 23 16
18 18 18 0 18 19 21 25 15 17 24 15 17 23
18 24 19 18 0 21 17 19 22 21 19 16 25 19
25 22 23 19 21 0 16 21 25 21 16 25 18 18
21 17 22 21 17 16 0 15 24 18 25 23 18 23
19 24 22 25 19 21 15 0 22 19 22 16 19 18
23 19 17 15 22 25 24 22 0 19 16 16 18 19
20 18 20 17 21 21 18 19 19 0 23 24 19 20
19 17 20 24 19 16 25 22 16 23 0 24 24 16
17 24 22 15 16 25 23 16 16 24 24 0 15 22
19 15 23 17 25 18 18 19 18 19 24 15 0 22
21 20 16 23 19 18 23 18 19 20 16 22 22 0
