12
10
30 91 37 145 128 66 160 145 51 44
154 53 13 104 102 24 159 14 38 72
16 46 94 132 134 37 10 17 138 135
37 16 61 148 69 7 135 111 78 9
43 80 14 32 122 122 153 150 30 91
4 95 132 143 36 116 68 77 20 111
39 54 72 160 157 55 120 54 20 126
77 142 75 150 34 151 86 74 60 89
144 13 10 76 71 97 38 150 127 36
95 131 54 115 7 128 27 21 6 63
44 97 64 139 85 36 26 11 52 54
129 92 92 67 10 120 102 117 4 130
0 17 25 23 18 15 22 22 17 19 20 19 21 21
17 0 24 20 16 16 16 23 22 25 19 16 22 22
25 24 0 20 21 19 15 25 21 15 15 17 25 18
23 20 20 0 22 18 15 24 22 22 24 19 17 25
18 16 21 22 0 15 19 22 20 17 24 23 19 18
15 16 19 18 15 0 20 18 21 17 22 19 18 18
22 16 15 15 19 20 0 21 23 24 20 22 20 22
22 23 25 24 22 18 21 0 22 25 25 24 18 18
17 22 21 22 20 21 23 22 0 22 25 16 22 19
19 25 15 22 17 17 24 25 22 0 15 21 24 16
20 19 15 24 24 22 20 25 25 15 0 16 25 24
19 16 17 19 23 19 22 24 16 21 16 0 21 21
21 22 25 17 19 18 20 18 22 24 25 21 0 19
21 22 18 25 18 18 22 18 19 16 24 21 19 0
