12
15
31 28 20 21 5 13 10 7 13 11 19 35
0 18 19 21 20 22 16 22 18 19 17 22 23 23
18 0 21 23 23 15 17 19 22 20 22 23 18 23
19 21 0 17 20 15 19 17 16 24 17 19 24 16
21 23 17 0 20 21 18 24 25 15 23 15 17 21
20 23 20 20 0 15 18 25 25 24 19 21 18 19
22 15 15 21 15 0 15 22 16 23 24 22 19 21
16 17 19 18 18 15 0 22 16 23 16 20 21 22
22 19 17 24 25 22 22 0 19 24 17 22 17 24
18 22 16 25 25 16 16 19 0 15 15 15 19 25
19 20 24 15 24 23 23 24 15 0 18 20 22 19
17 22 17 23 19 24 16 17 15 18 0 19 19 22
22 23 19 15 21 22 20 22 15 20 19 0 19 15
23 18 24 17 18 19 21 17 19 22 19 19 0 15
23 23 16 21 19 21 22 24 25 19 22 15 15 0
