12
6
59 42 101 70 90 54 40 100 103 101 97 19
0 23 20 17 25 24 16 15 19 18 20 23 24 23
23 0 22 24 19 23 22 22 20 17 18 17 17 24
20 22 0 21 17 19 24 25 19 22 22 18 25 21
17 24 21 0 18 17 24 19 24 16 23 21 16 16
25 19 17 18 0 17 17 23 24 25 20 16 15 20
24 23 19 17 17 0 19 22 15 16 21 16 18 15
16 22 24 24 17 19 0 19 19 21 19 15 25 17
15 22 25 19 23 22 19 0 19 20 23 16 22 23
19 20 19 24 24 15 19 19 0 22 21 20 23 22
18 17 22 16 25 16 21 20 22 0 22 16 18 15
20 18 22 23 20 21 19 23 21 22 0 25 23 19
23 17 18 21 16 16 15 16 20 16 25 0 19 17
24 17 25 16 15 18 25 22 23 18 23 19 0 23
23 24 21 16 20 15 17 23 22 15 19 17 23 0
