12
11
96 100 5 46 68 36 95 44 59 112 53 60
0 22 19 25 20 16 18 25 15 22 24 23 24 19
22 0 16 20 21 18 21 23 21 19 20 24 15 20
19 16 0 23 21 20 21 15 22 20 21 21 22 21
25 20 23 0 16 20 19 17 18 16 15 25 24 25
20 21 21 16 0 21 17 18 18 24 21 16 20 24
16 18 20 20 21 0 18 22 18 17 17 20 15 20
18 21 21 19 17 18 0 19 20 22 21 21 15 25
25 23 15 17 18 22 19 0 22 25 17 24 15 24
15 21 22 18 18 18 20 22 0 20 21 23 18 22
22 19 20 16 24 17 22 25 20 0 22 23 16 22
24 20 21 15 21 17 21 17 21 22 0 20 24 25
23 24 21 25 16 20 21 24 23 23 20 0 17 22
24 15 22 24 20 15 15 15 18 16 24 17 0 21
19 20 21 25 24 20 25 24 22 22 25 22 21 0
