12
11
37 32 4 23 19 21 4 21 6 5 31 9
0 22 19 22 18 25 20 20 19 22 24 23 23 17
22 0 15 25 24 16 24 17 25 21 16 22 15 23
19 15 0 22 23 16 25 20 21 23 21 25 25 19
22 25 22 0 18 21 22 23 15 20 19 23 25 17
18 24 23 18 0 25 24 24 15 18 21 21 21 17
25 16 16 21 25 0 18 21 23 18 20 23 23 20
20 24 25 22 24 18 0 17 25 20 24 20 15 18
20 17 20 23 24 21 17 0 20 19 25 18 23 18
19 25 21 15 15 23 25 20 0 25 16 24 24 16
22 21 23 20 18 18 20 19 25 0 18 23 21 19
24 16 21 19 21 20 24 25 16 18 0 24 23 22
23 22 25 23 21 23 20 18 24 23 24 0 15 17
23 15 25 25 21 23 15 23 24 21 23 15 0 15
17 23 19 17 17 20 18 18 16 19 22 17 15 0
