12
7
63 30 40 23 83 37 67 118 55 61 2 60
0 19 23 24 25 22 19 16 24 21 25 23 21 24
19 0 19 18 20 15 18 18 23 21 16 21 19 20
23 19 0 25 25 25 19 23 19 21 25 17 22 20
24 18 25 0 17 20 23 16 16 23 22 20 25 17
25 20 25 17 0 15 25 21 23 15 15 20 17 24
22 15 25 20 15 0 23 20 19 18 18 24 22 16
19 18 19 23 25 23 0 21 15 17 21 17 23 22
16 18 23 16 21 20 21 0 18 18 22 23 23 22
24 23 19 16 23 19 15 18 0 21 24 18 22 23
21 21 21 23 15 18 17 18 21 0 16 20 22 17
25 16 25 22 15 18 21 22 24 16 0 16 17 24
23 21 17 20 20 24 17 23 18 20 16 0 25 23
21 19 22 25 17 22 23 23 22 22 17 25 0 17
24 20 20 17 24 16 22 22 23 17 24 23 17 0
