12
4
40 58 56 9
16 71 19 69
44 46 68 49
20 62 18 64
35 15 78 21
6 6 64 22
14 56 16 60
40 65 16 43
26 73 5 49
53 18 78 32
75 33 80 48
22 37 71 60
0 23 17 15 25 21 17 16 16 21 25 22 20 22
23 0 24 19 18 15 16 16 25 21 23 16 18 21
17 24 0 22 18 17 22 18 22 18 20 25 24 21
15 19 22 0 20 20 21 15 19 21 19 20 20 20
25 18 18 20 0 15 21 21 19 20 15 18 17 18
21 15 17 20 15 0 20 22 21 16 23 21 20 22
17 16 22 21 21 20 0 19 17 18 20 15 20 24
16 16 18 15 21 22 19 0 25 16 18 23 18 20
16 25 22 19 19 21 17 25 0 25 15 15 21 17
21 21 18 21 20 16 18 16 25 0 18 16 19 20
25 23 20 19 15 23 20 18 15 18 0 16 21 21
22 16 25 20 18 21 15 23 15 16 16 0 20 25
20 18 24 20 17 20 20 18 21 19 21 20 0 16
22 21 21 20 18 22 24 20 17 20 21 25 16 0
