12
20
3 26 27 38 31 21 11 28 37 39 30 15 9 19 14 27 27 13 37 35
21 17 9 12 27 24 1 14 19 5 22 2 29 36 39 21 19 8 15 27
31 37 11 37 21 28 20 11 6 25 26 11 34 37 35 29 28 10 21 6
15 34 38 40 22 19 11 27 40 2 37 29 8 6 25 15 37 29 6 10
5 28 35 2 5 21 16 5 18 37 21 10 12 21 16 27 23 12 8 2
6 10 11 29 4 36 11 23 10 1 26 12 25 30 39 2 2 17 17 19
2 13 28 12 11 17 31 3 15 19 15 31 8 38 7 12 11 26 13 21
11 3 33 7 23 17 24 3 32 28 1 12 24 30 27 7 32 14 29 15
37 38 30 7 34 40 10 38 9 36 32 17 17 35 39 11 20 28 12 14
39 12 7 37 34 1 30 21 10 2 8 27 25 36 15 31 38 27 37 37
35 5 26 26 28 33 39 22 38 25 7 9 7 38 24 9 26 39 17 10
3 9 17 2 17 25 31 37 5 16 37 7 13 18 33 37 21 11 40 32
0 18 22 21 17 22 20 21 16 18 18 18 15 20
18 0 19 21 19 19 21 25 18 19 22 19 19 24
22 19 0 20 19 24 17 23 19 23 16 21 16 17
21 21 20 0 20 22 19 16 20 19 15 23 24 22
17 19 19 20 0 16 23 20 22 19 24 22 18 18
22 19 24 22 16 0 24 16 25 20 19 21 23 22
20 21 17 19 23 24 0 21 20 20 19 15 16 24
21 25 23 16 20 16 21 0 23 19 17 22 15 20
16 18 19 20 22 25 20 23 0 16 16 18 19 23
18 19 23 19 19 20 20 19 16 0 20 15 18 25
18 22 16 15 24 19 19 17 16 20 0 15 15 17
18 19 21 23 22 21 15 22 18 15 15 0 24 25
15 19 16 24 18 23 16 15 19 18 15 24 0 24
20 24 17 22 18 22 24 20 23 25 17 25 24 0
