12
11
37 36 39 4 60 46 68 66 32 17 41 63
0 15 25 18 15 18 18 23 17 18 24 16 17 22
15 0 16 19 21 16 22 24 24 21 17 15 25 18
25 16 0 24 17 24 15 22 16 15 24 19 21 25
18 19 24 0 23 22 17 18 17 15 25 20 20 22
15 21 17 23 0 17 15 19 20 24 19 17 21 20
18 16 24 22 17 0 20 18 16 16 23 17 20 22
18 22 15 17 15 20 0 22 25 19 18 23 22 19
23 24 22 18 19 18 22 0 16 16 16 18 24 15
17 24 16 17 20 16 25 16 0 19 19 22 24 23
18 21 15 15 24 16 19 16 19 0 18 25 24 20
24 17 24 25 19 23 18 16 19 18 0 18 24 21
16 15 19 20 17 17 23 18 22 25 18 0 16 19
17 25 21 20 21 20 22 24 24 24 24 16 0 22
22 18 25 22 20 22 19 15 23 20 21 19 22 0
