12
14
37 50 48 117 65 1 61 88 59 118 56 49 107 17
94 78 39 12 75 55 8 100 67 28 60 66 110 49
45 30 67 70 70 49 20 105 30 51 35 14 27 64
119 64 86 69 69 75 39 42 94 16 103 76 94 73
105 35 64 102 41 94 111 88 112 18 25 44 63 70
26 86 30 15 35 46 5 108 23 22 28 30 25 112
29 7 70 85 98 84 75 118 9 7 21 14 15 5
8 69 108 59 62 80 59 89 116 52 3 114 2 77
59 47 36 26 92 109 94 50 93 56 49 7 81 53
45 101 28 40 85 45 88 82 49 100 36 36 68 55
5 16 88 58 42 115 56 89 63 86 99 120 42 42
14 75 40 57 97 42 57 55 87 100 57 85 42 63
0 17 15 16 15 19 15 19 22 24 22 17 23 18
17 0 24 17 21 22 23 21 20 20 20 15 20 15
15 24 0 23 22 16 16 16 20 24 18 21 23 25
16 17 23 0 19 19 15 19 21 19 17 25 18 19
15 21 22 19 0 24 20 25 18 22 23 24 16 24
19 22 16 19 24 0 18 21 24 16 19 17 16 21
15 23 16 15 20 18 0 16 25 24 23 24 18 25
19 21 16 19 25 21 16 0 16 19 17 25 19 25
22 20 20 21 18 24 25 16 0 18 20 21 22 15
24 20 24 19 22 16 24 19 18 0 19 24 17 21
22 20 18 17 23 19 23 17 20 19 0 15 15 19
17 15 21 25 24 17 24 25 21 24 15 0 17 25
23 20 23 18 16 16 18 19 22 17 15 17 0 21
18 15 25 19 24 21 25 25 15 21 19 25 21 0
