12
9
130 30 18 50 94 28 49 60 70 32 5 72
0 25 15 16 17 17 18 23 17 17 19 17 18 15
25 0 23 21 17 24 19 25 25 19 20 16 15 15
15 23 0 22 19 25 25 15 20 23 15 23 20 20
16 21 22 0 22 25 19 17 15 24 21 25 16 19
17 17 19 22 0 17 18 20 22 23 16 23 25 22
17 24 25 25 17 0 22 24 23 17 20 20 19 22
18 19 25 19 18 22 0 24 24 25 19 16 25 22
23 25 15 17 20 24 24 0 16 24 17 22 24 23
17 25 20 15 22 23 24 16 0 21 17 21 18 24
17 19 23 24 23 17 25 24 21 0 22 18 22 15
19 20 15 21 16 20 19 17 17 22 0 24 15 24
17 16 23 25 23 20 16 22 21 18 24 0 20 22
18 15 20 16 25 19 25 24 18 22 15 20 0 21
15 15 20 19 22 22 22 23 24 15 24 22 21 0
