12
6
42 38 160 159 101 84
17 37 87 86 95 39
43 104 95 10 138 69
76 124 68 142 115 36
104 122 90 55 110 8
55 131 79 46 146 68
152 126 107 22 135 86
153 31 123 21 21 34
12 45 105 2 140 123
137 142 43 84 61 150
32 93 32 72 6 109
89 108 119 91 5 15
0 25 19 21 25 23 17 18 24 18 16 19 15 21
25 0 21 22 22 18 18 21 23 19 15 17 20 23
19 21 0 15 23 21 22 19 25 24 22 15 20 16
21 22 15 0 21 17 18 25 23 19 23 22 16 22
25 22 23 21 0 21 15 23 21 23 21 15 25 15
23 18 21 17 21 0 17 23 19 16 18 19 25 15
17 18 22 18 15 17 0 20 22 22 15 21 19 15
18 21 19 25 23 23 20 0 25 23 23 25 24 17
24 23 25 23 21 19 22 25 0 19 17 17 19 22
18 19 24 19 23 16 22 23 19 0 17 16 22 22
16 15 22 23 21 18 15 23 17 17 0 21 25 19
19 17 15 22 15 19 21 25 17 16 21 0 17 24
15 20 20 16 25 25 19 24 19 22 25 17 0 23
21 23 16 22 15 15 15 17 22 22 19 24 23 0
