12
4
133 75 148 20
70 107 128 37
143 9 34 134
83 132 18 87
25 100 49 14
108 132 18 58
59 78 66 40
109 153 98 98
136 67 14 8
97 51 40 28
121 75 56 21
48 91 104 74
0 15 22 25 18 15 17 20 24 18 23 23 21 15
15 0 20 15 20 15 21 21 25 15 18 15 24 17
22 20 0 23 22 24 22 25 19 19 24 21 21 16
25 15 23 0 21 21 23 21 18 17 20 21 18 23
18 20 22 21 0 19 15 23 20 17 15 22 15 25
15 15 24 21 19 0 23 25 25 22 21 19 17 25
17 21 22 23 15 23 0 16 21 15 15 15 23 21
20 21 25 21 23 25 16 0 18 24 17 17 19 19
24 25 19 18 20 25 21 18 0 21 15 21 16 19
18 15 19 17 17 22 15 24 21 0 22 24 24 18
23 18 24 20 15 21 15 17 15 22 0 15 22 20
23 15 21 21 22 19 15 17 21 24 15 0 19 18
21 24 21 18 15 17 23 19 16 24 22 19 0 25
15 17 16 23 25 25 21 19 19 18 20 18 25 0
