12
13
103 93 15 90 11 60 32 120 22 1 12 38
0 15 24 25 20 17 24 17 18 18 17 23 20 15
15 0 24 19 20 16 23 19 18 24 25 16 24 19
24 24 0 19 20 24 22 22 18 24 20 19 17 20
25 19 19 0 21 21 19 15 16 25 20 15 24 18
20 20 20 21 0 24 18 15 18 20 19 25 20 25
17 16 24 21 24 0 17 24 16 17 20 21 25 19
24 23 22 19 18 17 0 23 18 20 24 17 18 21
17 19 22 15 15 24 23 0 25 22 16 16 20 22
18 18 18 16 18 16 18 25 0 17 15 17 18 19
18 24 24 25 20 17 20 22 17 0 15 15 17 17
17 25 20 20 19 20 24 16 15 15 0 23 25 16
23 16 19 15 25 21 17 16 17 15 23 0 21 24
20 24 17 24 20 25 18 20 18 17 25 21 0 21
15 19 20 18 25 19 21 22 19 17 16 24 21 0
