12
14
53 17 14 51 73 72 92 25 116 53 95 47 104 92
101 50 31 50 72 70 16 76 17 62 32 116 58 114
41 105 14 94 82 87 8 29 120 95 64 49 51 47
1 20 16 41 15 98 13 24 48 5 99 72 33 114
51 47 108 115 97 29 120 50 115 105 38 66 91 89
21 118 110 116 104 13 82 62 93 42 38 114 51 43
63 21 77 23 84 38 40 2 61 100 8 66 108 107
6 80 86 5 59 105 81 86 7 113 15 29 72 85
37 109 60 28 32 117 48 117 3 67 24 52 56 80
49 42 56 51 52 34 50 26 54 59 106 17 40 40
42 108 32 30 111 67 73 14 117 35 27 73 85 28
119 2 113 52 14 56 117 6 115 115 20 70 77 116
0 23 18 18 25 17 24 21 22 23 18 23 23 23
23 0 19 16 16 24 22 25 18 18 21 19 17 25
18 19 0 16 19 17 18 24 20 23 21 17 20 17
18 16 16 0 17 25 15 16 21 21 20 16 21 18
25 16 19 17 0 19 15 25 19 18 16 17 24 24
17 24 17 25 19 0 21 17 22 18 24 25 17 24
24 22 18 15 15 21 0 15 19 25 15 21 20 16
21 25 24 16 25 17 15 0 25 19 19 22 18 22
22 18 20 21 19 22 19 25 0 20 22 19 20 24
23 18 23 21 18 18 25 19 20 0 18 20 25 24
18 21 21 20 16 24 15 19 22 18 0 16 25 20
23 19 17 16 17 25 21 22 19 20 16 0 20 18
23 17 20 21 24 17 20 18 20 25 25 20 0 19
23 25 17 18 24 24 16 22 24 24 20 18 19 0
