12
10
61 18 57 33 57 100 85 113 63 59
15 104 74 44 9 103 152 27 60 84
86 67 159 15 159 156 12 50 113 54
129 60 58 29 132 75 82 28 154 152
121 62 10 51 33 9 2 108 14 67
2 121 95 66 145 98 4 109 97 51
46 59 134 88 105 65 5 29 122 154
79 38 129 94 99 126 91 83 30 70
119 29 40 95 74 89 134 157 7 76
138 45 35 24 158 101 28 85 144 126
121 29 58 26 96 142 19 56 89 103
39 5 127 103 71 100 85 67 52 12
0 17 25 17 18 25 15 20 15 23 17 16 15 25
17 0 19 19 15 24 15 24 15 18 20 20 23 18
25 19 0 20 23 24 19 22 22 19 25 18 25 24
17 19 20 0 24 21 23 15 25 24 19 15 24 15
18 15 23 24 0 25 24 24 15 16 15 17 24 18
25 24 24 21 25 0 19 17 25 16 17 20 23 24
15 15 19 23 24 19 0 24 24 16 20 17 20 20
20 24 22 15 24 17 24 0 16 21 16 20 18 21
15 15 22 25 15 25 24 16 0 25 21 23 17 23
23 18 19 24 16 16 16 21 25 0 15 22 16 15
17 20 25 19 15 17 20 16 21 15 0 19 23 20
16 20 18 15 17 20 17 20 23 22 19 0 16 25
15 23 25 24 24 23 20 18 17 16 23 16 0 21
25 18 24 15 18 24 20 21 23 15 20 25 21 0
