12
20
28 18 39 21 21 26 14 31 26 3 7 12 36 32 34 10 24 11 38 35
35 20 18 31 23 19 23 16 25 24 17 13 33 40 32 5 30 15 17 23
11 16 15 40 12 23 16 13 38 22 9 29 16 33 3 7 20 15 7 5
34 14 32 17 20 37 26 32 24 29 6 31 6 13 1 32 6 26 31 10
29 29 24 8 22 13 18 39 5 30 24 11 38 4 7 17 30 18 40 39
8 17 28 27 31 37 14 5 14 20 35 2 32 16 29 21 30 24 25 10
14 16 16 23 2 14 7 18 16 2 16 40 11 26 40 38 30 15 22 32
26 30 28 15 32 40 33 28 27 36 31 1 35 6 33 25 6 7 6 12
23 22 30 31 34 19 28 12 5 7 30 5 7 12 23 16 4 8 26 37
38 9 23 22 36 9 10 33 39 15 19 21 23 14 24 7 14 20 34 11
37 33 36 39 31 38 27 28 35 16 36 9 30 3 3 5 17 1 1 4
40 35 28 17 26 40 22 16 10 29 9 38 37 34 4 6 18 36 16 13
0 15 22 21 18 19 23 23 24 16 15 20 20 16
15 0 17 16 16 23 19 25 17 22 17 21 17 18
22 17 0 21 25 25 15 22 18 18 22 25 24 15
21 16 21 0 15 19 20 24 17 18 23 18 22 20
18 16 25 15 0 17 17 22 25 22 25 18 16 16
19 23 25 19 17 0 21 24 20 15 24 20 19 15
23 19 15 20 17 21 0 19 15 15 20 17 19 20
23 25 22 24 22 24 19 0 15 21 17 20 19 16
24 17 18 17 25 20 15 15 0 18 15 15 15 23
16 22 18 18 22 15 15 21 18 0 24 23 15 21
15 17 22 23 25 24 20 17 15 24 0 18 21 21
20 21 25 18 18 20 17 20 15 23 18 0 15 21
20 17 24 22 16 19 19 19 15 15 21 15 0 17
16 18 15 20 16 15 20 16 23 21 21 21 17 0
