12
9
16 48 12 18 40 77 21 40 8 21 29 44
0 22 21 25 18 22 19 20 23 23 25 23 20 24
22 0 16 15 25 17 18 25 16 19 22 19 20 15
21 16 0 21 24 15 15 25 22 25 23 25 18 20
25 15 21 0 25 23 24 24 19 17 23 20 24 25
18 25 24 25 0 18 21 25 23 25 19 20 22 20
22 17 15 23 18 0 19 25 17 24 24 18 15 20
19 18 15 24 21 19 0 24 25 20 20 23 17 20
20 25 25 24 25 25 24 0 25 17 25 19 17 19
23 16 22 19 23 17 25 25 0 22 18 20 20 17
23 19 25 17 25 24 20 17 22 0 17 23 16 15
25 22 23 23 19 24 20 25 18 17 0 17 17 15
23 19 25 20 20 18 23 19 20 23 17 0 18 15
20 20 18 24 22 15 17 17 20 16 17 18 0 15
24 15 20 25 20 20 20 19 17 15 15 15 15 0
