12
6
4 40 25 32 16 37
23 40 14 23 28 14
20 39 27 15 23 14
1 22 18 19 26 37
14 13 20 22 13 26
25 33 23 22 16 9
40 10 6 4 13 35
9 27 4 33 5 35
5 17 16 29 17 17
7 37 12 36 1 17
3 36 38 15 31 39
26 10 3 23 31 21
0 21 25 22 20 23 16 25 18 24 15 15 15 18
21 0 15 24 23 23 18 19 25 23 21 19 18 16
25 15 0 22 21 20 24 20 24 20 23 22 21 23
22 24 22 0 23 15 18 25 16 20 25 21 24 17
20 23 21 23 0 25 22 22 24 17 16 19 17 21
23 23 20 15 25 0 24 21 15 16 19 23 16 20
16 18 24 18 22 24 0 20 25 22 19 17 17 24
25 19 20 25 22 21 20 0 15 25 24 21 23 21
18 25 24 16 24 15 25 15 0 24 16 19 16 24
24 23 20 20 17 16 22 25 24 0 19 16 16 22
15 21 23 25 16 19 19 24 16 19 0 15 18 15
15 19 22 21 19 23 17 21 19 16 15 0 19 19
15 18 21 24 17 16 17 23 16 16 18 19 0 18
18 16 23 17 21 20 24 21 24 22 15 19 18 0
