12
18
12 65 26 75 5 72 62 70 32 67 60 21 32 16 73 74 61 24
15 46 16 1 78 59 58 43 5 31 4 73 13 5 8 71 40 36
56 45 4 60 6 3 40 74 25 29 65 41 23 3 3 69 2 3
77 69 13 72 62 58 12 80 45 25 12 77 9 33 80 5 42 78
8 20 19 36 74 27 68 54 65 11 16 74 36 23 26 50 79 9
2 56 80 4 74 72 78 46 18 33 79 71 75 35 74 22 30 68
10 3 38 54 28 55 64 59 5 29 37 38 69 69 36 65 65 32
64 19 10 37 51 21 67 47 53 27 56 19 68 58 79 18 2 49
6 67 29 48 4 62 69 14 11 48 9 18 40 2 39 76 37 36
35 15 23 73 47 78 22 51 17 59 45 62 42 4 9 61 3 22
9 48 72 38 50 23 21 14 59 26 25 64 68 63 37 17 62 59
12 11 66 38 16 14 68 15 24 38 2 76 64 58 23 50 62 15
0 25 22 19 16 22 15 22 20 21 22 16 17 24
25 0 19 20 18 25 20 23 20 18 18 24 19 23
22 19 0 20 18 18 17 19 21 15 19 18 24 21
19 20 20 0 24 18 19 18 25 24 20 20 22 19
16 18 18 24 0 18 23 19 16 19 20 24 25 15
22 25 18 18 18 0 21 15 19 20 20 24 22 25
15 20 17 19 23 21 0 19 15 15 17 19 17 23
22 23 19 18 19 15 19 0 22 15 16 18 25 25
20 20 21 25 16 19 15 22 0 18 20 21 24 19
21 18 15 24 19 20 15 15 18 0 22 17 20 18
22 18 19 20 20 20 17 16 20 22 0 18 24 24
16 24 18 20 24 24 19 18 21 17 18 0 23 18
17 19 24 22 25 22 17 25 24 20 24 23 0 24
24 23 21 19 15 25 23 25 19 18 24 18 24 0
