12
15
99 28 39 88 140 81 67 143 127 42 128 118
0 20 19 16 24 24 23 15 20 17 15 24 15 22
20 0 19 16 17 23 23 25 23 20 23 23 24 17
19 19 0 25 19 19 18 23 17 23 15 15 21 25
16 16 25 0 17 24 20 25 21 16 23 22 25 25
24 17 19 17 0 25 23 19 16 25 25 15 17 19
24 23 19 24 25 0 24 19 21 18 16 22 21 21
23 23 18 20 23 24 0 25 18 22 15 19 20 19
15 25 23 25 19 19 25 0 19 25 15 17 19 18
20 23 17 21 16 21 18 19 0 25 16 23 16 25
17 20 23 16 25 18 22 25 25 0 24 18 15 16
15 23 15 23 25 16 15 15 16 24 0 18 21 16
24 23 15 22 15 22 19 17 23 18 18 0 22 21
15 24 21 25 17 21 20 19 16 15 21 22 0 15
22 17 25 25 19 21 19 18 25 16 16 21 15 0
