12
15
69 56 15 127 158 111 13 138 157 116 34 51
0 15 17 17 18 22 22 17 16 21 23 15 22 20
15 0 16 23 18 25 19 17 16 20 15 21 15 21
17 16 0 23 17 23 24 22 23 15 22 21 22 15
17 23 23 0 24 20 18 16 21 22 19 20 22 18
18 18 17 24 0 18 22 19 25 22 23 20 24 17
22 25 23 20 18 0 15 16 17 24 22 19 19 21
22 19 24 18 22 15 0 18 18 19 25 25 21 22
17 17 22 16 19 16 18 0 22 21 25 17 17 19
16 16 23 21 25 17 18 22 0 17 16 25 16 18
21 20 15 22 22 24 19 21 17 0 19 24 21 15
23 15 22 19 23 22 25 25 16 19 0 15 20 24
15 21 21 20 20 19 25 17 25 24 15 0 21 24
22 15 22 22 24 19 21 17 16 21 20 21 0 18
20 21 15 18 17 21 22 19 18 15 24 24 18 0
