12
13
17 5 3 38 39 21 9 27 17 27 5 30
0 23 23 16 24 21 16 25 21 21 22 15 24 15
23 0 15 24 24 24 17 25 16 18 18 19 25 25
23 15 0 19 22 22 16 23 17 21 19 25 15 21
16 24 19 0 19 22 17 15 21 15 15 23 19 23
24 24 22 19 0 20 15 19 18 19 23 15 25 25
21 24 22 22 20 0 23 19 20 25 19 19 15 21
16 17 16 17 15 23 0 21 18 19 23 17 23 16
25 25 23 15 19 19 21 0 16 22 18 17 18 18
21 16 17 21 18 20 18 16 0 23 24 23 24 21
21 18 21 15 19 25 19 22 23 0 19 18 20 17
22 18 19 15 23 19 23 18 24 19 0 24 22 22
15 19 25 23 15 19 17 17 23 18 24 0 18 24
24 25 15 19 25 15 23 18 24 20 22 18 0 21
15 25 21 23 25 21 16 18 21 17 22 24 21 0
