12
18
37 19 24 5 31 1 36 2 1 26 36 32 5 40 27 17 15 20
33 36 36 12 23 17 17 36 13 27 4 1 34 30 36 19 26 18
11 31 32 6 30 19 20 10 35 23 2 25 36 37 26 7 1 5
23 32 14 15 20 32 19 15 39 5 16 34 3 25 32 35 20 11
21 23 23 14 31 15 32 24 21 38 18 14 11 21 35 39 19 30
17 7 32 37 16 1 19 1 40 31 2 4 3 34 28 6 13 26
4 8 25 33 15 29 27 3 3 18 34 6 31 6 7 18 21 26
34 31 32 15 30 10 22 20 1 33 32 8 19 18 8 19 24 15
5 29 9 31 9 37 20 3 4 35 11 37 39 13 24 20 29 10
15 36 25 5 10 5 23 34 37 1 37 12 17 33 19 20 29 11
36 31 12 25 23 31 15 32 38 34 37 24 23 28 16 39 24 18
40 8 37 26 37 21 30 38 5 1 14 4 10 11 30 2 22 8
0 17 23 25 16 25 20 20 21 17 17 22 19 23
17 0 15 23 16 17 21 20 18 23 17 17 25 24
23 15 0 18 16 24 21 22 19 16 20 24 16 20
25 23 18 0 24 15 15 15 17 16 21 19 15 25
16 16 16 24 0 24 24 23 25 16 21 19 24 18
25 17 24 15 24 0 15 16 17 24 16 20 15 25
20 21 21 15 24 15 0 23 19 23 21 16 21 24
20 20 22 15 23 16 23 0 17 25 18 19 15 21
21 18 19 17 25 17 19 17 0 23 22 20 20 22
17 23 16 16 16 24 23 25 23 0 23 25 21 25
17 17 20 21 21 16 21 18 22 23 0 25 22 17
22 17 24 19 19 20 16 19 20 25 25 0 16 20
19 25 16 15 24 15 21 15 20 21 22 16 0 22
23 24 20 25 18 25 24 21 22 25 17 20 22 0
