12
13
102 42 40 117 160 67 24 129 138 100 50 68
0 22 25 15 24 16 18 20 22 24 22 15 20 17
22 0 24 19 20 23 16 23 24 24 21 16 20 19
25 24 0 25 15 19 24 22 25 19 16 20 21 25
15 19 25 0 16 24 24 15 20 18 18 17 16 22
24 20 15 16 0 22 19 23 16 25 17 22 23 16
16 23 19 24 22 0 25 19 18 16 25 21 15 22
18 16 24 24 19 25 0 25 22 18 22 23 16 21
20 23 22 15 23 19 25 0 23 21 17 25 16 23
22 24 25 20 16 18 22 23 0 17 16 24 15 18
24 24 19 18 25 16 18 21 17 0 19 15 20 20
22 21 16 18 17 25 22 17 16 19 0 25 15 22
15 16 20 17 22 21 23 25 24 15 25 0 16 24
20 20 21 16 23 15 16 16 15 20 15 16 0 17
17 19 25 22 16 22 21 23 18 20 22 24 17 0
