12
18
45 29 100 50 68 79 56 35 113 111 74 61 83 50 101 61 88 68
60 84 55 119 63 26 27 111 44 73 110 102 42 55 82 113 47 30
46 39 99 90 111 70 95 49 115 109 120 5 45 81 106 62 86 49
82 112 110 16 62 76 26 43 83 91 114 32 53 39 17 99 8 40
85 25 101 116 77 7 58 14 37 101 81 9 21 24 12 22 86 58
4 51 101 103 115 20 63 91 74 53 79 45 118 46 71 42 7 21
46 4 20 37 56 7 1 115 80 55 67 104 51 76 32 37 7 97
94 26 9 64 85 95 107 67 93 119 92 102 38 54 43 105 105 15
31 50 92 50 63 31 51 107 20 109 75 29 47 82 41 54 61 31
53 117 101 99 28 21 4 111 61 30 49 86 10 79 60 5 34 112
47 108 76 85 61 3 12 38 46 97 117 107 108 28 82 97 13 32
44 68 120 84 100 94 45 106 117 105 27 114 88 56 100 77 102 117
0 17 17 25 25 19 21 16 25 16 19 21 21 15
17 0 19 19 22 19 21 16 20 15 21 18 23 23
17 19 0 23 20 24 19 21 22 21 15 18 23 17
25 19 23 0 23 16 24 25 16 18 23 22 23 16
25 22 20 23 0 19 25 20 17 20 17 16 25 24
19 19 24 16 19 0 20 16 15 25 17 24 21 16
21 21 19 24 25 20 0 23 15 25 22 17 16 18
16 16 21 25 20 16 23 0 19 20 21 21 20 16
25 20 22 16 17 15 15 19 0 15 16 16 20 18
16 15 21 18 20 25 25 20 15 0 22 25 24 22
19 21 15 23 17 17 22 21 16 22 0 22 15 22
21 18 18 22 16 24 17 21 16 25 22 0 22 15
21 23 23 23 25 21 16 20 20 24 15 22 0 24
15 23 17 16 24 16 18 16 18 22 22 15 24 0
