12
20
110 52 104 71 31 14 4 64 103 135 56 151 71 111 11 107 136 72 108 130
71 24 103 91 111 124 151 5 101 122 40 62 17 119 16 29 48 142 20 46
139 32 99 109 86 73 68 12 102 74 55 60 131 19 49 120 154 121 33 102
86 79 85 4 1 75 27 50 103 26 30 98 8 99 100 51 13 136 150 58
54 16 90 17 70 106 141 146 45 25 151 134 152 79 84 47 32 15 84 149
85 96 99 78 53 126 95 117 59 99 87 81 9 152 58 78 107 26 31 149
52 79 98 14 5 141 132 92 50 30 152 25 62 130 135 145 103 153 53 142
119 120 123 141 12 86 40 125 144 153 82 155 4 41 111 13 37 7 74 77
36 120 143 4 10 70 106 79 23 129 74 50 7 40 114 81 12 71 62 21
13 122 48 34 61 96 23 13 26 75 78 23 46 91 138 54 34 125 15 36
52 78 88 129 155 118 94 53 142 31 159 128 158 78 148 23 96 75 113 82
19 33 88 10 1 114 111 130 48 115 158 22 156 145 153 20 123 56 28 142
0 19 23 21 21 25 18 17 15 16 17 23 17 24
19 0 24 17 21 21 18 20 20 17 24 19 25 24
23 24 0 15 23 21 16 19 25 15 17 19 20 18
21 17 15 0 18 16 22 16 17 19 22 18 21 24
21 21 23 18 0 22 23 22 17 19 25 18 15 15
25 21 21 16 22 0 17 16 16 18 21 21 20 19
18 18 16 22 23 17 0 15 18 22 16 21 18 16
17 20 19 16 22 16 15 0 23 23 25 20 24 18
15 20 25 17 17 16 18 23 0 23 19 21 20 22
16 17 15 19 19 18 22 23 23 0 25 19 19 17
17 24 17 22 25 21 16 25 19 25 0 25 15 20
23 19 19 18 18 21 21 20 21 19 25 0 25 24
17 25 20 21 15 20 18 24 20 19 15 25 0 22
24 24 18 24 15 19 16 18 22 17 20 24 22 0
