12
9
36 13 14 49 23 31 62 74 74 1 72 37
0 18 15 24 15 23 16 23 20 22 21 23 16 22
18 0 20 22 17 15 22 23 15 19 24 23 21 25
15 20 0 23 23 16 18 20 24 24 15 17 17 17
24 22 23 0 19 25 16 21 18 23 24 23 19 21
15 17 23 19 0 17 16 16 15 16 23 20 20 20
23 15 16 25 17 0 20 17 20 23 21 21 16 22
16 22 18 16 16 20 0 18 23 25 21 20 16 19
23 23 20 21 16 17 18 0 23 23 18 19 23 24
20 15 24 18 15 20 23 23 0 21 17 20 16 15
22 19 24 23 16 23 25 23 21 0 20 21 19 25
21 24 15 24 23 21 21 18 17 20 0 22 17 21
23 23 17 23 20 21 20 19 20 21 22 0 23 17
16 21 17 19 20 16 16 23 16 19 17 23 0 19
22 25 17 21 20 22 19 24 15 25 21 17 19 0
