12
5
49 75 72 27 43 4 67 27 16 35 19 9
0 25 15 24 22 18 21 22 23 24 23 23 15 20
25 0 15 22 22 18 15 20 18 17 20 19 17 21
15 15 0 22 17 22 25 23 16 19 22 19 16 25
24 22 22 0 21 25 17 25 17 16 25 21 21 24
22 22 17 21 0 18 16 22 22 18 16 15 15 25
18 18 22 25 18 0 21 22 22 19 20 15 21 25
21 15 25 17 16 21 0 22 16 19 24 20 17 21
22 20 23 25 22 22 22 0 24 21 24 23 21 23
23 18 16 17 22 22 16 24 0 21 24 19 16 18
24 17 19 16 18 19 19 21 21 0 21 15 16 20
23 20 22 25 16 20 24 24 24 21 0 23 18 21
23 19 19 21 15 15 20 23 19 15 23 0 21 24
15 17 16 21 15 21 17 21 16 16 18 21 0 20
20 21 25 24 25 25 21 23 18 20 21 24 20 0
