12
4
43 5 78 114
120 72 93 53
69 86 21 113
39 35 37 109
95 43 51 57
36 111 64 103
10 8 7 58
47 75 119 52
41 53 102 115
97 27 7 76
100 96 57 6
44 74 109 14
0 22 15 16 24 25 24 15 20 22 21 17 16 16
22 0 18 15 22 17 18 20 21 24 24 19 17 20
15 18 0 25 21 23 22 22 17 20 17 20 20 25
16 15 25 0 20 16 24 23 22 20 25 18 23 22
24 22 21 20 0 17 23 18 20 20 22 15 16 23
25 17 23 16 17 0 25 22 16 15 16 20 19 23
24 18 22 24 23 25 0 23 18 23 25 24 15 22
15 20 22 23 18 22 23 0 16 19 23 24 25 18
20 21 17 22 20 16 18 16 0 19 25 16 21 18
22 24 20 20 20 15 23 19 19 0 20 19 19 20
21 24 17 25 22 16 25 23 25 20 0 18 15 24
17 19 20 18 15 20 24 24 16 19 18 0 17 15
16 17 20 23 16 19 15 25 21 19 15 17 0 22
16 20 25 22 23 23 22 18 18 20 24 15 22 0
