12
6
29 108 38 2 90 55 80 92 59 82 45 109
0 15 19 20 24 17 18 19 24 25 15 15 15 16
15 0 21 24 15 16 20 21 17 23 20 21 18 20
19 21 0 21 18 17 19 20 23 20 24 23 15 16
20 24 21 0 15 22 15 18 19 18 24 15 15 17
24 15 18 15 0 20 19 23 24 21 16 22 22 19
17 16 17 22 20 0 18 23 22 20 25 25 25 21
18 20 19 15 19 18 0 24 20 16 15 25 17 23
19 21 20 18 23 23 24 0 20 19 22 15 16 21
24 17 23 19 24 22 20 20 0 22 24 24 24 25
25 23 20 18 21 20 16 19 22 0 22 19 24 19
15 20 24 24 16 25 15 22 24 22 0 22 15 18
15 21 23 15 22 25 25 15 24 19 22 0 16 21
15 18 15 15 22 25 17 16 24 24 15 16 0 17
16 20 16 17 19 21 23 21 25 19 18 21 17 0
