12
15
58 5 11 38 23 42 31 43 20 50 33 51
0 18 16 21 24 21 16 15 16 23 24 19 21 24
18 0 24 25 23 24 16 20 25 19 20 16 16 17
16 24 0 20 22 23 23 24 17 15 16 25 24 15
21 25 20 0 18 24 21 24 24 20 20 15 21 18
24 23 22 18 0 22 25 21 24 24 15 24 21 25
21 24 23 24 22 0 22 24 21 15 24 25 21 16
16 16 23 21 25 22 0 15 18 25 18 18 20 16
15 20 24 24 21 24 15 0 15 19 16 17 18 18
16 25 17 24 24 21 18 15 0 18 18 23 18 23
23 19 15 20 24 15 25 19 18 0 18 22 17 20
24 20 16 20 15 24 18 16 18 18 0 22 21 18
19 16 25 15 24 25 18 17 23 22 22 0 19 20
21 16 24 21 21 21 20 18 18 17 21 19 0 20
24 17 15 18 25 16 16 18 23 20 18 20 20 0
