12
24
62 10 124 62 73 49 77 149 10 34 160 38 30 95 61 136 73 122 96 39 71 12 91 119
83 57 103 22 77 18 154 97 1 146 52 8 87 120 48 99 131 26 146 17 48 55 36 45
19 36 17 10 4 34 134 5 41 91 97 40 77 122 52 125 100 90 136 157 90 45 18 145
60 56 19 25 111 156 10 137 13 158 45 62 84 62 46 117 19 81 134 21 35 147 80 159
31 97 5 153 37 145 37 15 106 74 118 67 64 42 61 87 126 19 94 113 51 22 111 57
153 132 66 156 47 69 96 63 21 43 124 140 160 25 17 32 125 6 101 24 64 129 154 106
14 76 53 135 21 107 145 117 84 131 44 63 3 97 7 50 139 18 95 37 100 160 36 80
101 142 88 21 154 114 4 8 98 26 160 43 8 10 82 88 159 13 90 123 2 136 136 46
3 57 48 96 135 125 79 32 50 34 157 118 132 154 156 138 51 62 75 13 76 119 145 106
151 81 136 7 40 153 126 140 132 119 130 126 66 105 137 65 40 97 135 74 143 122 133 3
38 93 54 141 156 144 46 8 159 155 127 138 115 55 12 67 15 91 137 102 59 8 76 101
55 39 102 42 73 61 71 155 67 26 126 102 56 75 30 84 1 64 12 33 121 72 39 47
0 23 25 16 21 23 20 21 15 19 17 21 22 21
23 0 21 23 25 24 21 25 22 17 15 20 18 17
25 21 0 24 16 25 17 19 25 15 25 24 20 16
16 23 24 0 15 21 18 23 15 18 19 25 22 22
21 25 16 15 0 23 23 24 22 25 21 18 21 22
23 24 25 21 23 0 15 22 19 25 19 16 24 23
20 21 17 18 23 15 0 15 15 18 23 18 17 18
21 25 19 23 24 22 15 0 21 20 25 20 23 24
15 22 25 15 22 19 15 21 0 20 16 24 15 24
19 17 15 18 25 25 18 20 20 0 25 17 19 22
17 15 25 19 21 19 23 25 16 25 0 17 19 24
21 20 24 25 18 16 18 20 24 17 17 0 20 25
22 18 20 22 21 24 17 23 15 19 19 20 0 25
21 17 16 22 22 23 18 24 24 22 24 25 25 0
