12
5
51 70 56 41 6 42 61 14 25 36 52 45
0 18 24 20 18 16 24 23 20 17 23 24 18 16
18 0 19 15 19 23 20 16 16 16 22 15 24 22
24 19 0 25 24 20 24 17 20 20 21 23 20 17
20 15 25 0 17 21 19 25 23 22 17 24 23 20
18 19 24 17 0 15 19 15 15 22 19 20 23 25
16 23 20 21 15 0 23 23 23 19 19 25 15 19
24 20 24 19 19 23 0 23 15 16 17 24 15 19
23 16 17 25 15 23 23 0 21 20 21 21 20 16
20 16 20 23 15 23 15 21 0 24 17 16 19 21
17 16 20 22 22 19 16 20 24 0 15 21 23 16
23 22 21 17 19 19 17 21 17 15 0 19 24 22
24 15 23 24 20 25 24 21 16 21 19 0 17 21
18 24 20 23 23 15 15 20 19 23 24 17 0 19
16 22 17 20 25 19 19 16 21 16 22 21 19 0
