12
7
72 1 35 70 21 24 79 3 33 33 35 25
0 18 16 24 24 18 15 21 21 24 24 18 18 19
18 0 19 16 25 22 15 25 15 23 17 17 22 22
16 19 0 16 22 24 16 19 21 15 16 17 20 25
24 16 16 0 25 23 24 21 18 15 16 24 18 25
24 25 22 25 0 21 24 22 18 23 23 19 15 18
18 22 24 23 21 0 15 19 16 18 16 21 25 20
15 15 16 24 24 15 0 25 24 25 17 25 21 23
21 25 19 21 22 19 25 0 25 23 19 15 22 24
21 15 21 18 18 16 24 25 0 21 22 22 22 22
24 23 15 15 23 18 25 23 21 0 18 16 22 20
24 17 16 16 23 16 17 19 22 18 0 20 15 16
18 17 17 24 19 21 25 15 22 16 20 0 21 23
18 22 20 18 15 25 21 22 22 22 15 21 0 22
19 22 25 25 18 20 23 24 22 20 16 23 22 0
