12
4
148 61 69 93
140 7 28 44
59 80 45 85
36 120 64 46
66 62 144 21
77 3 96 74
129 146 42 120
25 125 7 96
62 96 110 39
57 124 160 15
32 3 67 69
127 7 74 4
0 22 20 23 23 22 22 24 21 24 17 22 25 20
22 0 15 17 18 19 25 23 15 21 23 20 16 18
20 15 0 16 25 23 15 21 25 21 21 19 25 16
23 17 16 0 19 20 16 18 24 23 16 25 17 21
23 18 25 19 0 21 25 22 25 24 19 25 18 22
22 19 23 20 21 0 15 18 23 25 16 20 21 20
22 25 15 16 25 15 0 17 16 15 21 25 15 16
24 23 21 18 22 18 17 0 24 15 21 23 25 19
21 15 25 24 25 23 16 24 0 15 18 24 19 18
24 21 21 23 24 25 15 15 15 0 25 21 22 17
17 23 21 16 19 16 21 21 18 25 0 16 18 25
22 20 19 25 25 20 25 23 24 21 16 0 17 15
25 16 25 17 18 21 15 25 19 22 18 17 0 24
20 18 16 21 22 20 16 19 18 17 25 15 24 0
