12
7
24 43 59 37 7 34 1 23 54 66 57 1
0 20 18 19 21 19 19 24 21 20 17 16 17 17
20 0 23 25 24 21 15 18 18 25 16 23 21 18
18 23 0 22 15 17 24 20 20 23 23 24 18 21
19 25 22 0 25 22 21 25 15 20 17 24 15 17
21 24 15 25 0 15 18 21 15 19 17 25 25 15
19 21 17 22 15 0 19 16 18 23 17 21 20 18
19 15 24 21 18 19 0 21 23 23 15 24 21 18
24 18 20 25 21 16 21 0 25 17 22 19 22 19
21 18 20 15 15 18 23 25 0 19 15 25 25 17
20 25 23 20 19 23 23 17 19 0 25 17 22 17
17 16 23 17 17 17 15 22 15 25 0 20 18 15
16 23 24 24 25 21 24 19 25 17 20 0 18 22
17 21 18 15 25 20 21 22 25 22 18 18 0 22
17 18 21 17 15 18 18 19 17 17 15 22 22 0
