12
15
39 78 66 80 78 71 54 105 49 17 3 67
0 24 15 20 18 21 20 21 22 15 23 19 25 19
24 0 15 24 24 21 20 15 16 22 21 17 22 19
15 15 0 16 19 24 21 24 17 23 23 24 22 20
20 24 16 0 20 23 21 21 16 23 15 23 25 16
18 24 19 20 0 22 20 22 22 17 18 18 16 23
21 21 24 23 22 0 16 20 23 24 24 23 20 16
20 20 21 21 20 16 0 22 21 20 18 19 16 23
21 15 24 21 22 20 22 0 17 24 18 20 25 19
22 16 17 16 22 23 21 17 0 22 21 19 23 21
15 22 23 23 17 24 20 24 22 0 17 23 18 19
23 21 23 15 18 24 18 18 21 17 0 24 22 18
19 17 24 23 18 23 19 20 19 23 24 0 25 17
25 22 22 25 16 20 16 25 23 18 22 25 0 23
19 19 20 16 23 16 23 19 21 19 18 17 23 0
