12
16
36 50 96 100 2 89 79 105 114 80 24 119
0 20 24 25 18 23 22 25 20 15 23 24 24 24
20 0 18 19 24 16 18 15 21 15 20 16 17 21
24 18 0 20 15 19 20 15 23 19 18 25 22 18
25 19 20 0 25 20 21 22 22 18 25 25 18 17
18 24 15 25 0 22 16 16 22 18 17 18 25 23
23 16 19 20 22 0 22 20 25 20 21 17 24 17
22 18 20 21 16 22 0 20 23 17 25 18 24 20
25 15 15 22 16 20 20 0 25 22 24 21 21 21
20 21 23 22 22 25 23 25 0 19 17 16 21 25
15 15 19 18 18 20 17 22 19 0 21 15 21 22
23 20 18 25 17 21 25 24 17 21 0 17 17 16
24 16 25 25 18 17 18 21 16 15 17 0 22 24
24 17 22 18 25 24 24 21 21 21 17 22 0 19
24 21 18 17 23 17 20 21 25 22 16 24 19 0
