12
14
64 62 23 23 53 67 68 18 37 41 68 52 60 51
64 69 29 33 4 66 13 64 24 25 5 74 31 3
74 14 51 37 33 71 73 38 78 10 10 14 30 29
39 55 64 48 49 41 61 26 12 61 5 59 10 60
12 79 21 48 45 62 70 60 4 2 27 2 40 28
20 43 25 39 50 37 62 24 13 80 13 31 67 77
32 42 78 68 49 62 79 11 22 36 66 57 11 65
38 66 78 40 62 20 13 21 72 71 11 66 47 48
11 37 16 26 32 33 72 74 49 13 75 57 42 67
36 5 49 48 1 73 11 72 25 61 80 48 68 20
47 73 41 29 22 56 67 74 38 23 66 27 40 47
31 10 65 52 55 36 41 55 21 19 77 43 49 63
0 16 22 20 22 15 17 24 16 16 20 20 20 21
16 0 19 24 22 15 24 22 22 25 16 24 19 25
22 19 0 25 15 24 16 25 16 23 23 15 25 24
20 24 25 0 18 21 20 21 23 25 19 16 22 15
22 22 15 18 0 15 22 15 21 25 22 23 18 18
15 15 24 21 15 0 15 22 24 23 21 17 21 25
17 24 16 20 22 15 0 24 17 24 24 19 23 15
24 22 25 21 15 22 24 0 25 21 23 15 25 21
16 22 16 23 21 24 17 25 0 17 19 19 15 21
16 25 23 25 25 23 24 21 17 0 20 16 17 19
20 16 23 19 22 21 24 23 19 20 0 22 25 19
20 24 15 16 23 17 19 15 19 16 22 0 16 18
20 19 25 22 18 21 23 25 15 17 25 16 0 18
21 25 24 15 18 25 15 21 21 19 19 18 18 0
