12
13
14 17 26 38 17 29 14 17 37 27 21 2
0 18 22 15 20 19 23 21 22 21 18 20 15 22
18 0 17 17 24 22 17 16 16 24 21 20 21 21
22 17 0 22 23 25 20 16 16 16 22 17 25 21
15 17 22 0 16 16 20 25 19 22 25 19 25 16
20 24 23 16 0 23 23 22 19 24 25 17 16 19
19 22 25 16 23 0 20 15 20 22 20 24 24 20
23 17 20 20 23 20 0 19 21 21 17 15 19 15
21 16 16 25 22 15 19 0 22 20 25 24 15 18
22 16 16 19 19 20 21 22 0 18 25 15 23 24
21 24 16 22 24 22 21 20 18 0 22 23 15 20
18 21 22 25 25 20 17 25 25 22 0 16 20 23
20 20 17 19 17 24 15 24 15 23 16 0 19 15
15 21 25 25 16 24 19 15 23 15 20 19 0 19
22 21 21 16 19 20 15 18 24 20 23 15 19 0
