12
4
72 80 79 4
70 43 79 74
52 73 10 32
66 4 56 60
33 8 23 66
9 23 60 79
79 6 21 18
26 52 28 53
50 67 63 36
74 7 29 21
61 56 11 79
42 15 15 39
0 21 16 24 18 22 20 22 23 24 24 21 18 16
21 0 18 21 21 22 19 25 21 17 15 21 21 25
16 18 0 22 16 18 16 21 16 19 20 23 21 24
24 21 22 0 22 19 20 21 25 15 22 24 15 19
18 21 16 22 0 15 21 25 18 23 21 25 21 15
22 22 18 19 15 0 16 24 15 15 23 23 25 21
20 19 16 20 21 16 0 24 22 21 25 19 25 24
22 25 21 21 25 24 24 0 16 18 19 20 23 18
23 21 16 25 18 15 22 16 0 25 24 19 16 15
24 17 19 15 23 15 21 18 25 0 15 23 23 20
24 15 20 22 21 23 25 19 24 15 0 15 24 21
21 21 23 24 25 23 19 20 19 23 15 0 17 18
18 21 21 15 21 25 25 23 16 23 24 17 0 19
16 25 24 19 15 21 24 18 15 20 21 18 19 0
