12
13
36 92 77 47 23 114 72 53 98 67 66 50
0 19 21 17 24 21 16 16 20 25 19 16 21 16
19 0 24 22 25 20 18 24 18 24 15 24 22 18
21 24 0 17 16 19 22 23 22 18 19 17 22 25
17 22 17 0 23 16 22 23 17 20 16 17 25 15
24 25 16 23 0 15 21 17 21 17 15 24 20 21
21 20 19 16 15 0 22 17 21 22 20 23 23 25
16 18 22 22 21 22 0 15 25 24 21 24 17 19
16 24 23 23 17 17 15 0 23 19 24 18 25 16
20 18 22 17 21 21 25 23 0 25 20 23 22 20
25 24 18 20 17 22 24 19 25 0 23 25 17 22
19 15 19 16 15 20 21 24 20 23 0 17 16 20
16 24 17 17 24 23 24 18 23 25 17 0 22 24
21 22 22 25 20 23 17 25 22 17 16 22 0 24
16 18 25 15 21 25 19 16 20 22 20 24 24 0
