12
18
16 38 25 49 7 55 57 45 74 4 68 57 30 47 50 29 28 67
67 80 65 74 47 64 31 18 63 34 19 13 49 54 51 25 26 23
49 58 54 2 53 2 77 34 40 30 73 20 15 58 15 11 55 54
66 39 41 3 4 3 72 76 25 48 69 64 40 61 4 38 28 15
25 7 76 37 39 19 42 21 56 64 2 34 61 15 69 70 76 63
27 70 76 74 41 19 79 9 55 36 22 58 73 52 34 63 60 74
64 9 30 44 4 48 1 57 75 21 7 46 30 39 3 57 62 13
22 17 44 26 61 43 21 39 17 57 36 50 13 30 74 72 9 38
48 75 31 63 69 53 16 5 54 36 47 56 13 71 13 13 15 5
32 3 4 34 5 28 16 1 27 40 3 22 18 12 44 37 21 68
10 15 55 47 55 19 57 13 60 18 46 10 64 38 54 75 31 41
33 76 68 55 21 20 39 43 10 28 11 40 15 58 61 23 44 57
0 21 17 23 17 22 24 21 25 16 20 22 25 23
21 0 17 20 18 23 15 16 25 22 21 19 24 22
17 17 0 18 23 24 22 24 23 18 25 24 15 25
23 20 18 0 23 24 21 24 15 17 20 19 25 22
17 18 23 23 0 15 25 21 19 22 18 20 17 22
22 23 24 24 15 0 22 23 18 20 25 22 19 19
24 15 22 21 25 22 0 21 25 25 20 18 23 18
21 16 24 24 21 23 21 0 16 21 16 23 21 20
25 25 23 15 19 18 25 16 0 18 23 20 20 23
16 22 18 17 22 20 25 21 18 0 15 19 17 20
20 21 25 20 18 25 20 16 23 15 0 18 17 23
22 19 24 19 20 22 18 23 20 19 18 0 19 20
25 24 15 25 17 19 23 21 20 17 17 19 0 16
23 22 25 22 22 19 18 20 23 20 23 20 16 0
