12
9
111 98 47 26 3 57 40 93 84 56 64 80
0 25 19 25 16 23 25 18 22 18 25 24 24 15
25 0 23 17 20 16 22 18 21 21 20 17 25 25
19 23 0 20 25 17 24 25 19 16 17 23 20 17
25 17 20 0 18 23 18 23 20 18 22 25 17 25
16 20 25 18 0 17 25 16 17 20 25 16 23 21
23 16 17 23 17 0 17 19 24 24 22 20 20 18
25 22 24 18 25 17 0 20 17 21 15 16 21 20
18 18 25 23 16 19 20 0 24 18 21 17 19 15
22 21 19 20 17 24 17 24 0 20 24 22 21 15
18 21 16 18 20 24 21 18 20 0 18 20 21 18
25 20 17 22 25 22 15 21 24 18 0 17 18 24
24 17 23 25 16 20 16 17 22 20 17 0 22 24
24 25 20 17 23 20 21 19 21 21 18 22 0 23
15 25 17 25 21 18 20 15 15 18 24 24 23 0
