12
8
18 25 22 22 30 26 32 39
34 27 27 23 14 39 13 40
18 2 11 5 7 22 4 20
5 15 24 2 32 25 22 4
23 27 24 10 39 13 10 5
7 39 15 12 40 38 8 37
13 13 4 29 3 3 3 36
27 18 28 26 17 13 17 19
24 40 32 1 21 17 28 15
37 23 26 40 10 2 16 6
21 2 10 13 18 20 21 32
28 35 15 5 8 3 40 4
0 18 16 18 20 22 21 22 23 21 25 15 19 18
18 0 17 23 24 25 25 23 17 22 23 17 24 15
16 17 0 25 15 18 19 16 17 23 17 20 17 25
18 23 25 0 18 18 17 25 20 19 24 22 24 23
20 24 15 18 0 16 16 19 25 23 20 24 17 15
22 25 18 18 16 0 23 24 18 15 25 21 18 17
21 25 19 17 16 23 0 23 20 16 17 17 23 20
22 23 16 25 19 24 23 0 22 17 15 19 22 25
23 17 17 20 25 18 20 22 0 20 23 19 25 16
21 22 23 19 23 15 16 17 20 0 16 16 23 23
25 23 17 24 20 25 17 15 23 16 0 18 15 17
15 17 20 22 24 21 17 19 19 16 18 0 23 19
19 24 17 24 17 18 23 22 25 23 15 23 0 22
18 15 25 23 15 17 20 25 16 23 17 19 22 0
