12
12
20 43 25 38 87 38 10 115 45 93 12 42
0 18 16 20 25 16 20 23 25 21 19 25 25 17
18 0 18 18 25 17 24 17 24 15 24 21 20 23
16 18 0 17 15 19 18 21 16 17 15 24 19 22
20 18 17 0 25 22 19 17 22 17 21 15 20 23
25 25 15 25 0 19 17 16 19 22 15 22 15 16
16 17 19 22 19 0 23 19 21 21 17 23 15 16
20 24 18 19 17 23 0 17 15 24 15 22 15 15
23 17 21 17 16 19 17 0 23 20 19 18 15 15
25 24 16 22 19 21 15 23 0 17 20 15 20 22
21 15 17 17 22 21 24 20 17 0 23 22 19 17
19 24 15 21 15 17 15 19 20 23 0 25 25 21
25 21 24 15 22 23 22 18 15 22 25 0 24 16
25 20 19 20 15 15 15 15 20 19 25 24 0 19
17 23 22 23 16 16 15 15 22 17 21 16 19 0
