12
24
1 4 9 22 16 25 6 27 33 22 10 8 3 19 25 2 22 5 25 34 34 1 32 14
6 4 9 3 30 16 32 35 28 11 27 31 1 17 7 5 34 25 11 40 22 38 31 5
14 33 24 36 16 8 20 37 26 3 3 14 11 11 18 13 11 33 12 16 9 6 4 19
11 32 5 24 15 5 4 10 11 9 27 35 12 9 10 18 6 29 19 13 5 32 35 10
37 25 30 16 5 37 17 30 22 11 17 39 1 15 9 21 7 23 13 21 39 21 14 29
9 18 3 36 11 32 27 27 21 15 6 11 36 21 36 21 37 15 18 15 25 31 39 18
4 7 8 9 23 12 34 14 13 9 10 16 9 12 2 26 39 35 32 20 17 3 27 31
26 2 38 11 24 27 16 32 4 21 31 2 35 40 24 11 39 3 34 13 34 35 9 4
3 27 11 20 17 36 26 14 28 10 20 8 11 2 35 23 19 15 28 28 25 32 32 12
37 17 37 25 29 19 10 7 19 26 16 40 37 30 35 37 9 9 36 26 14 3 4 5
36 36 11 36 5 18 30 38 21 31 22 22 7 15 28 27 37 31 21 31 17 6 1 34
25 1 20 8 38 18 27 13 1 22 40 37 4 6 13 17 35 27 2 36 4 21 35 27
0 24 18 23 22 19 21 25 22 15 18 23 23 25
24 0 25 18 17 23 23 16 20 19 25 18 22 22
18 25 0 15 20 18 22 18 18 16 21 21 16 22
23 18 15 0 18 15 16 16 19 20 25 20 15 23
22 17 20 18 0 22 17 21 24 23 17 21 20 24
19 23 18 15 22 0 22 24 25 24 24 21 22 19
21 23 22 16 17 22 0 16 21 23 20 23 22 17
25 16 18 16 21 24 16 0 18 20 24 22 25 20
22 20 18 19 24 25 21 18 0 20 17 21 17 19
15 19 16 20 23 24 23 20 20 0 20 15 25 20
18 25 21 25 17 24 20 24 17 20 0 22 21 22
23 18 21 20 21 21 23 22 21 15 22 0 19 21
23 22 16 15 20 22 22 25 17 25 21 19 0 20
25 22 22 23 24 19 17 20 19 20 22 21 20 0
