12
8
47 9 123 23 61 11 52 54
101 75 72 66 154 133 143 70
117 106 81 120 101 16 35 149
85 136 54 128 89 112 157 2
108 78 94 56 20 35 160 68
84 104 41 126 111 19 83 124
12 112 36 111 24 134 80 45
152 27 90 106 72 122 134 25
36 43 126 63 45 3 127 114
143 65 158 144 73 64 160 12
148 21 114 121 148 63 32 26
94 137 140 50 112 44 60 128
0 20 23 20 22 25 22 23 22 20 15 18 24 23
20 0 23 19 24 24 25 20 16 25 25 21 20 25
23 23 0 16 19 24 25 21 21 19 24 17 25 21
20 19 16 0 17 20 15 21 15 21 25 22 23 16
22 24 19 17 0 23 24 24 25 20 24 24 17 19
25 24 24 20 23 0 24 19 15 23 22 16 17 21
22 25 25 15 24 24 0 23 17 20 21 24 21 16
23 20 21 21 24 19 23 0 16 21 16 22 24 17
22 16 21 15 25 15 17 16 0 18 25 20 20 24
20 25 19 21 20 23 20 21 18 0 21 16 18 18
15 25 24 25 24 22 21 16 25 21 0 23 25 15
18 21 17 22 24 16 24 22 20 16 23 0 17 25
24 20 25 23 17 17 21 24 20 18 25 17 0 22
23 25 21 16 19 21 16 17 24 18 15 25 22 0
