12
20
101 108 93 86 82 55 50 28 46 65 42 28 49 13 49 65 11 70 21 64
51 88 82 19 114 119 15 45 100 42 21 39 89 56 59 12 84 15 104 115
6 67 38 11 33 34 15 64 90 36 85 113 78 71 43 14 58 79 8 86
67 97 111 57 119 10 89 1 101 27 12 70 24 7 71 66 51 88 102 52
52 8 62 89 89 113 47 83 56 51 6 120 18 103 107 93 11 91 98 30
89 60 14 22 13 87 99 80 27 32 100 58 60 31 46 50 4 66 68 120
4 13 14 74 67 2 31 5 36 118 74 31 13 77 77 79 117 29 107 16
88 22 83 50 72 17 84 52 63 41 110 42 116 17 78 4 37 113 54 82
25 108 48 93 1 7 11 109 89 94 67 18 111 103 40 94 50 92 1 28
63 96 116 83 86 36 85 53 95 73 49 37 4 26 37 72 33 86 82 26
112 51 67 91 40 1 101 45 72 25 29 57 10 118 47 62 106 80 20 46
73 79 86 32 37 46 22 40 92 60 87 8 100 94 46 39 27 104 58 53
0 15 17 21 17 19 25 22 20 23 20 25 24 18
15 0 16 18 25 17 25 15 19 22 15 23 17 17
17 16 0 17 19 22 21 22 22 20 16 20 21 16
21 18 17 0 17 23 23 15 19 19 16 17 21 21
17 25 19 17 0 22 16 25 23 19 24 22 19 21
19 17 22 23 22 0 23 15 20 23 24 18 17 25
25 25 21 23 16 23 0 21 19 15 18 21 23 19
22 15 22 15 25 15 21 0 24 15 18 22 25 18
20 19 22 19 23 20 19 24 0 20 19 19 24 17
23 22 20 19 19 23 15 15 20 0 19 17 20 20
20 15 16 16 24 24 18 18 19 19 0 19 15 22
25 23 20 17 22 18 21 22 19 17 19 0 17 17
24 17 21 21 19 17 23 25 24 20 15 17 0 20
18 17 16 21 21 25 19 18 17 20 22 17 20 0
