12
6
37 29 15 8 27 10 26 25 17 19 21 23
0 22 24 19 24 24 19 20 24 15 23 21 23 18
22 0 16 15 15 20 19 15 24 20 23 25 15 25
24 16 0 16 18 18 16 15 19 17 18 18 15 21
19 15 16 0 18 25 18 18 20 25 17 24 23 20
24 15 18 18 0 19 16 24 23 17 22 16 25 23
24 20 18 25 19 0 17 23 19 22 20 24 19 21
19 19 16 18 16 17 0 17 16 22 16 16 15 16
20 15 15 18 24 23 17 0 17 19 25 23 18 23
24 24 19 20 23 19 16 17 0 20 21 23 18 21
15 20 17 25 17 22 22 19 20 0 20 15 24 15
23 23 18 17 22 20 16 25 21 20 0 25 23 22
21 25 18 24 16 24 16 23 23 15 25 0 21 20
23 15 15 23 25 19 15 18 18 24 23 21 0 18
18 25 21 20 23 21 16 23 21 15 22 20 18 0
