12
9
75 47 6 29 94 86 75 67 69 7 55 53
0 21 22 17 23 19 24 20 23 24 18 19 21 21
21 0 19 20 20 22 20 23 21 23 18 23 15 24
22 19 0 21 22 16 23 15 25 24 19 18 18 15
17 20 21 0 19 24 16 21 16 20 24 20 25 18
23 20 22 19 0 15 16 23 19 21 23 18 24 17
19 22 16 24 15 0 18 18 22 16 18 21 23 25
24 20 23 16 16 18 0 18 19 25 18 17 24 22
20 23 15 21 23 18 18 0 24 15 15 20 24 24
23 21 25 16 19 22 19 24 0 15 24 21 21 19
24 23 24 20 21 16 25 15 15 0 25 18 17 25
18 18 19 24 23 18 18 15 24 25 0 20 17 22
19 23 18 20 18 21 17 20 21 18 20 0 18 19
21 15 18 25 24 23 24 24 21 17 17 18 0 18
21 24 15 18 17 25 22 24 19 25 22 19 18 0
