12
12
18 54 18 3 8 18 29 35 66 53 72 23
0 17 18 22 25 18 19 19 15 22 20 19 17 16
17 0 25 17 16 16 24 23 20 16 23 17 19 17
18 25 0 23 22 15 21 19 16 19 22 16 16 22
22 17 23 0 19 25 15 15 25 20 21 25 15 19
25 16 22 19 0 20 25 17 20 23 24 24 17 21
18 16 15 25 20 0 16 19 23 16 21 22 15 20
19 24 21 15 25 16 0 19 20 20 16 20 19 15
19 23 19 15 17 19 19 0 18 22 20 18 25 18
15 20 16 25 20 23 20 18 0 25 16 25 22 25
22 16 19 20 23 16 20 22 25 0 25 19 24 15
20 23 22 21 24 21 16 20 16 25 0 18 19 23
19 17 16 25 24 22 20 18 25 19 18 0 16 18
17 19 16 15 17 15 19 25 22 24 19 16 0 18
16 17 22 19 21 20 15 18 25 15 23 18 18 0
