12
14
66 143 15 80 117 34 12 97 25 65 69 110 68 45
77 134 106 118 148 141 17 77 56 125 87 99 102 47
62 131 19 87 137 113 153 104 45 39 94 23 86 95
124 160 158 26 134 11 63 147 46 128 111 135 18 73
116 30 142 42 28 54 27 28 20 39 5 42 16 58
53 60 122 53 131 31 100 150 80 20 137 119 85 35
124 94 116 152 152 142 115 72 71 101 152 27 115 103
156 145 115 143 105 15 2 26 157 101 20 131 15 109
62 44 45 56 46 3 90 26 91 11 33 60 12 60
28 25 55 13 136 116 79 8 141 102 7 42 62 133
50 53 33 14 125 56 4 5 8 25 79 90 65 133
110 116 70 59 120 41 31 145 125 98 81 54 143 136
0 18 15 18 20 25 24 23 17 18 21 21 24 21
18 0 22 19 22 24 18 17 24 20 16 25 18 18
15 22 0 16 15 19 23 18 20 25 25 24 20 19
18 19 16 0 19 18 23 19 25 24 20 24 21 24
20 22 15 19 0 16 25 25 22 15 16 19 20 21
25 24 19 18 16 0 21 22 21 17 25 16 18 19
24 18 23 23 25 21 0 23 15 25 24 22 21 23
23 17 18 19 25 22 23 0 20 20 24 19 24 24
17 24 20 25 22 21 15 20 0 21 16 15 21 25
18 20 25 24 15 17 25 20 21 0 16 17 22 21
21 16 25 20 16 25 24 24 16 16 0 25 23 15
21 25 24 24 19 16 22 19 15 17 25 0 25 21
24 18 20 21 20 18 21 24 21 22 23 25 0 25
21 18 19 24 21 19 23 24 25 21 15 21 25 0
