12
5
50 123 115 38 92 39 108 43 72 133 108 148
0 25 19 21 16 25 25 15 21 21 21 18 25 18
25 0 22 24 18 23 21 17 23 21 18 16 19 15
19 22 0 16 24 23 24 16 17 16 16 24 23 21
21 24 16 0 17 25 19 17 22 19 18 20 25 24
16 18 24 17 0 19 19 21 17 22 22 20 24 16
25 23 23 25 19 0 22 18 19 24 21 25 16 21
25 21 24 19 19 22 0 21 15 21 21 23 17 18
15 17 16 17 21 18 21 0 17 15 25 22 17 25
21 23 17 22 17 19 15 17 0 17 23 19 21 17
21 21 16 19 22 24 21 15 17 0 18 23 20 22
21 18 16 18 22 21 21 25 23 18 0 16 15 21
18 16 24 20 20 25 23 22 19 23 16 0 19 20
25 19 23 25 24 16 17 17 21 20 15 19 0 25
18 15 21 24 16 21 18 25 17 22 21 20 25 0
