12
20
55 101 71 46 4 110 20 81 52 102 25 96 116 43 21 106 53 18 69 70
61 74 26 77 105 1 37 17 104 116 66 32 87 83 70 7 99 19 98 33
2 90 114 71 96 97 40 111 117 75 85 74 83 78 58 87 45 67 29 108
109 35 45 90 54 75 89 65 29 90 67 52 37 23 27 29 15 105 59 9
59 40 38 18 29 113 102 28 17 108 36 108 53 54 95 83 71 95 44 41
6 76 7 111 75 72 81 100 104 30 95 39 77 103 118 89 101 72 65 117
27 69 11 95 6 64 100 69 10 113 54 23 34 91 46 46 108 64 29 39
98 108 81 98 49 84 44 58 28 70 20 15 117 100 43 4 109 34 115 118
7 102 94 86 15 119 101 21 92 106 117 94 120 99 30 109 65 59 81 108
12 60 18 109 14 35 40 76 67 20 20 5 83 43 99 109 89 62 104 93
91 111 81 111 114 16 14 3 74 6 4 53 50 44 12 97 96 30 54 1
67 38 90 118 7 43 71 87 58 40 36 103 106 5 67 115 8 55 70 119
0 25 18 21 18 23 17 16 16 23 23 25 22 18
25 0 24 24 24 20 20 15 23 19 15 22 15 24
18 24 0 19 18 24 19 25 16 21 23 18 17 23
21 24 19 0 16 20 24 22 25 23 23 24 20 15
18 24 18 16 0 20 24 20 22 25 17 22 18 17
23 20 24 20 20 0 19 19 22 18 22 19 17 19
17 20 19 24 24 19 0 16 15 24 17 19 19 22
16 15 25 22 20 19 16 0 21 24 23 25 22 23
16 23 16 25 22 22 15 21 0 21 22 19 21 18
23 19 21 23 25 18 24 24 21 0 25 22 19 21
23 15 23 23 17 22 17 23 22 25 0 19 18 24
25 22 18 24 22 19 19 25 19 22 19 0 20 19
22 15 17 20 18 17 19 22 21 19 18 20 0 18
18 24 23 15 17 19 22 23 18 21 24 19 18 0
