12
18
20 6 30 31 39 21 29 30 4 13 19 17 35 34 14 21 23 2
9 5 3 22 37 4 30 40 31 7 21 1 17 28 39 21 31 32
15 38 27 26 5 28 30 30 7 4 27 6 2 39 36 6 32 10
18 1 18 14 29 3 22 16 24 1 13 2 36 11 19 28 21 13
20 23 23 4 36 24 3 15 16 9 15 34 23 16 18 24 5 28
40 11 8 14 9 21 18 23 27 17 38 13 4 9 13 35 16 4
9 21 40 12 2 29 35 19 15 13 20 11 22 19 28 28 29 16
37 25 10 3 6 11 30 19 5 17 9 18 17 16 37 36 13 20
21 12 28 9 3 36 10 31 35 27 11 23 3 5 3 27 1 25
14 9 6 14 15 3 28 40 1 21 35 40 23 23 12 18 1 23
24 13 21 14 4 5 1 30 13 35 31 22 13 10 39 29 30 6
30 35 19 7 26 18 14 34 13 9 13 39 23 36 23 17 31 25
0 18 23 17 25 25 16 21 23 23 15 17 17 16
18 0 22 17 20 17 24 15 15 23 22 15 17 22
23 22 0 23 17 15 17 23 21 18 17 16 23 23
17 17 23 0 15 24 20 20 19 21 23 25 21 15
25 20 17 15 0 17 25 16 22 21 22 22 18 18
25 17 15 24 17 0 15 19 25 23 16 24 20 23
16 24 17 20 25 15 0 20 15 22 15 18 23 25
21 15 23 20 16 19 20 0 22 25 24 15 16 20
23 15 21 19 22 25 15 22 0 23 25 19 20 25
23 23 18 21 21 23 22 25 23 0 24 17 21 25
15 22 17 23 22 16 15 24 25 24 0 23 23 15
17 15 16 25 22 24 18 15 19 17 23 0 23 16
17 17 23 21 18 20 23 16 20 21 23 23 0 22
16 22 23 15 18 23 25 20 25 25 15 16 22 0
