12
10
62 80 34 117 58 5 15 114 22 43
115 45 20 52 74 46 52 36 103 36
103 119 40 85 57 1 25 98 66 30
112 83 10 94 19 118 14 5 42 25
102 108 58 33 71 71 16 50 23 62
116 64 50 2 94 119 47 48 16 104
8 55 46 32 101 86 64 4 38 72
67 44 87 33 100 61 112 80 25 12
72 50 3 77 59 69 55 2 105 46
106 83 57 20 76 76 22 105 80 43
112 110 21 48 106 51 64 44 18 24
50 66 29 73 38 46 68 40 110 5
0 20 22 25 22 16 20 19 21 16 16 24 18 25
20 0 23 19 15 15 25 23 21 23 20 16 19 23
22 23 0 25 22 25 24 20 21 22 23 25 23 25
25 19 25 0 21 22 22 21 17 18 24 23 21 21
22 15 22 21 0 25 23 21 15 15 25 20 17 20
16 15 25 22 25 0 24 19 20 18 15 17 24 22
20 25 24 22 23 24 0 23 22 22 19 17 21 25
19 23 20 21 21 19 23 0 18 17 22 23 22 21
21 21 21 17 15 20 22 18 0 17 17 23 20 25
16 23 22 18 15 18 22 17 17 0 23 17 18 25
16 20 23 24 25 15 19 22 17 23 0 21 23 20
24 16 25 23 20 17 17 23 23 17 21 0 18 20
18 19 23 21 17 24 21 22 20 18 23 18 0 16
25 23 25 21 20 22 25 21 25 25 20 20 16 0
