12
15
38 80 62 44 53 39 65 72 52 42 6 74
0 23 20 17 18 25 19 19 19 23 24 16 15 15
23 0 21 19 20 24 25 17 24 17 25 22 16 19
20 21 0 23 19 19 24 25 15 18 19 25 22 25
17 19 23 0 20 24 25 20 16 21 24 16 21 24
18 20 19 20 0 25 23 20 18 25 18 22 25 24
25 24 19 24 25 0 22 15 19 20 22 19 22 15
19 25 24 25 23 22 0 23 24 21 22 16 15 18
19 17 25 20 20 15 23 0 23 16 16 17 17 18
19 24 15 16 18 19 24 23 0 20 19 25 23 16
23 17 18 21 25 20 21 16 20 0 22 22 21 23
24 25 19 24 18 22 22 16 19 22 0 15 17 17
16 22 25 16 22 19 16 17 25 22 15 0 17 19
15 16 22 21 25 22 15 17 23 21 17 17 0 19
15 19 25 24 24 15 18 18 16 23 17 19 19 0
