12
11
22 115 47 94 117 23 120 62 25 88 119 24
0 20 20 24 20 20 19 23 23 22 16 23 15 25
20 0 19 25 18 22 21 23 20 25 23 22 24 24
20 19 0 19 22 22 21 20 18 24 15 20 24 21
24 25 19 0 19 25 16 25 25 20 17 25 21 25
20 18 22 19 0 20 25 16 22 24 20 19 20 16
20 22 22 25 20 0 16 24 22 23 24 23 17 24
19 21 21 16 25 16 0 25 20 17 21 16 20 22
23 23 20 25 16 24 25 0 25 25 23 21 23 18
23 20 18 25 22 22 20 25 0 19 20 24 19 23
22 25 24 20 24 23 17 25 19 0 16 19 15 23
16 23 15 17 20 24 21 23 20 16 0 21 21 15
23 22 20 25 19 23 16 21 24 19 21 0 18 24
15 24 24 21 20 17 20 23 19 15 21 18 0 21
25 24 21 25 16 24 22 18 23 23 15 24 21 0
