12
18
80 33 12 27 24 11 30 5 49 22 37 77 46 77 65 29 58 68
71 6 20 42 26 10 70 74 28 70 57 3 59 39 37 75 77 77
14 23 67 12 9 77 43 57 40 75 56 2 19 67 27 6 43 27
2 42 69 59 18 45 61 42 69 50 74 31 43 40 19 52 37 75
14 1 30 40 68 36 39 70 59 15 33 74 73 36 29 13 50 8
30 52 45 31 4 62 75 49 69 4 51 41 18 16 37 29 8 75
79 58 4 17 35 66 11 19 24 63 69 64 18 3 77 68 30 25
22 44 35 16 66 31 48 47 54 14 28 43 37 2 45 6 25 49
28 70 27 36 15 67 57 60 8 64 43 76 75 27 11 12 21 56
59 37 72 6 30 42 76 59 60 21 10 1 47 73 31 11 36 22
30 24 22 5 70 59 9 50 76 46 57 42 58 71 59 18 60 1
41 55 46 50 44 26 30 58 74 24 56 32 14 65 47 24 25 61
0 19 18 23 20 19 17 25 19 23 21 15 16 23
19 0 23 21 23 23 23 25 19 25 19 23 15 17
18 23 0 22 22 16 18 20 19 18 20 19 15 17
23 21 22 0 19 15 15 22 15 15 20 15 21 20
20 23 22 19 0 15 21 16 18 23 18 19 25 25
19 23 16 15 15 0 20 22 24 21 19 16 23 24
17 23 18 15 21 20 0 22 19 24 20 24 18 16
25 25 20 22 16 22 22 0 22 18 19 16 22 20
19 19 19 15 18 24 19 22 0 16 24 19 24 15
23 25 18 15 23 21 24 18 16 0 21 25 24 21
21 19 20 20 18 19 20 19 24 21 0 21 16 15
15 23 19 15 19 16 24 16 19 25 21 0 21 22
16 15 15 21 25 23 18 22 24 24 16 21 0 21
23 17 17 20 25 24 16 20 15 21 15 22 21 0
