12
26
49 67 7 56 68 42 40 40 18 33 55 46 70 47 40 4 40 72 75 44 79 79 65 78 57 44
16 51 62 21 14 78 43 47 6 48 73 56 38 58 22 25 46 28 25 29 9 69 45 16 36 7
14 16 69 55 42 21 26 47 45 44 13 57 54 54 39 80 48 19 79 14 7 35 38 51 56 71
16 27 73 11 79 9 74 35 63 5 20 39 22 62 40 34 8 39 41 48 47 24 3 26 57 60
75 44 77 80 14 33 47 49 54 48 14 38 14 80 63 25 4 37 16 53 68 79 66 16 49 47
63 76 61 65 4 76 2 61 73 66 75 43 55 17 78 10 26 57 37 62 80 31 3 60 73 70
36 6 56 38 65 55 32 24 18 12 1 59 56 24 9 28 35 50 75 62 16 57 80 14 69 6
58 60 69 8 76 60 5 67 76 73 68 78 25 27 34 28 53 31 14 8 64 32 10 10 7 48
73 8 41 49 74 45 32 50 14 55 16 40 39 37 48 61 22 73 52 57 54 25 3 57 6 74
40 46 52 47 60 78 20 10 45 56 27 10 35 66 16 57 72 29 45 73 20 14 39 64 9 59
66 8 39 32 75 15 6 68 77 26 66 37 74 47 77 32 49 40 65 61 24 65 75 66 41 42
41 76 11 65 5 31 73 33 23 72 64 32 27 39 25 45 55 33 31 47 60 43 40 47 69 58
0 22 21 25 20 17 19 17 24 20 16 16 18 22
22 0 16 19 18 16 21 23 22 20 18 15 24 24
21 16 0 17 20 22 21 23 20 17 24 19 18 21
25 19 17 0 19 16 21 19 19 23 25 15 24 25
20 18 20 19 0 22 15 25 15 23 16 20 18 20
17 16 22 16 22 0 21 23 23 15 25 15 20 15
19 21 21 21 15 21 0 18 20 22 20 20 23 22
17 23 23 19 25 23 18 0 20 22 19 21 15 22
24 22 20 19 15 23 20 20 0 15 19 23 18 16
20 20 17 23 23 15 22 22 15 0 18 16 18 21
16 18 24 25 16 25 20 19 19 18 0 25 15 17
16 15 19 15 20 15 20 21 23 16 25 0 19 19
18 24 18 24 18 20 23 15 18 18 15 19 0 17
22 24 21 25 20 15 22 22 16 21 17 19 17 0
