12
7
6 62 105 158 59 118 46 63 136 144 4 78
0 21 21 24 21 18 20 16 23 23 16 17 15 18
21 0 22 22 22 22 21 16 25 25 20 17 16 16
21 22 0 22 23 15 21 25 23 18 21 24 16 21
24 22 22 0 22 20 16 23 21 21 24 18 25 25
21 22 23 22 0 20 16 20 16 25 15 16 25 16
18 22 15 20 20 0 15 22 20 20 24 19 18 23
20 21 21 16 16 15 0 16 20 21 19 18 15 24
16 16 25 23 20 22 16 0 22 21 24 24 15 16
23 25 23 21 16 20 20 22 0 17 20 19 17 17
23 25 18 21 25 20 21 21 17 0 17 22 22 21
16 20 21 24 15 24 19 24 20 17 0 16 17 17
17 17 24 18 16 19 18 24 19 22 16 0 19 23
15 16 16 25 25 18 15 15 17 22 17 19 0 15
18 16 21 25 16 23 24 16 17 21 17 23 15 0
