12
13
35 120 22 98 117 42 8 9 56 61 10 63
0 19 23 23 16 18 25 15 15 15 15 18 20 20
19 0 21 24 23 20 20 18 23 16 20 17 22 22
23 21 0 19 18 19 15 18 16 19 17 18 23 20
23 24 19 0 18 24 24 15 25 19 22 24 17 21
16 23 18 18 0 15 24 22 16 24 20 25 25 24
18 20 19 24 15 0 23 23 23 16 17 20 20 23
25 20 15 24 24 23 0 22 19 19 25 18 21 25
15 18 18 15 22 23 22 0 19 15 16 22 18 18
15 23 16 25 16 23 19 19 0 22 15 24 24 23
15 16 19 19 24 16 19 15 22 0 17 17 25 24
15 20 17 22 20 17 25 16 15 17 0 22 17 24
18 17 18 24 25 20 18 22 24 17 22 0 25 15
20 22 23 17 25 20 21 18 24 25 17 25 0 25
20 22 20 21 24 23 25 18 23 24 24 15 25 0
