12
20
17 32 20 60 46 71 11 29 71 12 79 1 11 52 45 1 76 14 50 72
38 39 61 3 72 45 7 69 17 12 75 31 39 53 29 46 25 73 55 7
41 49 16 2 36 9 42 18 52 59 36 32 46 33 22 67 53 78 36 61
47 37 26 41 27 68 1 80 77 29 6 53 62 54 28 28 27 77 35 40
22 11 29 7 27 11 35 35 41 72 62 31 51 77 37 1 73 42 68 38
21 66 64 9 44 32 22 39 52 65 17 13 10 20 30 32 15 39 51 11
46 55 41 11 47 8 64 66 65 79 54 4 32 12 30 73 4 54 3 16
49 74 80 57 28 12 28 79 23 11 13 20 58 78 80 78 48 53 58 47
17 67 53 3 79 34 60 69 19 4 44 69 64 9 68 54 3 79 39 59
72 48 47 13 52 48 65 10 68 16 35 25 42 33 33 77 20 35 61 17
72 56 48 52 15 64 80 55 49 75 29 68 47 43 11 77 25 25 45 52
29 59 47 55 45 48 35 70 64 55 6 50 60 64 40 80 40 42 2 26
0 19 23 18 22 20 20 17 23 19 23 19 22 21
19 0 17 25 17 23 15 19 15 19 25 17 16 25
23 17 0 23 17 16 25 17 24 19 24 23 16 22
18 25 23 0 18 21 21 21 20 24 15 16 22 20
22 17 17 18 0 19 20 17 19 17 21 19 17 25
20 23 16 21 19 0 19 21 18 16 17 23 25 18
20 15 25 21 20 19 0 21 22 17 19 16 19 17
17 19 17 21 17 21 21 0 18 25 25 17 22 15
23 15 24 20 19 18 22 18 0 15 16 18 16 23
19 19 19 24 17 16 17 25 15 0 15 23 16 19
23 25 24 15 21 17 19 25 16 15 0 19 20 18
19 17 23 16 19 23 16 17 18 23 19 0 24 15
22 16 16 22 17 25 19 22 16 16 20 24 0 20
21 25 22 20 25 18 17 15 23 19 18 15 20 0
