12
4
3 26 27 38 31 21 11 28 37 39 30 15
0 17 19 18 21 21 18 24 23 20 19 17 17 21
17 0 20 25 15 18 19 16 20 15 22 23 24 20
19 20 0 19 16 18 21 22 24 17 25 25 24 20
18 25 19 0 21 19 25 17 16 21 21 17 23 24
21 15 16 21 0 23 22 21 17 20 16 18 23 24
21 18 18 19 23 0 24 20 19 17 21 24 15 25
18 19 21 25 22 24 0 24 22 16 16 21 18 25
24 16 22 17 21 20 24 0 24 22 16 17 16 21
23 20 24 16 17 19 22 24 0 23 15 16 20 18
20 15 17 21 20 17 16 22 23 0 16 19 24 20
19 22 25 21 16 21 16 16 15 16 0 17 17 25
17 23 25 17 18 24 21 17 16 19 17 0 20 18
17 24 24 23 23 15 18 16 20 24 17 20 0 21
21 20 20 24 24 25 25 21 18 20 25 18 21 0
