12
6
1 4 9 22 16 25 6 27 33 22 10 8
0 15 19 21 15 20 16 21 23 23 15 25 22 18
15 0 16 15 17 15 22 18 22 23 21 17 21 22
19 16 0 15 19 16 16 23 25 21 17 24 20 24
21 15 15 0 22 16 18 23 20 23 18 16 19 24
15 17 19 22 0 21 15 15 18 17 17 19 18 17
20 15 16 16 21 0 23 17 18 17 16 15 19 17
16 22 16 18 15 23 0 22 16 20 18 16 15 17
21 18 23 23 15 17 22 0 17 17 21 23 17 17
23 22 25 20 18 18 16 17 0 17 19 25 16 22
23 23 21 23 17 17 20 17 17 0 19 25 18 16
15 21 17 18 17 16 18 21 19 19 0 22 23 17
25 17 24 16 19 15 16 23 25 25 22 0 24 21
22 21 20 19 18 19 15 17 16 18 23 24 0 22
18 22 24 24 17 17 17 17 22 16 17 21 22 0
