12
8
76 15 53 68 2 15 73 61 66 73 20 47
0 18 21 19 16 19 24 15 24 18 20 18 16 17
18 0 16 24 21 16 22 21 24 20 17 25 20 22
21 16 0 25 15 20 23 17 17 20 22 20 15 18
19 24 25 0 15 21 24 25 18 21 25 16 23 25
16 21 15 15 0 21 23 24 15 20 18 20 18 18
19 16 20 21 21 0 20 22 20 20 20 25 19 23
24 22 23 24 23 20 0 20 25 22 24 18 16 22
15 21 17 25 24 22 20 0 20 20 22 23 15 21
24 24 17 18 15 20 25 20 0 24 15 16 20 20
18 20 20 21 20 20 22 20 24 0 18 22 25 17
20 17 22 25 18 20 24 22 15 18 0 19 17 18
18 25 20 16 20 25 18 23 16 22 19 0 20 22
16 20 15 23 18 19 16 15 20 25 17 20 0 19
17 22 18 25 18 23 22 21 20 17 18 22 19 0
