12
16
38 73 105 99 33 5 18 26 94 110 96 105 63 108 87 69
15 33 61 70 82 2 11 34 25 115 29 84 66 19 35 83
104 38 37 20 91 10 17 14 2 39 96 87 2 80 64 76
100 101 82 25 60 9 70 62 105 8 108 66 40 95 54 97
26 12 48 107 65 15 73 13 113 67 10 28 45 39 16 53
78 71 96 15 101 66 73 38 79 21 23 113 31 68 87 11
109 6 78 95 76 97 80 16 81 90 59 98 60 33 30 59
12 24 50 16 49 61 105 30 106 111 6 33 11 107 29 60
105 117 44 20 107 54 51 78 72 104 115 37 23 56 18 32
26 51 25 7 99 73 71 40 90 38 60 47 82 14 60 63
36 53 39 51 110 41 88 101 32 117 104 119 16 40 70 52
81 88 115 43 87 87 117 94 71 61 75 64 97 91 63 44
0 17 23 19 22 17 17 18 18 20 16 17 23 21
17 0 25 22 23 17 15 24 25 15 23 22 22 17
23 25 0 21 22 22 20 21 20 16 16 23 16 22
19 22 21 0 16 21 24 17 16 23 21 25 16 21
22 23 22 16 0 23 20 21 25 21 23 21 25 24
17 17 22 21 23 0 23 24 15 16 23 16 22 18
17 15 20 24 20 23 0 19 22 21 17 24 15 21
18 24 21 17 21 24 19 0 18 24 17 23 17 25
18 25 20 16 25 15 22 18 0 18 18 23 22 21
20 15 16 23 21 16 21 24 18 0 23 24 25 25
16 23 16 21 23 23 17 17 18 23 0 21 25 20
17 22 23 25 21 16 24 23 23 24 21 0 24 15
23 22 16 16 25 22 15 17 22 25 25 24 0 23
21 17 22 21 24 18 21 25 21 25 20 15 23 0
