12
26
72 1 35 70 21 24 79 3 33 33 35 25 31 13 73 77 25 3 50 51 73 79 26 26 38 33
9 60 4 6 66 22 21 57 57 9 58 79 15 38 56 3 14 20 48 71 75 55 29 5 16 78
30 53 73 57 27 68 70 39 7 31 5 35 16 32 13 51 47 78 21 53 69 72 38 2 63 74
54 63 62 58 60 28 9 58 43 44 7 12 51 66 61 48 54 40 73 53 28 1 56 54 50 14
37 56 11 45 2 19 38 48 1 35 77 27 31 20 63 54 78 29 13 45 11 23 6 29 3 46
19 28 79 60 58 66 61 41 22 70 8 8 25 55 22 31 17 2 16 63 52 41 15 62 51 63
16 35 43 4 5 59 35 9 62 46 17 9 72 45 20 4 32 77 65 5 42 15 35 75 22 12
66 2 6 65 68 20 12 4 44 61 49 10 80 60 65 66 63 32 50 73 4 48 9 23 66 78
10 50 31 14 31 51 39 11 29 24 69 24 51 27 11 5 14 74 24 63 68 38 48 75 24 61
6 14 14 1 80 39 11 16 26 6 64 9 34 17 49 52 44 76 2 46 63 41 4 41 41 69
46 21 70 59 40 26 51 17 16 75 67 31 46 16 17 52 19 28 17 64 39 42 73 59 2 18
45 41 9 7 34 31 54 66 66 74 17 78 80 21 44 40 44 56 24 67 69 34 23 21 1 12
0 19 22 22 23 21 16 22 20 20 16 20 24 23
19 0 25 18 20 15 24 15 23 19 21 16 21 18
22 25 0 19 15 24 24 23 16 20 22 18 22 15
22 18 19 0 18 21 18 15 25 17 19 18 23 20
23 20 15 18 0 18 16 20 19 16 19 17 23 23
21 15 24 21 18 0 21 19 18 22 22 16 15 21
16 24 24 18 16 21 0 18 24 17 17 16 24 18
22 15 23 15 20 19 18 0 24 16 22 15 17 24
20 23 16 25 19 18 24 24 0 25 24 24 15 17
20 19 20 17 16 22 17 16 25 0 25 21 20 25
16 21 22 19 19 22 17 22 24 25 0 17 22 23
20 16 18 18 17 16 16 15 24 21 17 0 21 25
24 21 22 23 23 15 24 17 15 20 22 21 0 23
23 18 15 20 23 21 18 24 17 25 23 25 23 0
