12
14
23 22 31 28 14 1 7 7 4 3 14 40
0 18 19 25 23 24 22 23 17 21 23 16 25 25
18 0 18 22 23 16 18 16 18 25 16 16 16 16
19 18 0 20 16 22 24 23 23 16 22 25 24 25
25 22 20 0 24 22 18 18 15 19 22 22 25 22
23 23 16 24 0 22 18 18 20 18 22 18 20 17
24 16 22 22 22 0 22 25 20 23 15 25 17 22
22 18 24 18 18 22 0 25 17 17 21 19 25 15
23 16 23 18 18 25 25 0 18 17 16 23 16 18
17 18 23 15 20 20 17 18 0 25 25 22 16 23
21 25 16 19 18 23 17 17 25 0 16 22 24 16
23 16 22 22 22 15 21 16 25 16 0 16 20 24
16 16 25 22 18 25 19 23 22 22 16 0 20 20
25 16 24 25 20 17 25 16 16 24 20 20 0 25
25 16 25 22 17 22 15 18 23 16 24 20 25 0
