12
12
8 36 15 19 20 26 7 11 22 19 5 22
25 40 11 33 26 38 30 23 5 2 24 30
37 22 18 28 33 5 33 22 28 35 38 1
6 21 17 32 3 7 10 8 20 16 32 33
1 34 36 14 3 18 29 5 3 37 32 27
35 7 8 31 23 27 6 23 3 2 6 2
25 19 10 24 15 38 24 39 2 13 11 12
10 14 7 2 12 33 18 28 25 23 16 17
35 40 13 32 4 35 8 24 10 25 36 30
37 17 11 18 29 16 17 21 26 39 20 32
2 18 37 1 16 33 9 31 38 9 3 39
9 20 33 27 19 32 10 12 32 30 27 19
0 19 24 25 19 23 22 15 24 17 20 15 23 17
19 0 17 24 18 20 20 21 15 23 15 20 17 20
24 17 0 23 15 19 25 25 25 22 17 21 15 18
25 24 23 0 17 19 24 15 25 15 18 18 18 23
19 18 15 17 0 22 24 19 23 25 20 25 17 23
23 20 19 19 22 0 18 25 22 24 23 15 16 18
22 20 25 24 24 18 0 19 15 24 25 19 19 15
15 21 25 15 19 25 19 0 25 21 21 20 25 18
24 15 25 25 23 22 15 25 0 25 23 24 21 21
17 23 22 15 25 24 24 21 25 0 22 20 23 18
20 15 17 18 20 23 25 21 23 22 0 24 21 23
15 20 21 18 25 15 19 20 24 20 24 0 24 19
23 17 15 18 17 16 19 25 21 23 21 24 0 24
17 20 18 23 23 18 15 18 21 18 23 19 24 0
