12
11
38 31 14 34 22 11 18 22 5 20 8 14
0 24 23 22 20 22 22 22 22 21 24 25 25 25
24 0 25 15 15 15 24 21 24 15 20 24 25 23
23 25 0 23 18 16 19 21 20 19 16 15 24 16
22 15 23 0 24 15 15 18 15 20 20 19 21 21
20 15 18 24 0 20 24 22 20 16 19 21 19 24
22 15 16 15 20 0 24 21 20 24 20 19 19 25
22 24 19 15 24 24 0 18 15 20 20 17 15 16
22 21 21 18 22 21 18 0 15 22 15 15 16 23
22 24 20 15 20 20 15 15 0 18 24 22 21 21
21 15 19 20 16 24 20 22 18 0 21 24 18 21
24 20 16 20 19 20 20 15 24 21 0 16 20 15
25 24 15 19 21 19 17 15 22 24 16 0 15 25
25 25 24 21 19 19 15 16 21 18 20 15 0 20
25 23 16 21 24 25 16 23 21 21 15 25 20 0
