12
13
4 30 17 3 3 2 11 24 17 30 39 32
0 17 17 20 24 25 25 18 24 18 19 18 20 18
17 0 22 24 18 20 16 20 24 24 21 20 17 16
17 22 0 24 25 25 15 21 24 15 15 19 17 16
20 24 24 0 24 21 16 17 18 21 22 25 15 16
24 18 25 24 0 18 20 17 19 22 16 23 15 18
25 20 25 21 18 0 15 17 21 17 16 22 21 18
25 16 15 16 20 15 0 19 25 17 21 22 16 22
18 20 21 17 17 17 19 0 18 25 15 16 15 25
24 24 24 18 19 21 25 18 0 19 16 16 20 25
18 24 15 21 22 17 17 25 19 0 15 21 23 19
19 21 15 22 16 16 21 15 16 15 0 25 15 19
18 20 19 25 23 22 22 16 16 21 25 0 25 19
20 17 17 15 15 21 16 15 20 23 15 25 0 16
18 16 16 16 18 18 22 25 25 19 19 19 16 0
