12
16
67 60 52 28 71 71 34 56 21 9 60 22
0 19 22 24 18 21 16 15 20 19 22 25 20 21
19 0 21 19 24 23 16 15 20 17 17 16 17 22
22 21 0 19 15 21 15 15 23 23 15 21 23 22
24 19 19 0 19 20 16 24 20 22 24 18 16 24
18 24 15 19 0 20 25 17 23 18 22 24 15 23
21 23 21 20 20 0 16 19 20 19 17 15 16 21
16 16 15 16 25 16 0 25 23 23 21 18 17 15
15 15 15 24 17 19 25 0 24 24 21 20 21 22
20 20 23 20 23 20 23 24 0 19 23 19 18 19
19 17 23 22 18 19 23 24 19 0 22 22 24 25
22 17 15 24 22 17 21 21 23 22 0 22 15 24
25 16 21 18 24 15 18 20 19 22 22 0 22 23
20 17 23 16 15 16 17 21 18 24 15 22 0 22
21 22 22 24 23 21 15 22 19 25 24 23 22 0
