12
6
54 28 45 8 53 41
21 31 1 14 50 4
18 9 37 54 15 35
5 4 8 23 66 72
8 60 57 49 9 14
44 17 53 4 54 68
27 3 34 80 27 6
8 69 31 77 60 58
33 8 67 23 11 42
6 71 18 40 2 2
12 58 50 14 24 11
61 35 11 72 48 65
0 23 21 21 25 17 17 20 23 22 19 19 16 18
23 0 15 16 15 21 22 24 17 19 15 19 22 18
21 15 0 25 19 22 25 25 24 25 21 20 25 21
21 16 25 0 25 21 18 18 24 23 25 20 19 18
25 15 19 25 0 21 25 16 23 19 23 24 21 25
17 21 22 21 21 0 15 18 17 19 25 22 15 25
17 22 25 18 25 15 0 19 18 16 20 16 17 19
20 24 25 18 16 18 19 0 15 23 21 18 21 19
23 17 24 24 23 17 18 15 0 16 18 25 19 23
22 19 25 23 19 19 16 23 16 0 22 25 18 17
19 15 21 25 23 25 20 21 18 22 0 17 18 17
19 19 20 20 24 22 16 18 25 25 17 0 19 16
16 22 25 19 21 15 17 21 19 18 18 19 0 16
18 18 21 18 25 25 19 19 23 17 17 16 16 0
