12
15
94 92 97 105 117 61 2 69 100 36 13 43
0 21 17 23 20 23 25 22 15 23 25 17 15 23
21 0 25 18 21 17 25 16 23 19 19 25 18 22
17 25 0 23 17 16 17 17 18 23 21 25 15 15
23 18 23 0 23 16 15 18 23 25 17 16 19 20
20 21 17 23 0 17 21 21 16 23 23 22 17 18
23 17 16 16 17 0 16 15 18 20 19 18 18 23
25 25 17 15 21 16 0 19 17 15 19 23 17 17
22 16 17 18 21 15 19 0 23 20 21 17 21 16
15 23 18 23 16 18 17 23 0 19 22 21 21 25
23 19 23 25 23 20 15 20 19 0 16 21 23 22
25 19 21 17 23 19 19 21 22 16 0 15 25 22
17 25 25 16 22 18 23 17 21 21 15 0 15 16
15 18 15 19 17 18 17 21 21 23 25 15 0 15
23 22 15 20 18 23 17 16 25 22 22 16 15 0
