12
7
77 37 109 59 76 15 81 28 75 95 103 118
0 21 17 17 16 20 20 24 25 25 16 25 25 21
21 0 20 23 25 25 18 16 15 20 20 23 20 25
17 20 0 25 20 16 18 24 22 17 16 15 22 21
17 23 25 0 20 24 17 17 18 20 17 17 22 24
16 25 20 20 0 19 16 15 19 23 20 18 17 20
20 25 16 24 19 0 18 19 15 23 23 25 18 23
20 18 18 17 16 18 0 18 22 17 16 22 23 18
24 16 24 17 15 19 18 0 17 16 24 16 25 16
25 15 22 18 19 15 22 17 0 21 17 19 17 18
25 20 17 20 23 23 17 16 21 0 25 16 16 15
16 20 16 17 20 23 16 24 17 25 0 16 18 25
25 23 15 17 18 25 22 16 19 16 16 0 25 18
25 20 22 22 17 18 23 25 17 16 18 25 0 20
21 25 21 24 20 23 18 16 18 15 25 18 20 0
