12
18
51 133 22 160 65 84 130 140 138 43 121 19 15 18 104 43 156 69
134 2 92 156 87 133 43 118 54 113 83 62 151 21 37 66 154 97
130 90 42 45 151 37 117 46 157 75 86 93 83 15 147 126 68 73
148 143 34 94 18 41 80 40 19 41 86 25 32 35 128 48 31 22
25 84 76 108 15 92 153 148 137 98 81 143 62 154 153 138 46 107
66 159 99 128 86 155 46 29 29 78 97 29 102 49 99 123 1 40
97 154 102 77 110 86 25 150 95 151 34 70 18 90 86 145 65 123
90 76 71 26 84 147 137 80 160 88 115 58 15 29 57 17 154 138
60 90 37 42 97 41 41 9 112 100 30 34 94 140 64 104 126 76
82 151 60 131 74 59 13 86 22 129 23 29 6 59 147 106 113 152
135 42 20 116 21 67 132 30 126 11 61 119 48 41 87 1 52 77
22 97 12 4 42 116 27 116 126 153 64 74 68 5 52 28 96 46
0 25 22 25 24 23 21 20 15 21 24 17 21 21
25 0 22 20 15 23 22 19 24 19 25 25 20 18
22 22 0 23 20 15 15 16 20 18 22 25 22 16
25 20 23 0 20 17 19 23 21 19 24 15 18 16
24 15 20 20 0 21 20 15 20 19 17 16 17 17
23 23 15 17 21 0 24 18 17 19 23 15 24 19
21 22 15 19 20 24 0 22 17 24 24 19 18 24
20 19 16 23 15 18 22 0 21 19 24 21 25 25
15 24 20 21 20 17 17 21 0 25 21 18 20 23
21 19 18 19 19 19 24 19 25 0 19 16 25 16
24 25 22 24 17 23 24 24 21 19 0 16 17 17
17 25 25 15 16 15 19 21 18 16 16 0 17 21
21 20 22 18 17 24 18 25 20 25 17 17 0 24
21 18 16 16 17 19 24 25 23 16 17 21 24 0
