12
9
5 17 13 39 47 20 40 93 37 134 23 100
0 24 24 20 22 17 18 23 22 22 22 25 15 18
24 0 20 18 16 18 20 24 16 16 17 21 25 15
24 20 0 25 15 25 15 21 16 25 19 16 17 21
20 18 25 0 20 20 25 21 21 23 17 18 23 23
22 16 15 20 0 20 22 17 24 22 24 25 21 23
17 18 25 20 20 0 22 19 25 18 22 22 22 21
18 20 15 25 22 22 0 15 22 25 21 17 21 23
23 24 21 21 17 19 15 0 23 24 22 25 18 17
22 16 16 21 24 25 22 23 0 15 24 15 18 25
22 16 25 23 22 18 25 24 15 0 25 25 16 16
22 17 19 17 24 22 21 22 24 25 0 21 22 18
25 21 16 18 25 22 17 25 15 25 21 0 20 18
15 25 17 23 21 22 21 18 18 16 22 20 0 24
18 15 21 23 23 21 23 17 25 16 18 18 24 0
