12
24
16 74 73 44 22 66 66 79 67 10 60 31 30 41 13 11 12 79 75 38 74 70 12 66
70 64 66 64 68 49 72 72 11 76 38 8 38 37 21 20 48 35 11 34 55 68 55 19
67 1 74 74 69 67 33 56 74 34 31 32 64 10 58 12 46 29 78 60 2 12 42 33
27 23 60 7 55 67 79 4 10 64 41 10 72 78 59 7 24 9 23 4 6 39 43 17
80 44 54 30 52 29 40 61 7 40 34 38 69 14 11 3 7 24 50 42 79 18 52 1
19 63 68 43 26 8 29 72 14 52 14 30 28 34 61 48 33 32 51 63 18 36 15 48
25 15 22 25 17 56 19 20 11 24 14 42 51 46 29 1 63 30 56 38 20 77 21 3
49 2 50 45 3 21 29 18 77 71 16 50 52 64 73 71 68 78 21 42 49 54 8 28
20 46 32 37 33 74 51 40 78 4 18 66 67 63 29 3 80 36 14 72 38 29 24 80
29 67 64 38 14 72 74 50 24 63 22 33 44 18 80 25 18 76 51 80 33 15 24 39
6 21 55 41 19 12 30 42 80 42 8 14 66 48 18 60 12 75 78 23 10 46 8 29
77 19 19 56 21 69 74 42 70 48 73 33 52 45 76 44 31 70 21 31 30 55 55 6
0 20 15 25 24 22 24 24 16 24 17 17 25 16
20 0 22 21 22 25 22 20 25 21 19 19 15 24
15 22 0 21 15 21 20 18 24 20 25 21 24 15
25 21 21 0 24 18 23 17 19 15 21 21 15 18
24 22 15 24 0 19 19 15 23 22 19 25 17 16
22 25 21 18 19 0 19 15 18 23 18 15 22 20
24 22 20 23 19 19 0 23 20 18 22 18 17 20
24 20 18 17 15 15 23 0 17 24 22 17 19 18
16 25 24 19 23 18 20 17 0 24 19 25 17 17
24 21 20 15 22 23 18 24 24 0 21 25 22 20
17 19 25 21 19 18 22 22 19 21 0 20 19 21
17 19 21 21 25 15 18 17 25 25 20 0 22 20
25 15 24 15 17 22 17 19 17 22 19 22 0 22
16 24 15 18 16 20 20 18 17 20 21 20 22 0
