12
13
92 72 78 74 2 57 85 68 102 11 99 21
0 18 17 23 24 20 21 22 16 16 24 19 15 25
18 0 21 20 22 16 24 18 22 21 22 17 16 23
17 21 0 23 23 23 24 15 25 18 15 19 24 24
23 20 23 0 25 18 18 15 22 19 16 21 25 20
24 22 23 25 0 23 22 18 19 24 15 23 22 18
20 16 23 18 23 0 17 18 22 25 22 23 15 25
21 24 24 18 22 17 0 24 25 20 18 16 24 16
22 18 15 15 18 18 24 0 19 18 16 22 16 15
16 22 25 22 19 22 25 19 0 15 24 15 24 25
16 21 18 19 24 25 20 18 15 0 21 16 25 23
24 22 15 16 15 22 18 16 24 21 0 25 18 25
19 17 19 21 23 23 16 22 15 16 25 0 15 17
15 16 24 25 22 15 24 16 24 25 18 15 0 20
25 23 24 20 18 25 16 15 25 23 25 17 20 0
