12
6
145 157 90 81 95 138 38 25 53 73 106 50
0 21 25 19 21 25 15 21 22 17 21 20 25 24
21 0 25 22 23 20 25 22 21 25 23 20 15 22
25 25 0 15 16 22 23 24 23 20 22 20 23 16
19 22 15 0 18 17 25 23 19 24 21 23 22 19
21 23 16 18 0 21 19 15 24 17 24 21 16 20
25 20 22 17 21 0 16 16 20 17 18 15 20 18
15 25 23 25 19 16 0 15 23 17 16 16 18 22
21 22 24 23 15 16 15 0 17 18 25 25 22 22
22 21 23 19 24 20 23 17 0 17 20 15 22 17
17 25 20 24 17 17 17 18 17 0 21 15 15 16
21 23 22 21 24 18 16 25 20 21 0 17 24 15
20 20 20 23 21 15 16 25 15 15 17 0 15 19
25 15 23 22 16 20 18 22 22 15 24 15 0 25
24 22 16 19 20 18 22 22 17 16 15 19 25 0
