12
15
8 4 18 6 26 20 37 9 39 14 12 37
0 25 22 16 18 24 15 25 25 22 20 24 23 23
25 0 25 23 20 15 23 20 17 18 19 15 23 19
22 25 0 24 24 23 22 20 22 21 25 23 22 16
16 23 24 0 15 17 19 15 15 20 21 16 15 20
18 20 24 15 0 15 24 17 21 15 17 24 20 20
24 15 23 17 15 0 23 16 25 15 16 17 20 22
15 23 22 19 24 23 0 24 21 25 16 22 17 19
25 20 20 15 17 16 24 0 16 20 23 18 21 21
25 17 22 15 21 25 21 16 0 23 22 19 20 20
22 18 21 20 15 15 25 20 23 0 23 15 16 23
20 19 25 21 17 16 16 23 22 23 0 20 21 15
24 15 23 16 24 17 22 18 19 15 20 0 23 16
23 23 22 15 20 20 17 21 20 16 21 23 0 21
23 19 16 20 20 22 19 21 20 23 15 16 21 0
