12
24
12 3 19 27 2 24 16 29 8 2 14 2 17 3 13 6 29 33 33 17 22 36 15 3
4 23 5 18 27 11 7 36 18 16 37 18 3 8 22 2 21 27 34 16 34 28 4 25
38 37 20 19 14 27 37 16 39 16 23 18 5 12 31 7 37 6 27 37 22 23 28 7
14 31 20 6 23 35 31 36 26 10 37 28 18 8 31 30 13 34 26 39 17 19 8 15
32 40 20 28 28 3 6 3 31 2 34 12 26 6 37 10 10 30 27 39 35 28 9 32
27 31 32 11 14 39 21 15 29 38 25 7 1 5 38 21 15 19 3 29 33 31 16 15
13 9 7 35 15 36 22 39 34 5 25 33 23 7 18 27 6 28 17 18 29 34 32 39
8 35 36 36 1 29 27 10 26 14 2 31 25 33 36 14 38 5 4 29 7 37 24 10
22 30 19 14 37 10 11 16 36 7 4 5 22 8 31 4 1 8 31 35 35 38 1 23
36 29 9 15 11 9 26 33 18 5 21 14 13 21 31 40 4 20 8 7 18 16 27 37
26 37 9 5 6 6 28 13 21 32 11 10 2 17 21 9 40 33 20 15 8 3 33 29
37 36 16 26 20 10 22 29 27 2 5 11 25 13 4 32 3 20 22 5 39 7 35 38
0 18 16 22 16 16 21 22 19 22 25 19 15 19
18 0 22 19 22 16 18 19 22 20 15 16 21 18
16 22 0 25 21 16 22 18 21 22 24 17 21 22
22 19 25 0 21 25 18 21 24 23 19 15 23 15
16 22 21 21 0 19 20 15 22 25 19 21 16 22
16 16 16 25 19 0 22 20 18 25 22 18 19 16
21 18 22 18 20 22 0 17 20 15 24 17 15 19
22 19 18 21 15 20 17 0 22 19 17 20 16 17
19 22 21 24 22 18 20 22 0 17 22 20 22 25
22 20 22 23 25 25 15 19 17 0 21 23 20 18
25 15 24 19 19 22 24 17 22 21 0 21 17 17
19 16 17 15 21 18 17 20 20 23 21 0 18 25
15 21 21 23 16 19 15 16 22 20 17 18 0 22
19 18 22 15 22 16 19 17 25 18 17 25 22 0
