12
9
67 9 52 94 120 36 116 23 79 4 9 113
0 20 17 16 17 25 22 18 17 22 15 25 25 15
20 0 23 20 17 21 20 15 24 23 17 23 16 15
17 23 0 22 24 21 24 22 18 17 18 21 24 15
16 20 22 0 25 25 22 19 17 25 23 22 17 18
17 17 24 25 0 23 25 24 19 16 24 23 17 23
25 21 21 25 23 0 20 15 15 20 23 16 22 24
22 20 24 22 25 20 0 15 17 17 19 24 18 19
18 15 22 19 24 15 15 0 22 23 15 23 23 25
17 24 18 17 19 15 17 22 0 19 15 15 22 24
22 23 17 25 16 20 17 23 19 0 24 25 22 22
15 17 18 23 24 23 19 15 15 24 0 15 23 17
25 23 21 22 23 16 24 23 15 25 15 0 23 20
25 16 24 17 17 22 18 23 22 22 23 23 0 17
15 15 15 18 23 24 19 25 24 22 17 20 17 0
