12
7
94 98 70 144 29 134 155 41 109 61 85 61
0 22 23 24 16 19 21 18 21 24 22 23 18 25
22 0 25 25 18 20 18 23 24 19 21 25 24 15
23 25 0 22 25 23 17 15 25 20 22 17 18 24
24 25 22 0 15 19 25 21 15 17 22 24 16 21
16 18 25 15 0 16 19 17 25 15 20 22 22 18
19 20 23 19 16 0 19 22 16 16 16 22 19 19
21 18 17 25 19 19 0 21 19 18 15 15 22 24
18 23 15 21 17 22 21 0 25 24 23 16 22 23
21 24 25 15 25 16 19 25 0 18 20 17 16 16
24 19 20 17 15 16 18 24 18 0 16 19 20 24
22 21 22 22 20 16 15 23 20 16 0 21 23 22
23 25 17 24 22 22 15 16 17 19 21 0 24 16
18 24 18 16 22 19 22 22 16 20 23 24 0 23
25 15 24 21 18 19 24 23 16 24 22 16 23 0
