12
9
33 31 7 13 3 17 1 1 37 2 40 18
0 21 17 21 23 24 15 20 25 21 20 18 15 23
21 0 15 23 17 15 19 15 25 22 22 16 19 19
17 15 0 15 24 15 19 24 24 24 17 25 16 23
21 23 15 0 22 22 24 20 21 19 17 22 21 22
23 17 24 22 0 23 19 20 24 22 25 17 17 20
24 15 15 22 23 0 19 16 19 16 19 15 16 19
15 19 19 24 19 19 0 17 25 24 18 22 21 22
20 15 24 20 20 16 17 0 18 22 25 15 25 15
25 25 24 21 24 19 25 18 0 25 22 15 15 15
21 22 24 19 22 16 24 22 25 0 22 25 21 17
20 22 17 17 25 19 18 25 22 22 0 21 19 15
18 16 25 22 17 15 22 15 15 25 21 0 25 17
15 19 16 21 17 16 21 25 15 21 19 25 0 23
23 19 23 22 20 19 22 15 15 17 15 17 23 0
