12
8
17 71 16 74 80 22 70 46 49 57 28 17
0 18 21 22 16 18 17 25 23 15 19 24 25 20
18 0 19 18 19 25 15 16 18 19 24 23 25 16
21 19 0 20 20 23 21 18 22 15 19 16 18 23
22 18 20 0 25 22 23 16 15 20 21 25 24 19
16 19 20 25 0 16 23 23 18 23 21 23 22 17
18 25 23 22 16 0 19 18 17 22 18 19 17 24
17 15 21 23 23 19 0 15 23 24 24 15 16 17
25 16 18 16 23 18 15 0 15 22 15 23 16 19
23 18 22 15 18 17 23 15 0 18 20 23 19 16
15 19 15 20 23 22 24 22 18 0 19 24 18 18
19 24 19 21 21 18 24 15 20 19 0 23 15 25
24 23 16 25 23 19 15 23 23 24 23 0 20 16
25 25 18 24 22 17 16 16 19 18 15 20 0 17
20 16 23 19 17 24 17 19 16 18 25 16 17 0
