12
18
84 35 32 112 101 68 29 6 88 82 76 113 45 117 4 17 28 79
3 59 77 12 40 70 114 36 11 80 70 28 104 20 7 46 16 119
84 54 16 39 115 119 100 68 67 44 63 76 103 24 108 43 25 1
32 119 35 35 76 66 35 37 104 113 25 120 85 87 79 11 42 21
59 42 69 32 78 31 56 93 65 112 32 97 15 112 62 72 114 60
112 105 13 112 52 37 95 62 28 91 61 9 101 73 35 88 101 25
98 62 119 56 94 79 12 55 72 10 103 57 79 64 54 23 72 28
97 14 99 1 86 38 80 103 102 81 103 58 97 88 30 47 17 103
116 79 8 40 56 15 12 29 70 23 79 101 78 66 21 89 112 70
3 5 84 37 75 88 66 10 61 69 12 12 83 95 9 97 95 10
25 35 81 78 46 69 38 57 98 112 15 81 105 43 31 74 25 58
62 25 70 88 41 120 110 64 76 77 57 40 9 74 77 70 116 75
0 17 25 18 17 22 17 22 21 18 16 20 23 19
17 0 23 17 25 19 23 24 18 20 24 16 20 23
25 23 0 18 24 24 23 21 22 19 17 22 25 19
18 17 18 0 17 25 16 23 15 25 16 24 22 15
17 25 24 17 0 21 18 21 24 19 21 25 24 18
22 19 24 25 21 0 15 16 19 22 23 16 21 25
17 23 23 16 18 15 0 18 21 24 21 22 24 21
22 24 21 23 21 16 18 0 16 23 24 21 23 17
21 18 22 15 24 19 21 16 0 23 20 20 21 25
18 20 19 25 19 22 24 23 23 0 20 20 16 25
16 24 17 16 21 23 21 24 20 20 0 23 23 23
20 16 22 24 25 16 22 21 20 20 23 0 16 15
23 20 25 22 24 21 24 23 21 16 23 16 0 18
19 23 19 15 18 25 21 17 25 25 23 15 18 0
