12
18
11 49 12 123 90 94 148 91 24 146 95 139 92 36 13 121 145 45
90 88 65 93 46 39 104 83 86 123 52 24 156 83 9 70 53 94
63 28 129 104 82 130 14 120 62 145 145 117 158 100 64 63 16 150
23 79 108 147 129 32 158 140 28 87 138 28 15 30 5 135 125 139
145 97 62 52 114 147 156 66 29 64 53 71 152 13 31 9 97 123
129 130 108 146 69 97 128 81 131 51 97 76 118 10 83 152 17 60
73 50 142 58 26 79 2 131 36 72 19 128 143 103 60 10 150 3
89 29 153 109 119 109 95 87 8 18 153 120 50 8 24 35 151 5
8 147 135 87 51 123 153 75 137 41 11 152 4 77 147 2 135 23
124 160 57 12 43 25 141 116 7 118 149 34 63 127 79 83 65 122
95 51 107 139 81 5 112 144 52 41 56 137 79 6 7 43 130 32
138 113 75 156 78 50 39 152 36 136 87 61 76 23 8 90 26 91
0 22 15 23 21 18 19 16 25 25 21 24 18 21
22 0 20 22 22 23 21 18 19 24 23 16 22 22
15 20 0 22 20 25 21 24 18 19 19 21 16 20
23 22 22 0 25 23 17 18 25 24 19 16 21 21
21 22 20 25 0 25 23 18 15 16 22 19 18 15
18 23 25 23 25 0 15 25 18 24 20 22 15 21
19 21 21 17 23 15 0 23 22 23 17 16 24 25
16 18 24 18 18 25 23 0 24 19 25 25 22 21
25 19 18 25 15 18 22 24 0 21 17 15 20 18
25 24 19 24 16 24 23 19 21 0 21 20 22 16
21 23 19 19 22 20 17 25 17 21 0 19 20 21
24 16 21 16 19 22 16 25 15 20 19 0 15 18
18 22 16 21 18 15 24 22 20 22 20 15 0 20
21 22 20 21 15 21 25 21 18 16 21 18 20 0
