12
26
141 115 68 86 122 40 143 158 102 123 157 143 68 91 58 67 79 58 2 129 142 122 39 82 22 53
11 1 88 120 69 28 110 57 30 34 110 92 104 67 156 30 3 35 103 58 96 133 64 88 101 103
126 119 98 77 101 48 37 74 111 52 86 140 149 39 9 110 149 117 119 2 40 52 83 145 105 93
10 98 148 122 128 154 157 147 121 44 126 110 105 29 146 86 145 24 78 104 82 101 9 133 88 70
78 94 44 28 57 110 31 66 85 60 27 32 77 29 17 26 15 56 42 76 126 14 127 104 53 11
153 9 2 81 48 111 49 154 8 138 93 72 93 121 61 79 103 12 152 123 73 34 86 125 113 76
39 54 100 113 90 111 98 122 155 58 137 33 76 158 148 61 76 154 4 125 14 144 95 26 130 74
6 153 32 7 91 143 154 42 13 84 133 95 110 152 34 49 5 123 129 140 71 134 75 153 62 68
95 27 31 95 64 106 58 78 32 97 146 122 30 84 24 73 95 92 134 61 16 114 81 128 94 20
159 68 38 31 101 157 120 50 17 2 85 74 55 137 157 90 59 42 128 27 78 73 7 71 108 145
118 105 109 64 28 141 14 21 25 91 38 5 131 147 116 56 129 28 54 36 62 156 106 98 98 159
112 79 155 62 152 91 132 73 7 67 23 96 41 74 111 135 25 12 142 93 97 34 13 46 106 99
0 19 22 23 15 18 25 15 22 25 17 19 18 17
19 0 24 24 25 25 16 23 16 25 15 25 19 17
22 24 0 22 20 15 20 20 20 16 18 16 19 23
23 24 22 0 23 23 19 16 24 21 16 17 23 15
15 25 20 23 0 16 20 24 25 18 25 19 16 18
18 25 15 23 16 0 16 25 19 23 20 18 23 24
25 16 20 19 20 16 0 21 24 21 24 20 21 21
15 23 20 16 24 25 21 0 20 15 21 23 17 20
22 16 20 24 25 19 24 20 0 25 17 18 17 16
25 25 16 21 18 23 21 15 25 0 25 19 22 24
17 15 18 16 25 20 24 21 17 25 0 17 23 22
19 25 16 17 19 18 20 23 18 19 17 0 25 22
18 19 19 23 16 23 21 17 17 22 23 25 0 22
17 17 23 15 18 24 21 20 16 24 22 22 22 0
