12
12
38 2 24 4 6 39 38 3 37 11 40 4
17 30 10 5 28 6 23 11 28 31 23 20
25 27 11 31 25 17 3 30 29 16 40 31
9 16 34 11 27 14 9 34 19 35 29 21
1 2 27 22 11 23 39 25 40 35 22 23
7 32 3 3 18 18 35 29 24 12 6 36
29 6 24 13 21 15 25 13 11 12 7 13
13 37 34 5 13 33 15 3 38 22 38 6
29 6 35 24 23 29 38 1 14 22 1 37
24 27 13 31 37 36 9 9 16 5 34 5
14 16 14 31 15 28 15 30 28 9 15 6
36 2 27 22 17 4 24 40 11 25 30 5
0 16 16 22 16 21 23 25 15 24 16 20 17 24
16 0 20 24 22 16 20 21 16 21 16 22 23 19
16 20 0 17 23 19 18 19 18 23 19 20 15 20
22 24 17 0 23 24 22 15 16 20 19 24 23 25
16 22 23 23 0 24 24 17 19 18 17 15 21 17
21 16 19 24 24 0 22 23 25 20 17 19 24 22
23 20 18 22 24 22 0 19 23 15 20 24 16 22
25 21 19 15 17 23 19 0 21 19 23 24 17 24
15 16 18 16 19 25 23 21 0 16 19 24 22 17
24 21 23 20 18 20 15 19 16 0 19 16 24 16
16 16 19 19 17 17 20 23 19 19 0 25 24 25
20 22 20 24 15 19 24 24 24 16 25 0 20 16
17 23 15 23 21 24 16 17 22 24 24 20 0 24
24 19 20 25 17 22 22 24 17 16 25 16 24 0
