12
5
45 63 48 59 120 80 15 60 30 60 108 1
0 20 24 25 23 15 24 25 18 15 16 17 18 18
20 0 22 15 21 20 24 21 23 16 19 17 25 22
24 22 0 25 20 22 19 22 23 21 16 17 25 22
25 15 25 0 25 25 22 24 17 18 22 22 15 17
23 21 20 25 0 19 15 25 16 25 25 17 17 16
15 20 22 25 19 0 21 19 24 25 24 20 23 15
24 24 19 22 15 21 0 15 25 23 15 19 21 24
25 21 22 24 25 19 15 0 20 23 19 18 18 25
18 23 23 17 16 24 25 20 0 23 24 18 17 22
15 16 21 18 25 25 23 23 23 0 23 15 25 25
16 19 16 22 25 24 15 19 24 23 0 19 16 21
17 17 17 22 17 20 19 18 18 15 19 0 17 23
18 25 25 15 17 23 21 18 17 25 16 17 0 18
18 22 22 17 16 15 24 25 22 25 21 23 18 0
