12
14
21 35 8 40 40 32 4 8 7 4 36 12
0 22 21 18 17 22 18 25 21 23 25 17 15 22
22 0 15 19 21 17 25 17 18 15 16 19 22 25
21 15 0 24 21 18 20 22 25 19 22 19 17 25
18 19 24 0 19 21 19 22 20 23 22 18 18 21
17 21 21 19 0 24 21 16 19 18 21 24 18 17
22 17 18 21 24 0 19 20 17 18 24 24 23 17
18 25 20 19 21 19 0 17 19 18 20 23 20 17
25 17 22 22 16 20 17 0 24 21 15 22 15 23
21 18 25 20 19 17 19 24 0 22 20 18 24 23
23 15 19 23 18 18 18 21 22 0 21 19 15 24
25 16 22 22 21 24 20 15 20 21 0 18 16 19
17 19 19 18 24 24 23 22 18 19 18 0 19 22
15 22 17 18 18 23 20 15 24 15 16 19 0 19
22 25 25 21 17 17 17 23 23 24 19 22 19 0
