12
4
152 37 107 138
98 27 9 95
121 139 63 147
143 159 5 19
112 134 110 82
51 44 123 30
120 89 23 98
40 137 23 79
8 61 116 109
92 30 128 56
27 157 14 3
84 133 38 61
0 25 17 22 21 20 15 19 16 21 23 22 18 20
25 0 22 18 23 15 21 25 16 15 15 19 18 25
17 22 0 23 22 17 23 18 16 19 23 21 22 23
22 18 23 0 18 22 25 25 25 20 20 23 18 16
21 23 22 18 0 19 17 17 18 19 18 15 24 15
20 15 17 22 19 0 15 24 15 20 19 19 15 22
15 21 23 25 17 15 0 17 20 19 24 24 19 16
19 25 18 25 17 24 17 0 16 18 22 22 16 22
16 16 16 25 18 15 20 16 0 20 25 23 22 21
21 15 19 20 19 20 19 18 20 0 15 18 23 18
23 15 23 20 18 19 24 22 25 15 0 23 22 23
22 19 21 23 15 19 24 22 23 18 23 0 18 19
18 18 22 18 24 15 19 16 22 23 22 18 0 20
20 25 23 16 15 22 16 22 21 18 23 19 20 0
