12
15
27 80 19 25 92 10 41 43 108 103 74 153
0 21 21 25 15 24 20 16 20 21 23 18 15 20
21 0 25 15 23 16 16 25 17 24 23 19 15 20
21 25 0 16 24 17 15 17 21 23 21 21 22 15
25 15 16 0 25 17 25 21 18 15 22 22 19 24
15 23 24 25 0 15 16 15 22 21 17 23 18 21
24 16 17 17 15 0 23 17 17 20 23 19 19 20
20 16 15 25 16 23 0 20 25 24 19 22 20 18
16 25 17 21 15 17 20 0 15 17 23 16 16 23
20 17 21 18 22 17 25 15 0 22 23 19 22 20
21 24 23 15 21 20 24 17 22 0 25 21 19 18
23 23 21 22 17 23 19 23 23 25 0 23 18 25
18 19 21 22 23 19 22 16 19 21 23 0 23 22
15 15 22 19 18 19 20 16 22 19 18 23 0 22
20 20 15 24 21 20 18 23 20 18 25 22 22 0
