12
8
81 100 28 116 38 85 15 3
114 41 74 90 49 55 56 89
39 12 26 7 2 96 27 108
16 3 10 37 63 3 75 5
15 103 58 26 10 12 1 18
67 39 113 29 25 93 15 52
119 16 79 97 9 21 111 73
111 111 19 47 39 88 88 79
42 46 78 21 46 20 29 40
78 106 42 116 88 68 98 101
26 31 60 85 50 16 59 109
3 102 54 9 111 8 114 80
0 24 23 18 15 21 23 23 20 16 24 17 22 18
24 0 21 20 23 15 23 15 17 15 16 18 19 16
23 21 0 20 18 15 20 21 20 25 17 15 24 22
18 20 20 0 18 19 24 24 19 22 23 15 21 16
15 23 18 18 0 18 24 20 15 22 25 25 16 25
21 15 15 19 18 0 23 21 18 19 17 21 15 21
23 23 20 24 24 23 0 21 15 21 18 19 15 21
23 15 21 24 20 21 21 0 21 24 18 21 23 22
20 17 20 19 15 18 15 21 0 20 21 19 19 18
16 15 25 22 22 19 21 24 20 0 20 20 19 23
24 16 17 23 25 17 18 18 21 20 0 18 23 24
17 18 15 15 25 21 19 21 19 20 18 0 16 25
22 19 24 21 16 15 15 23 19 19 23 16 0 21
18 16 22 16 25 21 21 22 18 23 24 25 21 0
