12
24
41 80 76 8 61 30 27 80 24 67 7 24 41 62 19 41 9 63 44 18 72 75 19 13
53 58 72 42 28 60 60 33 46 10 74 36 5 37 33 12 78 44 24 80 77 40 56 29
73 66 51 20 44 34 62 7 35 13 48 37 44 23 4 20 61 12 73 62 56 36 18 49
22 23 67 68 25 18 2 35 70 28 41 9 50 57 52 1 22 45 4 50 62 9 19 78
11 69 78 38 49 28 17 18 3 67 80 22 50 46 18 5 41 72 37 21 10 14 14 5
26 8 22 1 11 66 17 40 11 56 4 49 71 53 35 6 25 71 69 45 77 13 63 53
45 75 28 24 30 79 8 4 50 45 6 76 70 74 36 36 43 7 18 62 22 61 41 45
60 9 58 43 48 3 76 62 12 47 4 66 73 13 42 71 70 50 24 70 56 77 20 18
18 52 70 73 40 43 61 59 62 15 48 1 66 13 13 56 32 49 48 53 42 14 49 28
41 62 56 71 1 28 38 30 18 40 24 76 72 53 39 61 56 24 52 39 61 41 9 46
59 44 54 32 80 63 3 33 45 14 72 17 1 61 37 16 9 71 36 80 60 34 58 15
19 1 43 61 17 71 66 11 17 75 12 79 34 53 61 6 48 58 38 29 16 14 19 32
0 16 15 21 17 21 22 20 20 20 18 22 20 19
16 0 17 21 21 15 17 22 16 15 17 25 15 15
15 17 0 23 19 23 20 17 18 25 15 19 20 15
21 21 23 0 20 20 22 23 18 23 16 15 18 23
17 21 19 20 0 20 22 16 19 21 20 21 15 25
21 15 23 20 20 0 15 25 19 20 18 23 22 19
22 17 20 22 22 15 0 20 23 16 25 17 25 25
20 22 17 23 16 25 20 0 15 18 23 23 20 25
20 16 18 18 19 19 23 15 0 17 21 22 22 23
20 15 25 23 21 20 16 18 17 0 16 25 16 23
18 17 15 16 20 18 25 23 21 16 0 17 16 16
22 25 19 15 21 23 17 23 22 25 17 0 17 25
20 15 20 18 15 22 25 20 22 16 16 17 0 19
19 15 15 23 25 19 25 25 23 23 16 25 19 0
