12
16
154 66 156 107 80 152 47 95 127 86 86 28
0 23 19 17 20 15 23 20 19 19 25 17 19 17
23 0 22 20 25 25 17 16 22 22 15 18 22 20
19 22 0 17 18 19 15 24 19 23 17 16 18 23
17 20 17 0 18 17 19 18 23 23 18 15 21 18
20 25 18 18 0 23 15 23 17 24 15 22 24 24
15 25 19 17 23 0 24 21 22 21 16 20 17 16
23 17 15 19 15 24 0 22 23 24 22 18 18 24
20 16 24 18 23 21 22 0 19 21 19 19 18 25
19 22 19 23 17 22 23 19 0 16 18 16 17 17
19 22 23 23 24 21 24 21 16 0 24 19 24 25
25 15 17 18 15 16 22 19 18 24 0 22 21 24
17 18 16 15 22 20 18 19 16 19 22 0 17 20
19 22 18 21 24 17 18 18 17 24 21 17 0 18
17 20 23 18 24 16 24 25 17 25 24 20 18 0
