12
7
117 113 91 113 59 62 17 93 7 55 76 59
0 25 23 23 16 23 22 24 18 22 22 17 24 16
25 0 22 21 23 16 17 17 19 18 15 18 22 25
23 22 0 16 18 19 25 16 18 21 22 19 22 17
23 21 16 0 23 24 20 18 15 15 15 24 22 17
16 23 18 23 0 20 16 24 18 20 20 24 20 17
23 16 19 24 20 0 25 19 16 15 25 15 25 16
22 17 25 20 16 25 0 24 21 22 16 25 16 23
24 17 16 18 24 19 24 0 18 21 25 22 15 25
18 19 18 15 18 16 21 18 0 23 17 18 20 21
22 18 21 15 20 15 22 21 23 0 17 23 22 17
22 15 22 15 20 25 16 25 17 17 0 21 19 15
17 18 19 24 24 15 25 22 18 23 21 0 20 17
24 22 22 22 20 25 16 15 20 22 19 20 0 15
16 25 17 17 17 16 23 25 21 17 15 17 15 0
