12
14
86 23 43 48 100 36 101 59 57 75 26 29 62 37
52 9 71 22 25 87 53 8 35 26 73 48 6 54
56 30 55 36 94 16 112 44 28 44 22 48 117 93
48 104 50 30 2 12 3 18 99 91 74 102 31 76
65 72 67 49 116 100 1 65 30 75 6 114 75 99
117 6 40 40 77 76 111 39 29 35 112 26 28 119
61 62 108 11 87 47 79 82 106 117 95 83 8 92
30 78 99 111 18 109 25 54 27 15 110 95 31 10
88 13 44 89 100 116 54 46 14 48 12 95 64 19
4 83 25 5 32 84 4 107 115 68 102 28 75 117
113 102 66 13 59 106 53 97 73 72 31 76 33 120
79 69 56 83 91 47 99 11 7 98 49 99 1 13
0 17 25 20 21 21 20 17 20 16 24 16 17 19
17 0 19 20 18 18 21 19 15 22 20 16 20 24
25 19 0 22 22 18 22 15 23 24 17 22 23 19
20 20 22 0 25 21 21 23 19 21 20 16 23 22
21 18 22 25 0 19 25 19 21 22 25 21 17 24
21 18 18 21 19 0 16 20 16 18 20 17 16 21
20 21 22 21 25 16 0 15 19 20 20 16 22 20
17 19 15 23 19 20 15 0 16 24 19 22 24 23
20 15 23 19 21 16 19 16 0 24 23 16 21 24
16 22 24 21 22 18 20 24 24 0 25 18 19 21
24 20 17 20 25 20 20 19 23 25 0 19 18 23
16 16 22 16 21 17 16 22 16 18 19 0 23 20
17 20 23 23 17 16 22 24 21 19 18 23 0 24
19 24 19 22 24 21 20 23 24 21 23 20 24 0
