13
16
118 71 44 30 13 18 90 111 8 81 77 63 27
0 15 23 23 22 25 20 19 19 15 22 22 24 24 23
15 0 20 22 25 21 24 25 15 24 19 17 15 18 19
23 20 0 18 22 24 23 19 18 24 19 21 24 21 15
23 22 18 0 20 23 20 19 21 25 16 17 16 23 18
22 25 22 20 0 25 15 23 16 25 23 21 17 25 22
25 21 24 23 25 0 19 15 24 22 16 15 17 15 18
20 24 23 20 15 19 0 24 16 24 18 18 20 20 20
19 25 19 19 23 15 24 0 24 24 17 19 21 25 24
19 15 18 21 16 24 16 24 0 17 19 15 16 25 19
15 24 24 25 25 22 24 24 17 0 22 24 21 20 24
22 19 19 16 23 16 18 17 19 22 0 16 16 23 20
22 17 21 17 21 15 18 19 15 24 16 0 19 18 25
24 15 24 16 17 17 20 21 16 21 16 19 0 24 18
24 18 21 23 25 15 20 25 25 20 23 18 24 0 17
23 19 15 18 22 18 20 24 19 24 20 25 18 17 0
