13
14
36 26 23 18 12 6 12 6 37 16 5 11 20
0 25 20 19 19 15 15 17 21 15 20 18 22 16 16
25 0 15 23 19 22 25 21 22 23 20 15 25 19 19
20 15 0 16 17 21 15 18 25 20 25 22 16 25 16
19 23 16 0 24 24 18 23 17 15 22 20 18 17 24
19 19 17 24 0 17 23 24 24 20 15 24 19 25 15
15 22 21 24 17 0 21 15 15 15 21 16 25 18 20
15 25 15 18 23 21 0 21 25 15 25 22 16 24 22
17 21 18 23 24 15 21 0 22 21 15 18 19 16 20
21 22 25 17 24 15 25 22 0 24 21 16 23 17 19
15 23 20 15 20 15 15 21 24 0 22 15 17 23 16
20 20 25 22 15 21 25 15 21 22 0 22 16 22 23
18 15 22 20 24 16 22 18 16 15 22 0 18 20 24
22 25 16 18 19 25 16 19 23 17 16 18 0 21 24
16 19 25 17 25 18 24 16 17 23 22 20 21 0 20
16 19 16 24 15 20 22 20 19 16 23 24 24 20 0
