13
15
7 14 34 9 33 35 24 23 12 12 18 40 37
0 25 23 17 25 20 25 15 25 17 21 16 19 22 21
25 0 19 18 21 23 22 25 18 19 23 18 22 22 17
23 19 0 23 19 20 24 17 21 15 25 21 18 23 16
17 18 23 0 22 19 23 19 21 16 22 18 22 16 16
25 21 19 22 0 19 20 18 18 22 25 24 16 25 19
20 23 20 19 19 0 19 24 20 20 22 25 19 20 23
25 22 24 23 20 19 0 22 18 16 22 24 15 22 16
15 25 17 19 18 24 22 0 19 17 15 22 21 17 23
25 18 21 21 18 20 18 19 0 20 24 23 23 18 22
17 19 15 16 22 20 16 17 20 0 25 22 25 18 25
21 23 25 22 25 22 22 15 24 25 0 18 25 15 17
16 18 21 18 24 25 24 22 23 22 18 0 21 20 25
19 22 18 22 16 19 15 21 23 25 25 21 0 17 20
22 22 23 16 25 20 22 17 18 18 15 20 17 0 15
21 17 16 16 19 23 16 23 22 25 17 25 20 15 0
