13
5
66 70 56 68 120 82 50 90 89 100 112 27 9
0 17 24 22 20 18 21 23 25 19 21 23 22 16 25
17 0 15 22 21 16 19 24 25 22 15 22 17 20 15
24 15 0 17 15 22 23 15 25 20 25 23 25 18 19
22 22 17 0 15 21 16 25 24 22 21 19 15 18 23
20 21 15 15 0 15 17 21 15 15 15 19 17 15 16
18 16 22 21 15 0 25 18 19 22 21 20 24 15 16
21 19 23 16 17 25 0 17 24 24 25 20 23 19 23
23 24 15 25 21 18 17 0 25 22 17 16 24 25 23
25 25 25 24 15 19 24 25 0 21 15 24 18 19 20
19 22 20 22 15 22 24 22 21 0 19 18 24 16 16
21 15 25 21 15 21 25 17 15 19 0 25 20 18 25
23 22 23 19 19 20 20 16 24 18 25 0 16 21 18
22 17 25 15 17 24 23 24 18 24 20 16 0 18 16
16 20 18 18 15 15 19 25 19 16 18 21 18 0 15
25 15 19 23 16 16 23 23 20 16 25 18 16 15 0
