13
26
29 16 38 49 50 52 75 57 66 67 68 64 25 77 42 25 43 63 115 71 103 13 14 20 70 90
34 2 119 108 56 93 5 119 120 18 102 108 113 118 3 32 97 17 20 20 58 43 87 28 103 12
103 40 93 43 17 74 37 79 97 63 61 69 96 120 98 30 82 56 4 74 15 83 27 1 104 20
16 92 87 92 67 71 56 72 31 112 26 7 52 4 113 43 24 78 97 4 98 51 89 90 23 81
34 101 81 89 1 116 92 70 25 109 8 46 13 57 54 22 52 75 34 33 19 40 101 22 49 99
73 105 4 42 100 10 34 4 25 48 83 48 71 65 22 92 75 39 88 118 22 109 45 53 70 84
103 83 81 119 78 100 28 34 26 23 89 8 99 67 106 54 119 2 88 96 120 9 15 16 8 86
116 74 63 58 79 90 42 41 12 88 71 1 79 55 86 64 81 82 105 11 20 14 99 80 61 88
16 2 56 34 41 51 84 13 70 82 11 34 1 96 73 89 110 87 101 28 13 74 109 12 20 35
48 100 27 19 3 119 18 115 107 99 13 67 20 60 105 14 108 87 24 26 32 57 68 52 76 24
107 96 23 105 31 65 17 93 36 37 38 30 81 100 12 1 61 13 62 51 91 52 28 74 48 8
108 53 65 93 17 7 20 59 1 36 3 110 76 39 12 3 20 15 21 91 62 1 54 56 84 16
35 19 1 120 60 92 119 110 65 18 35 113 5 105 34 85 70 45 100 52 48 102 60 72 55 49
0 24 25 19 16 25 16 19 24 24 22 21 25 24 17
24 0 24 20 17 21 24 22 19 20 18 22 18 18 16
25 24 0 17 16 17 23 23 17 18 24 22 16 16 25
19 20 17 0 21 17 16 18 15 19 19 20 19 22 21
16 17 16 21 0 15 18 21 25 25 20 20 20 19 18
25 21 17 17 15 0 24 19 24 24 16 15 16 19 21
16 24 23 16 18 24 0 21 21 20 24 25 20 15 25
19 22 23 18 21 19 21 0 18 16 24 25 15 21 19
24 19 17 15 25 24 21 18 0 15 17 17 16 15 23
24 20 18 19 25 24 20 16 15 0 17 17 24 15 24
22 18 24 19 20 16 24 24 17 17 0 20 23 17 15
21 22 22 20 20 15 25 25 17 17 20 0 21 15 16
25 18 16 19 20 16 20 15 16 24 23 21 0 19 17
24 18 16 22 19 19 15 21 15 15 17 15 19 0 25
17 16 25 21 18 21 25 19 23 24 15 16 17 25 0
