13
24
48 54 14 53 3 3 19 62 22 9 72 47 40 44 26 45 46 37 24 65 37 41 72 62
64 20 30 3 79 1 71 29 39 11 6 7 15 50 1 35 33 7 9 9 69 12 35 21
28 57 27 24 43 55 45 59 4 21 40 31 10 25 56 4 56 39 1 76 9 37 43 2
56 32 43 56 77 13 32 60 11 29 12 2 71 80 62 20 1 79 62 3 5 1 63 10
42 28 24 35 49 51 59 76 56 58 71 17 24 29 60 71 22 2 74 33 15 75 29 71
45 21 65 43 55 68 58 5 25 31 75 67 20 70 22 23 12 32 28 67 21 74 75 48
67 53 25 73 3 61 63 31 31 14 52 15 14 31 76 73 52 20 50 29 44 56 35 39
60 46 80 60 61 21 63 38 33 47 15 13 38 65 1 17 19 46 78 31 29 63 41 63
16 35 16 67 12 47 46 7 44 28 32 12 77 31 29 31 36 52 24 10 33 73 11 29
5 11 66 42 31 71 13 19 40 12 14 30 73 75 57 11 45 22 24 26 13 26 53 23
14 53 47 25 18 71 7 30 47 8 27 26 36 36 70 44 43 48 42 70 49 20 9 66
2 40 57 66 29 77 13 60 18 29 16 61 44 78 8 23 51 68 63 19 9 61 80 15
24 69 37 47 38 34 31 19 80 28 50 79 26 62 72 46 20 36 22 45 66 63 54 15
0 24 15 21 25 24 22 25 20 18 22 17 22 18 22
24 0 20 21 15 15 22 16 21 20 19 16 16 23 18
15 20 0 21 23 23 16 21 19 17 23 15 17 24 25
21 21 21 0 24 23 23 21 24 16 23 15 16 23 23
25 15 23 24 0 23 16 22 15 21 20 21 21 19 24
24 15 23 23 23 0 20 21 21 15 21 20 20 23 18
22 22 16 23 16 20 0 23 20 25 17 19 23 15 23
25 16 21 21 22 21 23 0 15 21 22 15 20 15 21
20 21 19 24 15 21 20 15 0 15 24 18 15 18 20
18 20 17 16 21 15 25 21 15 0 16 16 19 20 19
22 19 23 23 20 21 17 22 24 16 0 23 19 18 15
17 16 15 15 21 20 19 15 18 16 23 0 17 18 20
22 16 17 16 21 20 23 20 15 19 19 17 0 15 17
18 23 24 23 19 23 15 15 18 20 18 18 15 0 20
22 18 25 23 24 18 23 21 20 19 15 20 17 20 0
