13
14
5 34 17 75 76 9 1 78 71 76 52 29 71 2
69 35 4 50 50 6 22 53 32 50 5 61 12 78
66 29 53 8 27 2 18 38 11 33 62 60 13 17
28 20 5 9 65 60 79 23 65 79 22 14 4 60
40 58 21 25 2 73 28 25 67 38 55 72 46 4
27 7 70 36 7 41 29 27 11 55 57 75 75 50
51 78 69 23 65 68 79 1 42 36 45 77 19 75
11 54 46 49 79 72 64 61 31 14 6 42 18 59
16 54 14 17 53 26 63 65 42 17 72 29 53 36
47 51 62 32 70 66 66 7 79 38 2 33 45 52
47 1 66 15 5 55 13 13 77 44 8 3 35 34
49 46 44 15 77 4 25 34 19 35 29 8 46 79
37 52 21 60 3 12 59 33 62 19 13 4 50 16
0 22 16 17 23 20 16 20 16 23 19 17 16 20 24
22 0 25 17 25 19 19 18 22 20 19 25 16 23 20
16 25 0 23 23 19 24 23 17 22 21 15 22 23 25
17 17 23 0 19 23 20 16 23 18 23 23 25 22 25
23 25 23 19 0 15 19 21 19 21 21 25 22 22 25
20 19 19 23 15 0 21 15 19 15 23 22 15 24 24
16 19 24 20 19 21 0 17 19 20 15 16 21 20 20
20 18 23 16 21 15 17 0 17 25 16 22 18 24 20
16 22 17 23 19 19 19 17 0 18 17 15 21 20 19
23 20 22 18 21 15 20 25 18 0 24 22 25 25 15
19 19 21 23 21 23 15 16 17 24 0 19 23 25 21
17 25 15 23 25 22 16 22 15 22 19 0 18 24 15
16 16 22 25 22 15 21 18 21 25 23 18 0 17 23
20 23 23 22 22 24 20 24 20 25 25 24 17 0 19
24 20 25 25 25 24 20 20 19 15 21 15 23 19 0
