13
13
108 156 4 59 88 19 12 105 111 148 123 49 70
0 17 21 18 15 20 16 15 15 15 25 21 17 20 23
17 0 15 20 17 15 25 25 23 20 18 19 23 16 24
21 15 0 24 17 21 16 25 22 18 15 22 22 22 25
18 20 24 0 24 16 19 17 25 18 15 19 22 19 25
15 17 17 24 0 23 18 15 21 18 20 19 23 17 19
20 15 21 16 23 0 16 20 22 23 25 23 19 16 20
16 25 16 19 18 16 0 25 22 21 22 22 22 15 23
15 25 25 17 15 20 25 0 16 18 23 25 25 22 23
15 23 22 25 21 22 22 16 0 25 20 25 19 17 23
15 20 18 18 18 23 21 18 25 0 20 18 22 20 15
25 18 15 15 20 25 22 23 20 20 0 16 23 23 19
21 19 22 19 19 23 22 25 25 18 16 0 17 18 17
17 23 22 22 23 19 22 25 19 22 23 17 0 16 21
20 16 22 19 17 16 15 22 17 20 23 18 16 0 17
23 24 25 25 19 20 23 23 23 15 19 17 21 17 0
