13
6
27 131 94 151 10 41
120 56 4 97 129 18
22 45 95 131 126 34
55 99 92 89 60 49
98 148 50 42 139 135
61 57 57 52 4 32
143 102 48 25 125 152
24 81 120 87 76 28
99 155 150 58 127 29
111 112 147 74 150 111
18 131 4 24 89 13
152 135 19 157 138 57
99 62 135 73 155 113
0 17 24 16 15 16 24 21 25 19 19 25 24 16 16
17 0 17 18 17 22 16 23 22 15 23 23 23 21 23
24 17 0 16 23 18 24 15 16 23 15 23 18 20 16
16 18 16 0 15 19 21 16 22 18 22 20 21 20 20
15 17 23 15 0 15 21 19 18 17 15 17 23 25 22
16 22 18 19 15 0 24 21 17 22 15 23 23 25 24
24 16 24 21 21 24 0 24 18 23 22 20 20 24 16
21 23 15 16 19 21 24 0 21 15 22 20 25 21 24
25 22 16 22 18 17 18 21 0 16 20 25 16 25 23
19 15 23 18 17 22 23 15 16 0 17 22 20 17 23
19 23 15 22 15 15 22 22 20 17 0 18 24 18 24
25 23 23 20 17 23 20 20 25 22 18 0 17 18 17
24 23 18 21 23 23 20 25 16 20 24 17 0 24 23
16 21 20 20 25 25 24 21 25 17 18 18 24 0 17
16 23 16 20 22 24 16 24 23 23 24 17 23 17 0
