13
8
22 35 15 23 40 29 4 14 5 13 21 8 30
0 22 22 21 18 21 18 23 19 22 21 17 24 16 20
22 0 24 19 25 19 22 25 16 20 23 19 25 25 22
22 24 0 18 15 18 18 22 18 20 25 16 20 17 17
21 19 18 0 25 24 19 24 24 22 23 25 20 20 19
18 25 15 25 0 20 25 25 20 15 20 23 16 23 15
21 19 18 24 20 0 15 23 17 18 20 17 18 17 16
18 22 18 19 25 15 0 16 21 16 23 19 24 16 15
23 25 22 24 25 23 16 0 18 23 22 16 21 16 23
19 16 18 24 20 17 21 18 0 24 16 22 18 15 18
22 20 20 22 15 18 16 23 24 0 16 21 18 22 23
21 23 25 23 20 20 23 22 16 16 0 16 23 21 21
17 19 16 25 23 17 19 16 22 21 16 0 18 16 24
24 25 20 20 16 18 24 21 18 18 23 18 0 16 18
16 25 17 20 23 17 16 16 15 22 21 16 16 0 22
20 22 17 19 15 16 15 23 18 23 21 24 18 22 0
