13
24
31 82 99 27 124 122 44 129 117 154 126 38 143 80 42 114 124 35 157 58 73 28 114 108
121 56 116 135 103 142 49 56 146 141 79 38 158 158 80 109 69 39 10 81 135 39 75 17
149 21 135 121 159 120 159 21 142 148 28 88 61 37 121 97 91 4 93 147 94 150 46 89
153 42 78 87 142 59 127 60 9 37 72 72 3 94 74 128 86 23 102 123 84 133 21 71
69 33 61 68 89 133 88 93 18 158 101 31 126 41 17 138 100 131 30 98 82 109 24 48
124 79 116 145 101 111 1 128 3 48 40 129 71 125 156 55 93 120 134 45 76 80 96 160
37 67 48 19 8 18 50 10 105 149 58 136 145 90 59 76 143 100 1 118 28 12 131 9
130 85 136 90 16 66 133 72 124 55 116 39 18 154 25 71 60 8 116 10 138 134 85 62
106 115 159 54 142 44 131 82 89 52 36 115 66 148 114 142 95 40 60 77 132 49 93 32
71 97 79 7 108 28 110 71 125 125 98 120 152 9 62 130 30 63 31 160 53 26 43 122
137 48 76 39 15 69 100 100 84 80 18 132 48 141 44 98 118 75 24 111 129 34 88 23
156 119 96 33 51 106 110 112 95 82 30 97 79 96 109 114 96 113 74 17 9 43 145 114
15 43 44 38 126 12 100 102 155 61 93 150 79 68 137 55 52 65 140 13 134 97 136 68
0 22 21 22 21 16 19 21 18 16 24 17 23 22 15
22 0 25 25 23 19 19 24 22 15 24 20 24 17 19
21 25 0 24 22 22 19 18 19 20 24 23 24 20 17
22 25 24 0 25 15 15 17 23 25 22 15 20 19 21
21 23 22 25 0 17 22 24 22 18 19 17 17 25 16
16 19 22 15 17 0 15 19 19 25 15 19 19 18 19
19 19 19 15 22 15 0 25 24 18 24 21 18 22 24
21 24 18 17 24 19 25 0 25 25 19 21 19 22 22
18 22 19 23 22 19 24 25 0 21 21 21 24 23 22
16 15 20 25 18 25 18 25 21 0 23 19 16 17 17
24 24 24 22 19 15 24 19 21 23 0 21 20 16 25
17 20 23 15 17 19 21 21 21 19 21 0 25 24 22
23 24 24 20 17 19 18 19 24 16 20 25 0 18 18
22 17 20 19 25 18 22 22 23 17 16 24 18 0 17
15 19 17 21 16 19 24 22 22 17 25 22 18 17 0
