13
12
1 16 34 35 32 22 13 4 5 21 14 4 21
0 19 15 15 19 21 25 16 24 17 20 25 18 20 19
19 0 22 24 19 23 16 21 16 17 23 17 24 24 16
15 22 0 24 24 19 20 23 15 24 21 21 24 23 17
15 24 24 0 18 23 20 19 21 16 15 25 15 20 25
19 19 24 18 0 15 25 19 19 17 15 25 16 23 18
21 23 19 23 15 0 15 25 15 25 17 19 18 16 25
25 16 20 20 25 15 0 22 25 19 16 15 24 15 20
16 21 23 19 19 25 22 0 23 16 21 18 20 22 23
24 16 15 21 19 15 25 23 0 21 18 20 19 17 15
17 17 24 16 17 25 19 16 21 0 16 16 25 18 23
20 23 21 15 15 17 16 21 18 16 0 15 16 22 16
25 17 21 25 25 19 15 18 20 16 15 0 15 24 22
18 24 24 15 16 18 24 20 19 25 16 15 0 18 22
20 24 23 20 23 16 15 22 17 18 22 24 18 0 25
19 16 17 25 18 25 20 23 15 23 16 22 22 25 0
