13
10
53 92 17 55 100 28 31 39 56 65 84 67 80
0 17 22 18 16 15 17 24 19 16 20 23 17 21 20
17 0 22 23 22 21 15 15 15 22 20 22 18 22 20
22 22 0 18 16 18 25 17 19 15 20 23 17 17 18
18 23 18 0 25 23 23 19 23 24 25 20 23 20 16
16 22 16 25 0 22 24 18 17 16 19 22 18 18 18
15 21 18 23 22 0 17 18 20 22 19 16 16 25 22
17 15 25 23 24 17 0 18 16 16 18 15 18 23 24
24 15 17 19 18 18 18 0 21 20 21 21 16 18 21
19 15 19 23 17 20 16 21 0 25 19 15 21 15 21
16 22 15 24 16 22 16 20 25 0 24 22 17 17 18
20 20 20 25 19 19 18 21 19 24 0 19 19 22 24
23 22 23 20 22 16 15 21 15 22 19 0 19 19 25
17 18 17 23 18 16 18 16 21 17 19 19 0 24 23
21 22 17 20 18 25 23 18 15 17 22 19 24 0 15
20 20 18 16 18 22 24 21 21 18 24 25 23 15 0
