13
12
153 4 36 101 84 25 103 137 112 152 2 75
93 132 45 141 134 37 24 7 97 104 79 85
92 90 98 76 50 92 77 137 74 95 59 65
139 7 125 135 17 66 31 128 19 115 105 143
43 51 10 60 91 90 110 80 75 87 50 87
131 58 116 44 57 22 78 158 70 102 150 121
21 37 160 24 2 138 27 17 58 25 115 151
21 28 82 40 139 135 134 81 36 160 31 92
135 10 19 49 112 87 88 100 70 140 82 119
98 54 76 113 64 57 54 18 123 38 43 158
86 63 42 142 63 49 126 44 12 36 88 140
148 74 96 77 1 22 67 119 60 64 149 49
45 48 109 92 92 44 74 32 14 93 118 46
0 22 16 21 25 16 20 16 18 24 20 18 15 25 16
22 0 23 25 25 19 25 18 19 18 21 21 22 15 21
16 23 0 17 23 15 21 20 21 21 23 21 20 25 15
21 25 17 0 21 21 15 19 15 25 18 15 18 21 23
25 25 23 21 0 20 19 20 16 21 16 19 18 23 23
16 19 15 21 20 0 18 20 18 15 15 22 15 15 19
20 25 21 15 19 18 0 17 17 19 17 18 16 17 23
16 18 20 19 20 20 17 0 19 16 22 20 16 21 23
18 19 21 15 16 18 17 19 0 17 17 17 20 23 22
24 18 21 25 21 15 19 16 17 0 15 15 18 15 16
20 21 23 18 16 15 17 22 17 15 0 18 21 15 15
18 21 21 15 19 22 18 20 17 15 18 0 16 21 16
15 22 20 18 18 15 16 16 20 18 21 16 0 19 15
25 15 25 21 23 15 17 21 23 15 15 21 19 0 17
16 21 15 23 23 19 23 23 22 16 15 16 15 17 0
