13
16
39 114 45 141 64 6 65 32 56 80 159 109 83 87 109 46
85 101 5 55 74 134 48 28 19 99 123 149 122 37 140 108
130 130 102 16 131 131 80 91 147 42 53 124 52 89 53 24
107 101 70 160 98 54 63 96 29 75 142 15 43 91 58 5
35 99 27 153 106 66 36 83 121 34 47 6 72 95 50 68
150 159 39 32 103 101 118 65 31 102 148 31 107 58 159 38
121 114 31 47 88 85 78 93 103 5 51 106 110 27 148 13
5 72 142 25 40 29 156 159 41 45 107 29 114 73 63 8
71 55 72 143 116 102 101 36 80 13 157 100 79 32 110 83
158 100 43 78 154 105 86 83 152 27 28 139 51 88 148 1
114 31 145 113 42 114 44 86 136 127 98 48 112 104 5 64
93 33 24 56 105 2 142 24 39 118 56 17 72 53 141 152
29 98 38 43 138 135 84 20 65 105 23 147 15 124 111 94
0 23 16 24 17 19 21 22 15 15 16 19 18 16 16
23 0 19 18 22 21 22 17 17 20 22 23 24 18 16
16 19 0 23 17 24 18 25 23 17 22 15 23 22 24
24 18 23 0 25 16 15 19 20 25 16 22 15 18 25
17 22 17 25 0 18 21 17 16 22 23 15 20 22 16
19 21 24 16 18 0 23 17 22 21 16 20 25 25 16
21 22 18 15 21 23 0 18 23 15 16 25 16 16 25
22 17 25 19 17 17 18 0 15 25 19 25 24 19 16
15 17 23 20 16 22 23 15 0 21 25 17 18 19 23
15 20 17 25 22 21 15 25 21 0 16 22 17 22 22
16 22 22 16 23 16 16 19 25 16 0 18 22 19 20
19 23 15 22 15 20 25 25 17 22 18 0 15 24 18
18 24 23 15 20 25 16 24 18 17 22 15 0 16 17
16 18 22 18 22 25 16 19 19 22 19 24 16 0 21
16 16 24 25 16 16 25 16 23 22 20 18 17 21 0
