13
15
7 53 69 82 74 118 20 22 24 110 47 37 42
0 16 22 20 19 16 16 18 24 22 19 17 24 18 18
16 0 24 19 22 23 19 21 22 16 25 24 18 17 18
22 24 0 18 25 25 19 19 18 19 17 22 19 19 15
20 19 18 0 19 21 16 21 21 21 19 21 20 15 18
19 22 25 19 0 24 25 18 21 17 18 24 18 24 16
16 23 25 21 24 0 19 17 16 23 22 16 25 25 15
16 19 19 16 25 19 0 25 16 22 20 15 23 22 23
18 21 19 21 18 17 25 0 16 23 25 20 20 23 18
24 22 18 21 21 16 16 16 0 17 21 22 23 15 18
22 16 19 21 17 23 22 23 17 0 22 20 20 25 17
19 25 17 19 18 22 20 25 21 22 0 23 17 22 19
17 24 22 21 24 16 15 20 22 20 23 0 16 23 16
24 18 19 20 18 25 23 20 23 20 17 16 0 17 25
18 17 19 15 24 25 22 23 15 25 22 23 17 0 15
18 18 15 18 16 15 23 18 18 17 19 16 25 15 0
