13
13
108 117 103 19 29 142 6 45 96 20 17 98 103
0 23 20 19 16 24 23 17 18 22 17 24 17 21 23
23 0 24 22 19 20 19 18 22 16 18 21 25 24 25
20 24 0 17 22 18 24 21 19 20 21 22 18 24 25
19 22 17 0 16 18 20 17 18 17 17 19 16 25 23
16 19 22 16 0 18 22 21 24 17 21 19 25 21 15
24 20 18 18 18 0 19 21 18 19 25 19 22 25 16
23 19 24 20 22 19 0 23 16 24 18 16 23 16 24
17 18 21 17 21 21 23 0 18 17 19 24 23 25 22
18 22 19 18 24 18 16 18 0 15 15 17 19 21 17
22 16 20 17 17 19 24 17 15 0 15 18 18 23 17
17 18 21 17 21 25 18 19 15 15 0 17 21 23 18
24 21 22 19 19 19 16 24 17 18 17 0 25 25 16
17 25 18 16 25 22 23 23 19 18 21 25 0 22 17
21 24 24 25 21 25 16 25 21 23 23 25 22 0 23
23 25 25 23 15 16 24 22 17 17 18 16 17 23 0
