13
18
5 4 21 19 25 16 7 32 22 10 37 8 35 24 1 19 10 31
21 32 29 39 35 15 7 38 29 26 16 22 22 33 7 33 40 23
25 11 17 13 7 4 9 23 24 37 17 29 20 16 16 27 30 10
33 20 35 2 11 12 15 18 7 31 20 25 40 36 4 27 4 27
28 31 11 18 8 17 30 4 26 4 26 19 33 24 35 27 40 10
4 37 35 18 39 37 7 31 39 33 14 25 22 37 16 26 5 16
7 32 28 35 10 6 9 25 1 3 18 33 10 32 37 27 40 10
7 18 8 9 19 28 39 1 9 16 30 8 39 29 19 30 8 35
28 11 20 19 32 2 37 34 26 1 40 4 4 2 30 9 14 39
1 24 18 1 29 23 3 6 17 4 31 10 26 26 1 11 9 27
9 25 39 5 24 15 18 1 7 11 24 9 4 16 32 12 13 12
12 8 35 25 30 10 23 1 23 18 30 37 29 4 3 31 22 5
18 17 34 23 27 36 14 11 15 39 18 27 34 24 23 27 17 22
0 23 22 19 24 21 23 15 21 15 19 25 19 22 25
23 0 18 16 15 16 25 18 21 15 17 23 21 15 20
22 18 0 16 22 23 22 19 17 16 15 21 23 23 23
19 16 16 0 15 21 23 21 16 16 24 16 21 20 15
24 15 22 15 0 17 24 18 19 25 20 18 23 23 21
21 16 23 21 17 0 19 15 20 16 17 20 23 18 24
23 25 22 23 24 19 0 25 24 15 19 22 15 21 19
15 18 19 21 18 15 25 0 15 23 25 15 18 15 25
21 21 17 16 19 20 24 15 0 18 25 21 15 24 19
15 15 16 16 25 16 15 23 18 0 20 20 21 24 20
19 17 15 24 20 17 19 25 25 20 0 21 18 16 25
25 23 21 16 18 20 22 15 21 20 21 0 16 24 18
19 21 23 21 23 23 15 18 15 21 18 16 0 15 16
22 15 23 20 23 18 21 15 24 24 16 24 15 0 21
25 20 23 15 21 24 19 25 19 20 25 18 16 21 0
