13
14
102 42 40 117 160 67 24 129 138 100 50 68 121 4
155 29 50 81 118 145 116 16 82 39 152 73 81 140
17 133 153 154 99 26 87 71 13 71 158 114 79 30
84 109 20 153 154 11 82 61 49 34 18 117 117 71
133 18 46 117 131 30 79 55 19 105 14 115 127 62
126 143 22 102 130 105 34 18 136 39 32 147 5 57
66 8 84 91 1 115 17 147 40 125 56 7 43 89
83 88 118 31 39 129 143 90 104 68 45 123 141 29
3 64 15 111 41 117 9 148 62 95 45 69 51 136
142 138 110 60 13 55 103 10 78 80 129 47 153 106
17 91 146 102 74 118 11 10 21 154 60 87 14 72
106 85 53 81 10 15 99 150 46 109 148 87 125 109
112 9 89 97 128 128 103 36 120 100 47 131 121 140
0 21 20 15 20 17 25 25 21 20 15 23 18 23 20
21 0 15 18 21 15 16 24 23 17 24 16 21 18 24
20 15 0 15 24 23 18 25 23 22 17 20 24 23 19
15 18 15 0 19 18 16 16 22 18 22 20 25 18 20
20 21 24 19 0 15 22 21 21 18 19 23 23 22 18
17 15 23 18 15 0 25 21 18 21 19 21 15 23 22
25 16 18 16 22 25 0 21 24 23 20 18 15 23 22
25 24 25 16 21 21 21 0 20 20 21 25 17 25 20
21 23 23 22 21 18 24 20 0 18 25 16 25 22 15
20 17 22 18 18 21 23 20 18 0 20 24 17 22 20
15 24 17 22 19 19 20 21 25 20 0 18 25 19 15
23 16 20 20 23 21 18 25 16 24 18 0 17 25 19
18 21 24 25 23 15 15 17 25 17 25 17 0 18 17
23 18 23 18 22 23 23 25 22 22 19 25 18 0 25
20 24 19 20 18 22 22 20 15 20 15 19 17 25 0
