13
10
47 29 38 98 115 97 12 14 68 72 43 88 36
0 25 17 25 25 15 22 16 23 15 16 24 20 17 15
25 0 20 20 15 21 19 19 20 18 25 20 25 17 19
17 20 0 21 23 23 21 24 15 23 18 25 20 20 22
25 20 21 0 21 17 23 18 20 17 21 16 18 18 21
25 15 23 21 0 19 23 25 16 23 18 21 23 18 25
15 21 23 17 19 0 20 20 21 24 25 19 17 15 19
22 19 21 23 23 20 0 25 24 20 16 23 22 24 16
16 19 24 18 25 20 25 0 16 25 21 24 20 22 23
23 20 15 20 16 21 24 16 0 20 17 15 16 25 20
15 18 23 17 23 24 20 25 20 0 22 20 23 22 18
16 25 18 21 18 25 16 21 17 22 0 25 23 23 18
24 20 25 16 21 19 23 24 15 20 25 0 24 25 16
20 25 20 18 23 17 22 20 16 23 23 24 0 15 16
17 17 20 18 18 15 24 22 25 22 23 25 15 0 20
15 19 22 21 25 19 16 23 20 18 18 16 16 20 0
