13
16
80 72 46 9 17 40 57 41 4 40 46 7 80 12 47 15
75 1 45 16 50 70 51 42 70 22 16 61 49 79 43 63
63 69 44 73 64 4 34 51 6 14 48 75 68 9 10 72
11 1 15 28 28 45 6 38 43 43 64 36 14 16 46 21
47 45 17 46 43 34 80 57 13 32 38 75 70 31 7 1
45 12 37 36 28 12 49 48 61 48 11 11 26 15 51 12
41 78 4 47 1 10 46 61 59 5 40 28 44 30 54 69
72 73 16 51 80 16 60 73 57 61 13 20 46 73 75 53
41 78 66 41 73 50 48 35 68 70 25 47 42 40 31 75
66 68 29 57 66 68 70 38 15 79 44 74 46 24 42 35
63 38 7 3 25 14 35 13 51 76 56 60 18 71 72 28
54 2 63 42 40 6 36 4 16 64 46 47 74 45 36 58
23 9 64 44 36 54 26 34 61 35 28 20 6 42 37 21
0 24 20 15 25 25 18 21 25 23 22 17 22 21 24
24 0 19 15 20 20 24 22 24 18 24 19 22 23 21
20 19 0 21 16 22 20 25 20 25 21 23 25 19 19
15 15 21 0 24 19 20 19 19 23 19 16 16 20 23
25 20 16 24 0 23 25 23 20 19 21 18 23 23 19
25 20 22 19 23 0 17 15 16 17 23 25 15 25 21
18 24 20 20 25 17 0 17 15 22 16 21 16 18 16
21 22 25 19 23 15 17 0 18 24 20 18 21 22 20
25 24 20 19 20 16 15 18 0 15 21 20 19 24 23
23 18 25 23 19 17 22 24 15 0 16 22 16 24 24
22 24 21 19 21 23 16 20 21 16 0 16 22 16 18
17 19 23 16 18 25 21 18 20 22 16 0 23 16 16
22 22 25 16 23 15 16 21 19 16 22 23 0 20 24
21 23 19 20 23 25 18 22 24 24 16 16 20 0 15
24 21 19 23 19 21 16 20 23 24 18 16 24 15 0
