13
6
78 54 42 23 69 8 27 53 69 29 63 47 32
0 24 15 20 16 19 17 16 21 17 20 20 17 23 18
24 0 25 21 18 19 23 23 22 15 25 19 23 21 25
15 25 0 21 20 23 16 24 15 19 16 15 16 25 19
20 21 21 0 17 23 20 21 15 25 18 18 22 23 16
16 18 20 17 0 23 18 25 15 18 18 16 19 23 16
19 19 23 23 23 0 17 25 15 20 18 18 19 16 15
17 23 16 20 18 17 0 16 21 21 19 20 23 22 18
16 23 24 21 25 25 16 0 25 15 16 17 16 17 25
21 22 15 15 15 15 21 25 0 18 22 24 25 16 17
17 15 19 25 18 20 21 15 18 0 20 19 25 15 16
20 25 16 18 18 18 19 16 22 20 0 18 20 22 20
20 19 15 18 16 18 20 17 24 19 18 0 20 25 18
17 23 16 22 19 19 23 16 25 25 20 20 0 19 25
23 21 25 23 23 16 22 17 16 15 22 25 19 0 20
18 25 19 16 16 15 18 25 17 16 20 18 25 20 0
