13
9
25 5 88 47 6 31 70 48 68 53 45 36 63
0 19 18 25 25 15 20 21 18 25 24 20 25 19 20
19 0 22 17 18 15 17 23 17 20 17 21 15 15 15
18 22 0 25 24 25 17 15 16 17 16 21 22 19 15
25 17 25 0 15 23 21 21 15 15 19 19 20 21 19
25 18 24 15 0 19 18 20 15 16 17 19 25 19 21
15 15 25 23 19 0 15 21 18 16 15 22 21 24 19
20 17 17 21 18 15 0 18 20 22 15 20 23 16 24
21 23 15 21 20 21 18 0 24 22 18 19 17 20 23
18 17 16 15 15 18 20 24 0 21 21 25 19 17 22
25 20 17 15 16 16 22 22 21 0 24 25 20 19 19
24 17 16 19 17 15 15 18 21 24 0 16 23 19 17
20 21 21 19 19 22 20 19 25 25 16 0 21 17 24
25 15 22 20 25 21 23 17 19 20 23 21 0 16 23
19 15 19 21 19 24 16 20 17 19 19 17 16 0 22
20 15 15 19 21 19 24 23 22 19 17 24 23 22 0
