13
4
93 45 102 77
19 9 64 90
36 142 28 62
8 28 77 63
102 109 154 79
8 56 131 67
105 30 139 89
49 83 9 53
48 103 29 135
130 155 1 41
49 18 99 62
117 133 95 146
5 125 116 50
0 25 17 24 25 16 20 24 18 21 17 18 21 17 18
25 0 22 16 23 20 16 21 25 21 21 18 21 21 21
17 22 0 24 24 17 18 19 18 23 17 17 18 21 24
24 16 24 0 24 19 16 23 21 22 23 17 19 16 20
25 23 24 24 0 16 25 20 22 17 15 16 25 17 21
16 20 17 19 16 0 18 23 21 18 24 18 25 19 20
20 16 18 16 25 18 0 25 20 17 18 21 23 25 16
24 21 19 23 20 23 25 0 23 17 25 22 25 23 22
18 25 18 21 22 21 20 23 0 24 16 17 18 15 24
21 21 23 22 17 18 17 17 24 0 23 19 24 24 15
17 21 17 23 15 24 18 25 16 23 0 23 25 19 24
18 18 17 17 16 18 21 22 17 19 23 0 16 16 23
21 21 18 19 25 25 23 25 18 24 25 16 0 23 16
17 21 21 16 17 19 25 23 15 24 19 16 23 0 19
18 21 24 20 21 20 16 22 24 15 24 23 16 19 0
