13
16
138 15 128 37 150 86 138 154 3 17 101 9 18
0 19 24 22 24 19 16 25 24 24 17 20 15 20 24
19 0 25 25 17 21 25 23 20 18 23 16 23 24 16
24 25 0 15 17 16 17 19 19 24 18 15 24 16 17
22 25 15 0 25 18 22 15 25 24 19 18 16 21 25
24 17 17 25 0 19 20 15 25 23 19 21 25 21 16
19 21 16 18 19 0 22 23 19 21 19 17 20 18 24
16 25 17 22 20 22 0 21 16 20 20 18 22 15 17
25 23 19 15 15 23 21 0 20 20 19 18 15 18 23
24 20 19 25 25 19 16 20 0 23 20 23 24 22 21
24 18 24 24 23 21 20 20 23 0 21 17 25 24 23
17 23 18 19 19 19 20 19 20 21 0 23 23 24 22
20 16 15 18 21 17 18 18 23 17 23 0 16 22 21
15 23 24 16 25 20 22 15 24 25 23 16 0 19 20
20 24 16 21 21 18 15 18 22 24 24 22 19 0 20
24 16 17 25 16 24 17 23 21 23 22 21 20 20 0
