13
18
58 5 11 38 23 42 31 43 20 50 33 51 25 10 55 77 49 9
1 11 69 80 37 55 74 80 69 74 12 45 38 42 16 9 21 44
63 66 71 78 19 7 13 79 6 27 76 53 75 78 48 47 7 53
32 58 50 76 77 7 78 50 57 73 56 2 79 51 12 6 25 28
26 41 13 1 40 11 19 31 26 31 30 72 27 68 29 57 22 48
59 56 26 36 43 47 67 80 39 72 68 53 55 80 65 40 65 6
18 15 37 30 10 69 26 52 13 59 11 15 40 15 52 19 72 59
74 30 32 32 31 19 55 31 13 45 15 44 79 35 8 36 55 61
44 29 8 40 30 69 18 5 14 78 35 36 68 69 2 78 47 33
35 10 72 25 74 33 39 24 19 64 19 54 66 13 10 41 2 41
52 52 37 21 30 47 3 2 45 48 62 34 26 30 28 11 6 74
41 73 37 50 74 14 80 56 64 19 37 28 49 76 62 30 60 20
6 20 38 3 10 60 46 9 22 50 46 74 52 50 65 63 58 57
0 16 25 15 18 22 18 24 23 18 15 15 22 19 17
16 0 16 23 20 24 16 16 19 16 24 25 22 19 19
25 16 0 23 21 23 16 23 15 18 19 17 19 17 23
15 23 23 0 21 20 15 19 20 20 18 25 24 17 23
18 20 21 21 0 23 20 17 20 15 20 15 24 15 18
22 24 23 20 23 0 17 20 25 16 22 23 17 21 18
18 16 16 15 20 17 0 25 19 21 19 17 17 24 15
24 16 23 19 17 20 25 0 24 18 24 16 15 21 22
23 19 15 20 20 25 19 24 0 23 15 24 23 21 22
18 16 18 20 15 16 21 18 23 0 17 24 21 18 18
15 24 19 18 20 22 19 24 15 17 0 15 19 22 23
15 25 17 25 15 23 17 16 24 24 15 0 17 15 17
22 22 19 24 24 17 17 15 23 21 19 17 0 18 21
19 19 17 17 15 21 24 21 21 18 22 15 18 0 20
17 19 23 23 18 18 15 22 22 18 23 17 21 20 0
