13
11
21 11 26 71 40 46 42 27 28 48 60 46 67
0 23 17 20 23 18 15 22 22 22 21 22 22 18 23
23 0 25 19 25 21 21 23 25 19 18 17 15 16 18
17 25 0 17 17 25 15 21 24 15 17 22 20 17 15
20 19 17 0 22 16 21 23 24 16 23 23 21 24 15
23 25 17 22 0 15 18 21 24 25 18 25 22 21 24
18 21 25 16 15 0 24 22 18 21 19 18 20 18 22
15 21 15 21 18 24 0 19 16 19 16 18 16 16 18
22 23 21 23 21 22 19 0 20 23 24 23 21 22 24
22 25 24 24 24 18 16 20 0 22 17 16 24 16 23
22 19 15 16 25 21 19 23 22 0 18 24 17 25 21
21 18 17 23 18 19 16 24 17 18 0 22 22 25 21
22 17 22 23 25 18 18 23 16 24 22 0 19 25 19
22 15 20 21 22 20 16 21 24 17 22 19 0 18 24
18 16 17 24 21 18 16 22 16 25 25 25 18 0 16
23 18 15 15 24 22 18 24 23 21 21 19 24 16 0
