13
22
51 30 103 97 67 44 101 73 22 47 74 101 60 113 22 72 120 52 67 41 39 87
115 74 92 3 77 75 3 37 30 79 79 76 51 22 32 32 12 93 105 35 108 117
105 104 88 85 100 55 36 92 10 120 5 30 79 9 19 31 60 56 64 118 89 2
41 3 71 102 120 9 49 74 34 98 66 34 111 58 103 38 90 37 85 104 118 89
77 11 95 87 41 104 88 104 11 70 118 5 16 106 48 112 74 79 23 41 13 9
75 93 104 115 49 94 64 63 35 41 25 13 74 50 19 23 39 86 19 88 68 68
33 80 71 18 37 9 16 54 32 109 109 68 72 98 63 84 43 9 22 52 9 18
24 79 34 100 96 61 14 58 3 57 76 41 4 113 34 54 110 80 14 16 21 116
77 50 104 103 44 72 52 7 31 84 102 33 37 23 112 72 71 59 113 93 70 98
63 21 1 18 113 116 15 36 109 72 35 6 98 8 45 84 23 12 94 72 76 92
10 17 7 33 87 12 3 89 70 25 22 29 53 91 97 98 35 57 53 44 117 79
71 119 120 98 51 45 81 24 35 111 10 85 47 100 58 72 86 93 36 38 68 56
95 28 57 46 95 57 27 71 31 4 83 34 82 32 39 14 78 83 11 45 25 12
0 15 23 15 15 19 17 17 16 18 18 16 17 25 18
15 0 25 21 19 17 23 15 21 23 18 18 16 16 17
23 25 0 24 17 21 17 23 24 18 17 24 23 23 25
15 21 24 0 24 25 15 19 23 20 21 15 15 16 23
15 19 17 24 0 25 17 15 19 21 20 15 16 17 23
19 17 21 25 25 0 25 22 24 19 19 16 24 20 19
17 23 17 15 17 25 0 23 24 24 21 15 24 24 19
17 15 23 19 15 22 23 0 15 16 21 15 20 16 15
16 21 24 23 19 24 24 15 0 23 17 25 19 23 15
18 23 18 20 21 19 24 16 23 0 24 23 19 18 25
18 18 17 21 20 19 21 21 17 24 0 22 15 23 21
16 18 24 15 15 16 15 15 25 23 22 0 15 24 23
17 16 23 15 16 24 24 20 19 19 15 15 0 17 21
25 16 23 16 17 20 24 16 23 18 23 24 17 0 24
18 17 25 23 23 19 19 15 15 25 21 23 21 24 0
