13
22
33 4 34 15 37 12 26 6 18 40 6 21 40 13 30 12 28 21 39 5 21 3
12 22 38 8 11 38 1 12 18 30 1 24 26 28 11 2 22 11 18 20 34 9
5 31 38 16 26 39 40 24 26 39 26 36 22 26 15 19 24 9 16 5 39 3
22 3 2 4 2 29 22 31 17 27 35 38 9 20 21 32 9 20 38 32 13 25
21 40 9 12 22 13 1 30 10 29 34 35 21 3 26 37 7 27 39 1 25 5
21 22 25 17 18 6 32 20 3 29 9 33 25 40 12 5 23 11 35 18 40 23
35 4 20 12 16 10 22 32 24 30 19 14 28 2 34 39 4 34 11 11 13 29
15 6 33 34 2 10 31 27 2 18 30 20 23 17 19 36 15 23 15 11 26 14
39 36 31 36 21 5 35 31 21 38 15 38 33 35 6 29 28 33 30 17 30 34
24 9 32 12 32 7 10 8 25 17 33 23 38 17 40 36 30 25 25 40 20 12
21 17 22 30 39 39 29 5 16 5 9 32 16 17 8 14 1 5 17 8 22 36
23 29 21 17 28 32 37 29 1 10 32 29 40 28 23 33 7 39 12 26 39 40
24 36 25 8 6 12 10 23 37 19 29 36 25 35 32 23 37 35 12 28 32 17
0 17 17 15 21 21 22 25 19 18 16 18 17 19 17
17 0 20 22 16 22 23 23 19 17 23 23 19 25 19
17 20 0 20 19 16 19 20 25 23 17 24 18 19 17
15 22 20 0 16 22 24 16 17 19 17 21 19 21 25
21 16 19 16 0 20 22 25 18 20 18 20 17 22 19
21 22 16 22 20 0 19 23 21 16 25 24 25 25 16
22 23 19 24 22 19 0 18 16 18 25 19 21 17 17
25 23 20 16 25 23 18 0 19 15 23 20 17 17 24
19 19 25 17 18 21 16 19 0 19 23 16 21 22 17
18 17 23 19 20 16 18 15 19 0 16 25 22 23 24
16 23 17 17 18 25 25 23 23 16 0 20 21 23 24
18 23 24 21 20 24 19 20 16 25 20 0 21 20 21
17 19 18 19 17 25 21 17 21 22 21 21 0 17 17
19 25 19 21 22 25 17 17 22 23 23 20 17 0 22
17 19 17 25 19 16 17 24 17 24 24 21 17 22 0
