13
15
65 47 13 69 44 10 1 21 41 65 56 17 69
0 24 15 24 15 17 24 18 22 15 24 20 19 23 23
24 0 21 19 19 24 21 16 21 22 19 16 16 15 24
15 21 0 17 15 18 17 16 15 21 18 22 22 15 16
24 19 17 0 24 21 24 17 21 15 24 24 25 22 21
15 19 15 24 0 16 20 22 17 25 25 23 20 23 16
17 24 18 21 16 0 25 24 19 17 23 22 23 15 20
24 21 17 24 20 25 0 17 15 24 23 24 21 18 18
18 16 16 17 22 24 17 0 15 18 17 24 22 15 19
22 21 15 21 17 19 15 15 0 17 24 20 19 17 22
15 22 21 15 25 17 24 18 17 0 23 23 25 24 16
24 19 18 24 25 23 23 17 24 23 0 21 20 16 24
20 16 22 24 23 22 24 24 20 23 21 0 19 20 17
19 16 22 25 20 23 21 22 19 25 20 19 0 18 22
23 15 15 22 23 15 18 15 17 24 16 20 18 0 24
23 24 16 21 16 20 18 19 22 16 24 17 22 24 0
