13
18
32 25 10 99 66 105 4 93 155 56 148 47 95 32 65 111 32 150
111 8 106 51 98 86 37 146 132 150 148 3 156 140 70 123 116 5
52 89 77 153 4 8 53 69 80 116 120 7 15 34 132 98 136 6
53 89 20 135 137 67 110 155 71 17 58 78 145 147 118 28 35 146
41 97 135 92 126 85 93 136 110 56 65 12 39 58 22 18 144 34
3 40 69 51 157 143 140 131 131 89 113 1 32 34 47 118 75 108
147 43 59 19 33 85 29 91 107 36 135 130 64 102 26 111 44 15
123 91 97 48 70 39 153 84 141 62 112 21 79 154 31 93 52 151
77 146 155 19 56 54 27 68 129 93 2 65 23 156 23 62 156 120
78 46 102 136 144 37 14 101 25 5 156 37 8 122 116 52 9 126
30 153 17 69 77 53 101 65 27 154 85 53 149 89 147 43 28 41
116 152 135 58 9 47 101 144 8 64 17 29 107 151 84 12 155 87
30 58 52 103 18 151 80 46 10 114 120 144 148 91 65 79 14 114
0 20 17 20 22 23 17 18 19 24 18 24 18 22 19
20 0 24 21 21 18 24 16 23 15 18 22 24 20 16
17 24 0 16 18 17 15 21 24 16 22 20 18 18 18
20 21 16 0 15 21 21 16 24 20 16 24 21 21 15
22 21 18 15 0 20 22 19 17 15 17 15 25 22 20
23 18 17 21 20 0 16 23 21 16 20 23 18 15 17
17 24 15 21 22 16 0 15 24 23 15 24 16 20 18
18 16 21 16 19 23 15 0 17 17 15 21 22 18 23
19 23 24 24 17 21 24 17 0 17 18 20 18 21 17
24 15 16 20 15 16 23 17 17 0 18 16 20 17 17
18 18 22 16 17 20 15 15 18 18 0 20 20 18 21
24 22 20 24 15 23 24 21 20 16 20 0 18 15 16
18 24 18 21 25 18 16 22 18 20 20 18 0 15 17
22 20 18 21 22 15 20 18 21 17 18 15 15 0 23
19 16 18 15 20 17 18 23 17 17 21 16 17 23 0
