13
6
67 9 52 94 120 36
116 23 79 4 9 113
42 24 12 21 93 82
92 116 62 28 92 23
99 64 120 111 5 82
112 86 8 65 43 24
52 110 44 111 5 75
116 65 19 91 72 15
6 60 103 75 55 77
61 30 22 28 52 73
4 81 87 64 34 96
19 83 96 69 90 58
17 28 113 92 119 66
0 25 24 19 16 24 23 17 23 20 15 15 20 23 16
25 0 22 24 15 17 17 19 24 18 19 22 23 15 23
24 22 0 23 25 19 15 15 22 24 24 25 22 22 15
19 24 23 0 23 17 23 20 17 22 20 25 22 21 22
16 15 25 23 0 24 24 21 18 23 18 25 18 25 19
24 17 19 17 24 0 15 21 16 24 18 19 15 19 15
23 17 15 23 24 15 0 18 23 21 17 16 21 22 17
17 19 15 20 21 21 18 0 19 16 21 20 18 20 21
23 24 22 17 18 16 23 19 0 25 23 20 22 16 21
20 18 24 22 23 24 21 16 25 0 18 25 15 15 15
15 19 24 20 18 18 17 21 23 18 0 22 17 23 24
15 22 25 25 25 19 16 20 20 25 22 0 15 20 24
20 23 22 22 18 15 21 18 22 15 17 15 0 21 19
23 15 22 21 25 19 22 20 16 15 23 20 21 0 18
16 23 15 22 19 15 17 21 21 15 24 24 19 18 0
