13
5
68 135 38 107 103 137 133 49 56 95 8 150 59
0 19 20 15 20 23 15 18 15 17 16 21 20 20 20
19 0 17 25 22 20 17 16 19 19 20 23 17 18 15
20 17 0 18 22 22 20 17 23 20 24 17 20 21 22
15 25 18 0 22 24 23 15 15 15 24 16 21 23 25
20 22 22 22 0 17 24 25 22 22 22 25 23 18 25
23 20 22 24 17 0 18 18 22 24 18 22 20 25 22
15 17 20 23 24 18 0 22 23 17 24 21 25 17 19
18 16 17 15 25 18 22 0 23 15 23 22 17 21 25
15 19 23 15 22 22 23 23 0 16 18 16 18 19 16
17 19 20 15 22 24 17 15 16 0 17 16 20 19 16
16 20 24 24 22 18 24 23 18 17 0 16 22 19 24
21 23 17 16 25 22 21 22 16 16 16 0 17 20 18
20 17 20 21 23 20 25 17 18 20 22 17 0 19 22
20 18 21 23 18 25 17 21 19 19 19 20 19 0 24
20 15 22 25 25 22 19 25 16 16 24 18 22 24 0
