13
22
148 120 69 25 68 82 94 60 128 131 100 40 137 31 133 31 103 106 139 12 123 154
104 70 44 98 85 135 123 35 52 143 149 59 82 155 117 95 152 60 79 126 144 110
131 87 103 38 137 63 2 97 124 55 155 135 86 81 109 57 95 4 102 122 1 27
131 39 3 24 34 102 17 29 133 67 150 138 69 4 3 53 60 28 35 126 145 120
90 110 28 57 66 61 84 71 56 126 109 103 7 109 33 9 59 101 41 72 128 4
132 52 80 98 140 96 17 124 157 58 103 146 93 46 139 66 120 18 160 74 146 76
142 126 137 143 27 107 143 35 41 129 59 160 57 66 144 119 16 52 69 74 87 136
107 78 66 156 82 11 115 128 94 61 77 81 97 70 151 11 70 63 136 158 129 37
159 50 44 117 154 68 4 47 20 46 91 101 96 15 153 134 132 49 115 148 103 61
40 15 45 19 90 53 154 56 12 65 143 37 119 40 129 4 23 85 56 40 115 131
1 67 115 58 34 119 24 38 86 53 74 102 86 65 129 39 50 96 121 160 34 39
60 87 52 42 18 97 24 149 28 90 61 160 85 28 34 67 58 61 35 49 27 26
45 69 49 153 140 33 144 158 52 78 89 123 128 40 131 117 44 94 98 43 9 82
0 25 21 16 23 16 20 21 23 17 18 25 19 15 23
25 0 23 17 15 22 16 15 16 19 17 23 23 24 15
21 23 0 18 23 21 23 16 20 24 15 20 19 24 18
16 17 18 0 17 24 21 20 22 17 20 23 15 16 15
23 15 23 17 0 24 25 23 20 21 24 19 18 18 24
16 22 21 24 24 0 24 15 21 20 21 25 15 25 20
20 16 23 21 25 24 0 25 25 18 20 16 21 25 25
21 15 16 20 23 15 25 0 21 18 17 24 19 24 22
23 16 20 22 20 21 25 21 0 20 18 22 22 21 23
17 19 24 17 21 20 18 18 20 0 20 23 20 17 19
18 17 15 20 24 21 20 17 18 20 0 19 21 24 19
25 23 20 23 19 25 16 24 22 23 19 0 23 25 20
19 23 19 15 18 15 21 19 22 20 21 23 0 18 20
15 24 24 16 18 25 25 24 21 17 24 25 18 0 20
23 15 18 15 24 20 25 22 23 19 19 20 20 20 0
