13
12
6 12 39 59 87 26 81 37 101 22 29 88
63 66 19 86 100 26 78 66 28 17 12 31
30 90 4 56 14 4 86 85 58 28 73 102
25 81 54 1 24 71 22 98 41 72 32 117
112 15 37 49 104 120 46 55 76 99 72 50
73 65 74 15 70 10 20 11 99 61 67 15
47 57 104 44 64 66 27 21 43 14 17 116
5 9 116 39 42 106 16 94 35 112 57 61
105 31 21 120 41 59 81 73 96 66 26 39
26 13 40 116 19 45 117 68 69 27 72 90
24 51 21 95 56 70 75 33 46 30 95 45
38 54 56 111 50 55 48 100 7 83 64 48
87 81 72 116 48 104 66 24 7 14 31 103
0 23 25 20 16 15 22 15 15 22 18 18 22 24 22
23 0 20 16 20 16 16 16 21 19 25 18 17 19 23
25 20 0 16 25 15 19 22 20 21 22 17 17 22 18
20 16 16 0 17 17 18 17 23 21 17 15 20 21 17
16 20 25 17 0 20 18 18 16 18 23 22 20 21 23
15 16 15 17 20 0 22 21 16 21 15 23 25 24 19
22 16 19 18 18 22 0 16 25 18 19 17 22 23 22
15 16 22 17 18 21 16 0 25 22 18 18 21 15 23
15 21 20 23 16 16 25 25 0 24 22 20 19 15 24
22 19 21 21 18 21 18 22 24 0 20 16 18 22 22
18 25 22 17 23 15 19 18 22 20 0 21 17 16 21
18 18 17 15 22 23 17 18 20 16 21 0 16 24 21
22 17 17 20 20 25 22 21 19 18 17 16 0 15 19
24 19 22 21 21 24 23 15 15 22 16 24 15 0 19
22 23 18 17 23 19 22 23 24 22 21 21 19 19 0
