13
7
106 21 69 64 3 53 7 38 76 29 107 65 63
0 19 18 20 25 16 23 20 18 20 20 24 22 24 15
19 0 22 20 19 22 17 21 18 22 25 18 17 25 16
18 22 0 24 22 19 25 24 23 16 18 23 22 18 23
20 20 24 0 25 17 25 15 17 22 15 24 17 19 23
25 19 22 25 0 23 25 19 17 22 18 19 23 15 17
16 22 19 17 23 0 23 19 15 25 22 15 19 22 18
23 17 25 25 25 23 0 16 16 19 22 17 17 19 19
20 21 24 15 19 19 16 0 22 21 24 20 24 23 19
18 18 23 17 17 15 16 22 0 21 18 15 17 18 19
20 22 16 22 22 25 19 21 21 0 18 16 18 16 21
20 25 18 15 18 22 22 24 18 18 0 17 23 22 23
24 18 23 24 19 15 17 20 15 16 17 0 17 23 22
22 17 22 17 23 19 17 24 17 18 23 17 0 15 22
24 25 18 19 15 22 19 23 18 16 22 23 15 0 25
15 16 23 23 17 18 19 19 19 21 23 22 22 25 0
