13
10
11 67 12 46 36 42 36 31 46 49
29 23 60 21 54 33 71 47 22 48
18 59 61 38 73 58 32 1 25 59
2 69 46 29 14 69 23 22 66 2
23 36 12 79 9 57 59 13 12 36
18 34 47 10 48 69 61 51 72 49
66 2 33 32 5 10 59 23 5 13
67 42 79 14 23 70 9 34 22 52
1 23 13 56 13 34 63 19 24 43
40 7 34 11 78 5 69 24 32 23
18 54 60 68 8 48 21 19 66 33
27 30 11 67 49 45 43 71 18 42
78 25 24 74 45 68 42 10 77 13
0 20 20 23 23 15 23 16 17 24 18 19 18 17 21
20 0 25 19 22 25 17 24 24 23 18 24 24 22 24
20 25 0 21 23 23 19 15 17 24 18 17 17 24 17
23 19 21 0 19 20 24 16 22 19 25 19 16 20 16
23 22 23 19 0 17 21 22 25 20 22 25 17 17 16
15 25 23 20 17 0 25 16 22 21 24 24 15 16 18
23 17 19 24 21 25 0 25 17 20 18 22 15 19 24
16 24 15 16 22 16 25 0 15 18 19 19 25 23 15
17 24 17 22 25 22 17 15 0 22 21 16 22 25 18
24 23 24 19 20 21 20 18 22 0 23 25 21 19 23
18 18 18 25 22 24 18 19 21 23 0 17 17 24 17
19 24 17 19 25 24 22 19 16 25 17 0 24 23 21
18 24 17 16 17 15 15 25 22 21 17 24 0 15 25
17 22 24 20 17 16 19 23 25 19 24 23 15 0 16
21 24 17 16 16 18 24 15 18 23 17 21 25 16 0
