13
26
22 75 49 78 47 34 43 53 52 63 69 7 10 20 75 17 5 6 59 17 78 25 37 38 63 50
9 55 57 47 34 59 5 19 34 69 6 65 80 46 7 31 75 19 1 65 66 70 35 79 5 59
18 70 76 25 22 65 17 48 53 3 31 25 4 43 47 23 53 65 39 5 36 3 8 72 55 29
48 77 35 1 61 14 55 68 6 67 65 9 52 78 19 38 61 5 7 36 67 47 79 7 41 16
56 53 76 77 76 49 58 45 63 32 64 59 32 54 10 58 59 13 68 50 3 38 42 19 43 21
29 65 56 3 32 11 31 67 26 19 29 73 60 7 80 14 5 28 74 54 80 55 80 43 27 21
50 10 38 60 9 39 56 53 11 66 6 52 73 35 23 48 26 76 44 35 67 56 73 55 49 28
58 9 55 39 19 8 16 2 52 26 70 12 74 25 34 28 2 8 41 74 43 60 22 58 66 2
12 25 47 39 49 58 51 23 66 79 30 16 19 71 27 47 40 20 20 39 50 24 24 17 1 43
9 74 69 10 77 1 45 68 48 13 30 12 12 19 13 13 68 19 12 54 59 2 30 57 4 51
52 9 6 27 33 35 28 11 46 49 70 50 18 1 52 4 5 27 35 55 4 42 45 20 15 60
12 7 5 21 68 3 44 51 16 10 77 28 76 30 41 56 19 50 33 42 26 11 55 44 4 11
65 48 29 18 6 43 19 78 31 37 22 29 10 29 21 35 14 71 78 44 78 34 70 66 50 45
0 17 18 18 25 25 17 19 23 19 22 21 21 22 24
17 0 22 19 25 21 18 19 21 15 19 17 16 18 15
18 22 0 15 25 25 23 18 25 18 15 25 21 15 16
18 19 15 0 20 17 19 19 20 19 23 17 21 25 18
25 25 25 20 0 15 18 18 19 16 16 22 16 23 20
25 21 25 17 15 0 25 17 24 18 16 16 20 17 19
17 18 23 19 18 25 0 22 22 20 23 15 24 24 16
19 19 18 19 18 17 22 0 19 25 25 22 16 20 22
23 21 25 20 19 24 22 19 0 20 21 18 17 18 21
19 15 18 19 16 18 20 25 20 0 22 21 22 20 25
22 19 15 23 16 16 23 25 21 22 0 19 23 20 17
21 17 25 17 22 16 15 22 18 21 19 0 24 16 17
21 16 21 21 16 20 24 16 17 22 23 24 0 22 20
22 18 15 25 23 17 24 20 18 20 20 16 22 0 24
24 15 16 18 20 19 16 22 21 25 17 17 20 24 0
