13
20
117 119 132 132 98 142 155 92 70 13 47 155 114 66 69 80 66 7 9 157
73 51 63 149 127 29 64 61 54 3 24 137 22 30 21 25 140 154 125 154
93 4 137 137 89 159 116 158 30 114 39 16 3 57 14 103 74 108 38 113
51 157 26 45 118 157 45 149 120 67 67 24 115 44 74 130 132 120 64 78
44 61 80 55 129 36 39 139 87 4 52 87 66 31 24 135 111 46 32 45
54 158 127 39 97 93 57 99 155 91 6 112 108 96 108 144 32 142 44 22
143 128 64 23 55 66 148 130 33 47 57 58 103 152 101 85 129 41 49 123
93 66 109 72 147 73 148 92 137 148 68 22 94 155 14 43 84 31 38 98
69 4 7 110 19 11 135 46 72 5 1 49 91 14 63 53 104 80 41 41
123 117 114 48 9 26 62 56 13 7 25 37 4 60 129 142 3 148 147 69
107 37 1 11 16 122 117 71 130 97 154 131 2 35 61 7 65 39 87 14
19 62 141 141 157 109 86 67 83 40 82 152 115 2 89 124 47 32 81 58
144 79 114 11 52 4 59 73 153 10 122 123 135 103 81 4 25 102 43 58
0 15 17 22 16 24 19 17 25 15 22 16 23 18 16
15 0 23 23 23 20 18 22 23 17 20 22 22 25 24
17 23 0 15 20 20 20 19 20 25 19 21 15 23 17
22 23 15 0 18 19 25 22 18 22 20 18 21 23 16
16 23 20 18 0 16 20 21 22 19 19 16 16 17 17
24 20 20 19 16 0 23 21 16 19 16 16 19 17 21
19 18 20 25 20 23 0 21 17 24 17 23 22 23 18
17 22 19 22 21 21 21 0 25 21 25 22 18 17 23
25 23 20 18 22 16 17 25 0 25 21 22 17 17 24
15 17 25 22 19 19 24 21 25 0 23 24 17 20 21
22 20 19 20 19 16 17 25 21 23 0 20 24 19 24
16 22 21 18 16 16 23 22 22 24 20 0 17 23 21
23 22 15 21 16 19 22 18 17 17 24 17 0 19 24
18 25 23 23 17 17 23 17 17 20 19 23 19 0 15
16 24 17 16 17 21 18 23 24 21 24 21 24 15 0
