13
6
152 74 63 148 34 121 110 51 27 137 68 87 57
0 23 17 16 21 21 20 18 25 15 25 15 24 24 19
23 0 17 22 19 19 19 17 23 21 24 16 18 24 16
17 17 0 20 21 17 15 23 24 18 25 19 20 22 16
16 22 20 0 25 18 16 15 23 16 23 18 23 21 17
21 19 21 25 0 20 15 24 15 18 16 24 23 23 16
21 19 17 18 20 0 22 19 23 15 19 16 25 17 19
20 19 15 16 15 22 0 21 15 19 23 20 16 25 23
18 17 23 15 24 19 21 0 22 20 21 25 24 22 24
25 23 24 23 15 23 15 22 0 20 15 20 16 23 21
15 21 18 16 18 15 19 20 20 0 21 19 25 17 25
25 24 25 23 16 19 23 21 15 21 0 23 16 16 18
15 16 19 18 24 16 20 25 20 19 23 0 24 24 18
24 18 20 23 23 25 16 24 16 25 16 24 0 25 21
24 24 22 21 23 17 25 22 23 17 16 24 25 0 25
19 16 16 17 16 19 23 24 21 25 18 18 21 25 0
