13
4
76 15 53 68
2 15 73 61
66 73 20 47
25 52 38 16
40 77 3 79
29 42 27 10
21 16 79 56
14 63 55 79
41 20 42 63
2 44 70 19
20 48 58 46
7 25 1 54
80 30 51 16
0 23 25 21 23 24 15 20 18 20 18 18 20 22 20
23 0 20 20 25 19 23 20 25 22 24 18 16 22 20
25 20 0 20 22 23 15 21 24 15 16 20 20 18 22
21 20 20 0 25 17 19 17 18 20 22 19 23 15 23
23 25 22 25 0 18 15 23 25 25 23 23 21 22 20
24 19 23 17 18 0 23 25 25 15 23 16 19 15 20
15 23 15 19 15 23 0 24 22 18 22 20 25 15 22
20 20 21 17 23 25 24 0 15 21 19 23 21 15 24
18 25 24 18 25 25 22 15 0 18 16 17 18 18 15
20 22 15 20 25 15 18 21 18 0 16 20 17 20 24
18 24 16 22 23 23 22 19 16 16 0 25 19 16 21
18 18 20 19 23 16 20 23 17 20 25 0 20 16 22
20 16 20 23 21 19 25 21 18 17 19 20 0 22 24
22 22 18 15 22 15 15 15 18 20 16 16 22 0 23
20 20 22 23 20 20 22 24 15 24 21 22 24 23 0
