13
11
114 38 103 66 100 6 8 38 66 54 9 3 108
0 15 15 19 19 19 15 18 17 20 24 16 18 19 19
15 0 20 15 25 24 15 24 20 25 19 21 22 19 18
15 20 0 24 16 24 20 24 24 18 22 15 23 24 23
19 15 24 0 19 21 22 19 18 24 21 17 16 23 15
19 25 16 19 0 17 15 21 25 19 17 23 17 16 16
19 24 24 21 17 0 25 16 19 23 16 15 21 22 17
15 15 20 22 15 25 0 16 18 17 23 17 18 24 16
18 24 24 19 21 16 16 0 23 18 20 16 23 20 19
17 20 24 18 25 19 18 23 0 22 22 24 18 24 17
20 25 18 24 19 23 17 18 22 0 15 22 16 19 17
24 19 22 21 17 16 23 20 22 15 0 20 17 18 15
16 21 15 17 23 15 17 16 24 22 20 0 23 20 23
18 22 23 16 17 21 18 23 18 16 17 23 0 19 17
19 19 24 23 16 22 24 20 24 19 18 20 19 0 23
19 18 23 15 16 17 16 19 17 17 15 23 17 23 0
