13
15
84 114 3 88 5 70 51 118 86 18 76 22 117
0 23 18 20 24 18 22 17 25 15 17 21 23 16 25
23 0 16 19 18 18 16 16 16 16 16 24 17 17 23
18 16 0 16 22 16 20 17 15 16 22 22 15 17 20
20 19 16 0 15 16 16 15 24 21 24 18 15 18 17
24 18 22 15 0 18 25 16 20 16 19 16 21 16 17
18 18 16 16 18 0 21 16 18 20 17 21 17 23 23
22 16 20 16 25 21 0 18 23 23 18 15 20 17 21
17 16 17 15 16 16 18 0 22 24 19 23 25 22 22
25 16 15 24 20 18 23 22 0 15 21 15 19 21 18
15 16 16 21 16 20 23 24 15 0 23 19 22 19 15
17 16 22 24 19 17 18 19 21 23 0 19 23 16 22
21 24 22 18 16 21 15 23 15 19 19 0 25 25 17
23 17 15 15 21 17 20 25 19 22 23 25 0 18 25
16 17 17 18 16 23 17 22 21 19 16 25 18 0 24
25 23 20 17 17 23 21 22 18 15 22 17 25 24 0
