13
15
93 72 136 154 69 61 62 45 69 138 21 128 130
0 15 18 24 16 23 16 15 18 20 17 21 22 23 17
15 0 22 20 23 16 17 22 18 21 18 23 22 24 25
18 22 0 17 16 16 22 19 24 19 16 21 19 22 19
24 20 17 0 24 20 17 18 16 17 18 24 15 23 25
16 23 16 24 0 15 19 16 16 20 23 16 23 25 22
23 16 16 20 15 0 22 19 15 17 23 16 18 24 18
16 17 22 17 19 22 0 17 21 15 23 25 25 16 17
15 22 19 18 16 19 17 0 18 15 15 20 25 21 19
18 18 24 16 16 15 21 18 0 23 22 20 18 21 22
20 21 19 17 20 17 15 15 23 0 15 17 24 22 19
17 18 16 18 23 23 23 15 22 15 0 23 22 17 25
21 23 21 24 16 16 25 20 20 17 23 0 18 16 21
22 22 19 15 23 18 25 25 18 24 22 18 0 18 25
23 24 22 23 25 24 16 21 21 22 17 16 18 0 17
17 25 19 25 22 18 17 19 22 19 25 21 25 17 0
