13
5
18 3 30 3 7 34 31 1 36 24 11 8 33
0 17 20 23 20 23 20 19 23 18 22 16 19 20 22
17 0 19 23 15 16 22 24 23 20 24 22 18 22 16
20 19 0 15 25 22 15 20 18 24 19 21 20 15 18
23 23 15 0 21 18 21 16 16 22 25 24 16 16 19
20 15 25 21 0 20 21 19 22 20 23 18 17 22 18
23 16 22 18 20 0 25 24 17 25 15 17 17 25 21
20 22 15 21 21 25 0 22 22 22 15 21 24 18 20
19 24 20 16 19 24 22 0 24 17 25 23 15 18 15
23 23 18 16 22 17 22 24 0 21 24 20 24 19 20
18 20 24 22 20 25 22 17 21 0 18 22 23 23 21
22 24 19 25 23 15 15 25 24 18 0 23 19 18 22
16 22 21 24 18 17 21 23 20 22 23 0 19 24 25
19 18 20 16 17 17 24 15 24 23 19 19 0 16 17
20 22 15 16 22 25 18 18 19 23 18 24 16 0 21
22 16 18 19 18 21 20 15 20 21 22 25 17 21 0
