13
24
43 64 27 88 106 60 39 51 7 47 103 102 70 87 85 72 106 104 30 84 81 92 22 47
71 25 69 80 112 89 51 13 47 88 44 71 107 34 43 53 8 98 30 73 5 76 98 7
45 50 37 79 26 43 83 66 99 33 33 82 9 65 81 70 89 104 72 48 107 63 73 92
115 99 71 43 26 5 33 24 32 119 112 66 36 12 66 53 90 118 96 32 56 16 93 106
61 5 31 66 113 116 89 92 1 74 84 109 36 37 40 1 42 16 109 83 113 76 24 88
99 29 103 60 11 82 88 112 15 4 46 53 25 68 44 39 10 55 15 108 118 118 107 20
106 16 28 17 116 12 109 98 21 94 103 58 1 96 71 25 90 68 58 23 7 85 3 120
2 62 42 32 50 68 108 111 98 89 104 67 107 4 100 22 11 70 7 26 19 4 119 115
106 5 51 13 104 49 3 28 108 44 75 68 32 21 38 102 50 25 20 73 86 55 63 60
66 82 38 44 53 16 95 25 95 101 87 114 52 89 109 27 3 49 79 3 12 94 4 98
66 94 82 54 40 61 72 105 52 36 60 21 58 36 25 51 115 81 11 74 49 69 71 29
105 112 28 39 54 31 60 28 15 84 31 66 41 80 5 103 27 22 11 21 75 118 21 27
72 64 31 97 113 111 80 56 30 104 19 72 9 84 29 81 113 105 94 100 67 82 2 2
0 18 15 23 18 15 21 20 24 15 22 20 17 18 17
18 0 22 25 15 19 25 24 20 20 18 15 23 20 21
15 22 0 18 24 15 22 20 25 17 16 18 24 19 15
23 25 18 0 25 20 21 23 21 18 16 17 25 22 18
18 15 24 25 0 20 15 23 16 17 24 16 20 24 22
15 19 15 20 20 0 24 23 19 17 16 19 21 20 22
21 25 22 21 15 24 0 24 25 20 18 24 15 20 16
20 24 20 23 23 23 24 0 16 16 23 15 17 25 15
24 20 25 21 16 19 25 16 0 24 21 20 25 20 20
15 20 17 18 17 17 20 16 24 0 19 25 25 23 19
22 18 16 16 24 16 18 23 21 19 0 22 17 23 25
20 15 18 17 16 19 24 15 20 25 22 0 23 25 15
17 23 24 25 20 21 15 17 25 25 17 23 0 15 25
18 20 19 22 24 20 20 25 20 23 23 25 15 0 18
17 21 15 18 22 22 16 15 20 19 25 15 25 18 0
