13
15
79 21 43 13 100 27 32 134 143 155 103 45 47
0 24 18 21 20 25 22 18 17 17 21 18 21 15 22
24 0 15 23 19 23 16 22 25 20 23 23 21 24 22
18 15 0 15 15 16 24 16 15 16 20 24 20 23 18
21 23 15 0 24 15 17 18 25 24 19 20 15 22 22
20 19 15 24 0 18 17 18 20 17 15 22 20 24 24
25 23 16 15 18 0 25 20 16 21 23 19 15 23 23
22 16 24 17 17 25 0 18 21 20 19 21 19 25 22
18 22 16 18 18 20 18 0 17 19 16 15 25 16 19
17 25 15 25 20 16 21 17 0 21 17 23 16 24 16
17 20 16 24 17 21 20 19 21 0 16 19 20 24 25
21 23 20 19 15 23 19 16 17 16 0 24 17 15 16
18 23 24 20 22 19 21 15 23 19 24 0 25 17 22
21 21 20 15 20 15 19 25 16 20 17 25 0 23 24
15 24 23 22 24 23 25 16 24 24 15 17 23 0 22
22 22 18 22 24 23 22 19 16 25 16 22 24 22 0
