13
5
34 12 15 24 11 29 40 14 16 1 13 12 2
0 22 25 16 25 24 16 22 24 15 23 25 24 22 20
22 0 21 17 20 16 19 19 21 16 20 25 19 19 17
25 21 0 22 22 25 18 20 25 20 23 24 25 18 18
16 17 22 0 16 24 25 21 18 20 24 15 22 20 20
25 20 22 16 0 19 24 15 17 24 19 18 15 23 15
24 16 25 24 19 0 23 16 16 25 23 22 22 19 16
16 19 18 25 24 23 0 15 25 25 23 15 23 17 19
22 19 20 21 15 16 15 0 15 22 15 15 24 17 21
24 21 25 18 17 16 25 15 0 23 19 24 16 18 24
15 16 20 20 24 25 25 22 23 0 19 18 17 20 25
23 20 23 24 19 23 23 15 19 19 0 16 18 24 15
25 25 24 15 18 22 15 15 24 18 16 0 17 23 16
24 19 25 22 15 22 23 24 16 17 18 17 0 18 19
22 19 18 20 23 19 17 17 18 20 24 23 18 0 18
20 17 18 20 15 16 19 21 24 25 15 16 19 18 0
