13
18
118 145 160 120 76 39 154 142 33 122 5 26 60 137 156 103 71 77
66 101 128 117 107 157 21 80 50 25 155 11 122 37 2 67 57 110
46 52 55 64 46 96 14 116 64 117 157 42 47 110 152 137 57 150
98 92 129 37 6 95 25 100 62 23 35 122 130 37 97 155 15 40
11 39 69 89 27 135 80 99 42 27 86 77 63 123 68 11 107 49
26 113 17 132 110 73 116 51 138 129 7 160 67 34 1 46 105 61
121 60 83 145 141 105 144 145 24 122 151 112 155 139 48 115 88 99
143 48 132 18 130 66 73 49 148 26 99 72 51 122 57 146 141 114
140 41 127 113 106 115 41 80 115 130 46 50 34 102 54 154 105 152
157 114 116 157 158 145 42 38 2 8 88 148 125 27 18 159 29 159
38 83 146 18 56 11 116 112 80 152 138 23 5 101 115 81 8 140
16 67 115 110 138 143 83 25 27 122 37 120 66 63 100 31 98 120
102 45 119 28 110 16 17 127 105 105 30 135 140 44 138 51 59 56
0 22 25 22 21 15 16 17 17 15 22 25 18 16 16
22 0 23 19 20 19 16 25 15 24 25 17 25 20 22
25 23 0 24 15 19 22 18 19 15 23 16 16 22 21
22 19 24 0 23 20 19 20 18 16 20 21 16 21 25
21 20 15 23 0 19 24 25 15 24 17 19 24 20 19
15 19 19 20 19 0 16 19 17 17 20 21 17 25 18
16 16 22 19 24 16 0 23 18 23 25 15 20 25 15
17 25 18 20 25 19 23 0 21 20 23 23 23 16 21
17 15 19 18 15 17 18 21 0 25 19 19 25 25 15
15 24 15 16 24 17 23 20 25 0 22 24 21 21 16
22 25 23 20 17 20 25 23 19 22 0 24 19 24 15
25 17 16 21 19 21 15 23 19 24 24 0 16 19 22
18 25 16 16 24 17 20 23 25 21 19 16 0 15 20
16 20 22 21 20 25 25 16 25 21 24 19 15 0 25
16 22 21 25 19 18 15 21 15 16 15 22 20 25 0
