13
10
57 68 20 5 55 31 41 3 69 65
27 16 42 8 77 1 49 15 60 79
9 38 21 52 68 57 15 63 65 50
34 16 6 73 58 34 35 6 50 35
46 11 36 43 8 2 52 26 11 14
31 38 33 23 77 56 21 32 51 19
59 80 45 57 49 30 37 71 29 59
28 8 67 46 64 25 35 73 33 77
31 6 65 66 41 63 47 19 55 17
3 17 60 19 70 40 42 17 50 60
17 51 64 51 42 54 52 43 45 71
32 56 44 65 24 66 48 3 64 41
74 47 27 17 64 42 65 12 21 9
0 16 16 17 25 20 22 20 25 21 25 21 15 25 18
16 0 17 23 17 24 22 19 20 22 21 15 20 16 20
16 17 0 16 25 16 19 19 25 17 25 17 18 25 16
17 23 16 0 18 16 24 23 19 15 16 17 19 18 19
25 17 25 18 0 18 17 25 25 20 25 21 22 21 19
20 24 16 16 18 0 16 23 22 17 24 20 24 20 17
22 22 19 24 17 16 0 17 22 21 16 24 19 21 24
20 19 19 23 25 23 17 0 20 21 23 18 21 21 25
25 20 25 19 25 22 22 20 0 21 19 16 23 19 21
21 22 17 15 20 17 21 21 21 0 17 17 25 18 22
25 21 25 16 25 24 16 23 19 17 0 17 25 18 25
21 15 17 17 21 20 24 18 16 17 17 0 24 24 22
15 20 18 19 22 24 19 21 23 25 25 24 0 20 21
25 16 25 18 21 20 21 21 19 18 18 24 20 0 25
18 20 16 19 19 17 24 25 21 22 25 22 21 25 0
