13
11
25 89 70 79 139 143 13 152 118 117 129 129 5
0 24 15 24 15 15 21 18 22 18 17 23 19 18 19
24 0 24 24 15 21 18 22 18 23 16 25 16 16 15
15 24 0 24 17 18 23 20 19 17 23 22 20 22 17
24 24 24 0 17 25 25 17 25 18 15 16 25 22 17
15 15 17 17 0 17 17 21 15 25 15 21 18 24 20
15 21 18 25 17 0 18 25 22 24 18 19 16 17 15
21 18 23 25 17 18 0 19 16 25 20 19 21 18 22
18 22 20 17 21 25 19 0 18 25 19 24 15 24 17
22 18 19 25 15 22 16 18 0 24 20 17 25 18 20
18 23 17 18 25 24 25 25 24 0 16 24 18 20 15
17 16 23 15 15 18 20 19 20 16 0 22 22 17 24
23 25 22 16 21 19 19 24 17 24 22 0 20 19 24
19 16 20 25 18 16 21 15 25 18 22 20 0 19 18
18 16 22 22 24 17 18 24 18 20 17 19 19 0 18
19 15 17 17 20 15 22 17 20 15 24 24 18 18 0
