13
26
25 13 10 7 18 19 18 11 2 15 38 13 6 33 19 6 34 38 6 39 39 16 30 33 21 33
7 34 14 28 38 28 40 36 5 25 18 2 21 18 6 17 11 30 14 1 17 7 5 35 35 16
11 32 3 3 34 2 3 8 11 14 9 34 19 24 12 24 17 14 5 39 32 39 14 36 17 18
24 38 15 6 2 28 12 14 11 23 27 25 25 35 11 29 25 26 38 27 24 38 4 4 19 38
31 12 14 1 1 14 10 36 36 17 22 38 36 16 29 2 34 24 15 11 2 27 17 38 10 31
35 39 10 14 4 20 31 5 26 22 17 37 3 25 36 12 36 33 24 40 10 24 11 5 21 17
39 30 1 3 23 4 18 10 16 8 27 28 33 4 29 29 17 6 19 5 1 7 6 31 20 37
11 11 6 14 38 33 6 26 23 32 30 21 24 26 29 18 25 4 24 17 19 19 23 8 30 35
31 14 18 29 31 11 21 26 16 13 16 7 31 4 30 40 3 4 4 12 18 39 30 35 24 25
19 11 3 16 30 39 13 24 38 11 37 40 20 15 1 7 30 14 16 27 28 8 12 30 31 1
28 27 33 3 37 39 33 30 9 9 37 20 5 8 10 37 31 32 6 17 32 40 17 40 38 13
32 6 2 22 26 38 3 36 31 23 30 6 28 39 24 4 26 22 11 35 26 27 28 29 25 31
8 19 37 10 30 19 3 9 2 30 12 1 2 16 22 13 30 10 13 23 20 34 14 3 13 4
0 19 22 21 22 20 22 18 25 22 23 18 17 24 25
19 0 16 25 15 15 16 22 24 16 18 25 21 22 21
22 16 0 16 20 22 15 17 18 22 16 21 22 24 20
21 25 16 0 16 15 17 16 23 19 19 22 18 18 24
22 15 20 16 0 15 24 19 18 16 21 23 21 15 19
20 15 22 15 15 0 24 17 15 17 17 23 18 17 21
22 16 15 17 24 24 0 16 17 19 17 19 17 16 19
18 22 17 16 19 17 16 0 25 22 16 17 25 16 18
25 24 18 23 18 15 17 25 0 18 16 23 19 24 21
22 16 22 19 16 17 19 22 18 0 17 22 19 16 24
23 18 16 19 21 17 17 16 16 17 0 21 18 24 16
18 25 21 22 23 23 19 17 23 22 21 0 21 20 16
17 21 22 18 21 18 17 25 19 19 18 21 0 25 18
24 22 24 18 15 17 16 16 24 16 24 20 25 0 20
25 21 20 24 19 21 19 18 21 24 16 16 18 20 0
