13
26
78 54 42 23 69 8 27 53 69 29 63 47 32 78 2 41 13 34 23 16 51 19 45 43 20 72
31 49 26 34 70 67 60 7 35 72 49 49 47 66 13 80 4 36 14 8 15 36 22 67 43 56
3 25 27 58 67 10 70 32 1 26 27 14 36 72 11 22 4 45 31 30 34 12 6 14 52 51
35 44 70 57 29 2 11 24 12 22 28 58 79 9 21 46 40 3 15 28 47 64 41 42 30 36
43 66 33 7 43 2 39 75 48 5 49 80 20 60 55 74 39 36 21 13 32 61 39 3 9 56
9 77 36 74 34 26 70 78 8 30 44 19 67 7 42 43 63 38 54 63 24 5 5 43 27 55
32 74 78 29 5 6 62 51 58 64 49 75 24 67 51 57 9 64 21 55 14 24 36 32 1 50
79 49 23 33 17 38 71 68 21 78 78 27 66 49 27 65 61 72 40 30 17 29 12 50 52 55
9 42 34 2 52 8 63 76 16 46 67 11 53 63 47 59 21 41 73 38 77 28 77 17 11 18
70 17 74 23 45 39 22 32 42 45 51 10 55 10 67 29 52 26 55 38 24 79 66 41 71 6
62 15 27 75 47 79 4 12 29 28 25 43 75 31 51 21 32 39 49 24 10 34 24 9 40 47
11 51 61 10 63 24 13 73 46 30 54 2 29 33 1 33 58 63 77 6 8 38 17 62 55 58
20 2 62 5 61 50 22 25 13 38 38 26 42 38 43 71 56 69 24 20 48 64 2 9 20 79
0 18 19 21 25 24 19 23 17 15 18 25 25 23 24
18 0 19 21 20 23 19 18 18 19 19 17 21 15 24
19 19 0 23 24 24 22 17 21 20 18 21 16 18 19
21 21 23 0 25 16 15 23 18 23 16 25 19 19 22
25 20 24 25 0 22 25 22 19 19 18 17 15 15 23
24 23 24 16 22 0 21 24 21 25 15 22 24 24 16
19 19 22 15 25 21 0 24 22 18 24 19 17 21 21
23 18 17 23 22 24 24 0 17 19 17 22 15 19 15
17 18 21 18 19 21 22 17 0 21 24 17 19 18 25
15 19 20 23 19 25 18 19 21 0 16 24 20 23 20
18 19 18 16 18 15 24 17 24 16 0 15 22 20 21
25 17 21 25 17 22 19 22 17 24 15 0 22 25 18
25 21 16 19 15 24 17 15 19 20 22 22 0 19 19
23 15 18 19 15 24 21 19 18 23 20 25 19 0 16
24 24 19 22 23 16 21 15 25 20 21 18 19 16 0
