13
14
7 47 78 82 43 28 95 108 4 94 49 24 98
0 19 17 17 19 22 22 23 18 15 18 16 24 20 15
19 0 22 23 23 20 23 23 15 19 25 17 15 24 20
17 22 0 16 19 21 17 22 21 17 18 17 18 22 22
17 23 16 0 21 22 18 22 15 16 19 16 22 17 22
19 23 19 21 0 22 21 21 20 20 24 24 19 25 25
22 20 21 22 22 0 20 21 15 19 21 18 25 15 23
22 23 17 18 21 20 0 18 23 23 20 25 25 25 19
23 23 22 22 21 21 18 0 18 22 20 21 24 22 19
18 15 21 15 20 15 23 18 0 23 18 24 18 24 17
15 19 17 16 20 19 23 22 23 0 18 24 22 23 17
18 25 18 19 24 21 20 20 18 18 0 22 25 15 25
16 17 17 16 24 18 25 21 24 24 22 0 16 17 16
24 15 18 22 19 25 25 24 18 22 25 16 0 18 24
20 24 22 17 25 15 25 22 24 23 15 17 18 0 19
15 20 22 22 25 23 19 19 17 17 25 16 24 19 0
