13
15
46 41 45 4 59 19 59 78 11 69 58 68 74
0 15 23 19 15 18 25 25 15 19 24 20 20 23 22
15 0 15 23 24 22 24 24 24 18 16 25 23 24 25
23 15 0 22 25 16 20 22 15 19 24 15 16 17 19
19 23 22 0 19 20 18 25 24 15 18 19 22 17 15
15 24 25 19 0 23 20 20 17 24 17 25 25 17 22
18 22 16 20 23 0 25 24 23 22 22 23 20 21 25
25 24 20 18 20 25 0 17 18 17 17 17 20 25 23
25 24 22 25 20 24 17 0 22 22 17 24 22 22 22
15 24 15 24 17 23 18 22 0 25 25 23 25 18 19
19 18 19 15 24 22 17 22 25 0 25 16 23 17 17
24 16 24 18 17 22 17 17 25 25 0 19 23 21 18
20 25 15 19 25 23 17 24 23 16 19 0 25 19 19
20 23 16 22 25 20 20 22 25 23 23 25 0 24 17
23 24 17 17 17 21 25 22 18 17 21 19 24 0 17
22 25 19 15 22 25 23 22 19 17 18 19 17 17 0
