13
14
4 30 17 3 3 2 11 24 17 30 39 32 12 11
24 39 14 37 15 19 15 21 15 32 37 13 22 8
23 38 37 26 23 9 7 40 3 25 38 3 1 17
11 5 38 25 5 9 15 25 29 1 8 14 24 9
18 31 7 35 3 14 3 12 25 12 7 29 28 15
19 12 27 30 8 29 15 4 8 3 17 6 7 22
1 26 35 18 1 19 19 7 31 17 28 2 16 1
30 27 4 5 16 40 34 6 27 25 37 11 6 9
17 31 32 25 7 38 34 38 22 34 31 37 29 15
36 24 26 19 13 19 18 7 23 2 20 26 40 39
11 1 13 10 20 23 14 7 26 27 26 27 5 19
35 18 16 29 15 5 15 17 29 13 35 8 25 17
20 38 20 22 8 6 7 33 33 34 25 12 4 28
0 17 25 22 19 15 15 20 16 18 20 24 23 18 20
17 0 24 16 21 24 23 19 25 22 18 20 20 16 19
25 24 0 23 25 25 21 22 19 17 16 22 23 25 25
22 16 23 0 17 22 23 20 15 18 23 24 18 15 22
19 21 25 17 0 17 19 17 24 20 19 25 23 15 21
15 24 25 22 17 0 23 25 23 18 17 21 17 25 19
15 23 21 23 19 23 0 24 16 20 25 19 19 19 25
20 19 22 20 17 25 24 0 25 18 16 17 24 25 17
16 25 19 15 24 23 16 25 0 22 15 21 22 21 17
18 22 17 18 20 18 20 18 22 0 16 25 23 16 21
20 18 16 23 19 17 25 16 15 16 0 24 23 19 23
24 20 22 24 25 21 19 17 21 25 24 0 19 22 19
23 20 23 18 23 17 19 24 22 23 23 19 0 19 19
18 16 25 15 15 25 19 25 21 16 19 22 19 0 15
20 19 25 22 21 19 25 17 17 21 23 19 19 15 0
