13
16
5 30 24 8 21 15 39 40 36 39 1 5 30 13 8 26
26 34 29 21 11 9 13 9 12 31 8 30 40 32 39 17
31 9 40 11 25 30 5 6 31 8 6 28 16 28 12 15
9 30 12 18 23 11 3 22 14 21 10 36 36 6 11 24
37 27 19 20 18 1 34 18 37 31 27 20 20 20 14 13
32 8 6 2 32 38 17 25 37 7 12 19 10 29 9 21
32 20 11 13 18 14 32 4 11 18 6 23 3 29 5 5
22 15 38 31 13 39 19 15 25 10 33 36 24 2 19 33
3 31 24 3 30 12 24 37 28 40 29 5 5 26 19 30
35 31 31 1 20 19 12 23 25 19 13 9 1 39 19 2
4 3 8 37 16 34 15 40 7 40 2 4 39 29 7 11
22 16 11 23 29 32 13 29 38 19 14 15 21 2 6 5
37 18 30 31 33 7 16 29 25 4 27 18 31 26 8 18
0 17 20 24 17 20 18 21 15 25 20 22 18 24 22
17 0 21 24 24 24 18 19 25 25 16 18 25 18 18
20 21 0 22 17 25 24 19 22 22 15 24 18 19 15
24 24 22 0 24 22 22 15 18 24 17 25 25 19 17
17 24 17 24 0 16 17 20 17 16 17 16 15 18 20
20 24 25 22 16 0 24 24 21 15 21 18 25 21 17
18 18 24 22 17 24 0 20 17 20 18 21 20 20 16
21 19 19 15 20 24 20 0 16 21 15 23 21 17 23
15 25 22 18 17 21 17 16 0 22 23 22 15 17 24
25 25 22 24 16 15 20 21 22 0 23 18 25 18 21
20 16 15 17 17 21 18 15 23 23 0 19 24 15 15
22 18 24 25 16 18 21 23 22 18 19 0 18 20 18
18 25 18 25 15 25 20 21 15 25 24 18 0 23 17
24 18 19 19 18 21 20 17 17 18 15 20 23 0 18
22 18 15 17 20 17 16 23 24 21 15 18 17 18 0
