13
22
79 31 10 86 117 9 5 8 59 87 87 69 35 35 80 54 73 98 48 102 17 102
11 48 63 113 99 67 33 53 7 97 31 112 97 41 61 24 76 4 64 93 91 112
15 28 104 46 77 43 58 50 72 73 61 102 47 117 102 110 89 15 6 34 50 15
42 106 1 37 98 36 105 67 106 96 116 19 57 35 75 38 97 74 93 31 74 22
95 86 112 112 71 80 34 14 10 107 88 109 60 117 51 20 76 118 36 66 40 18
84 47 114 118 106 9 118 7 42 71 92 99 42 27 55 9 14 41 65 75 83 77
4 61 81 17 29 66 35 89 99 13 59 89 79 107 72 34 116 95 40 80 42 83
86 10 120 66 14 31 59 26 100 71 90 17 60 36 28 45 49 5 114 91 42 115
109 111 29 65 66 10 51 95 29 4 119 3 33 70 56 107 103 114 62 75 100 27
119 28 109 45 97 119 60 3 47 120 48 53 41 60 27 42 31 5 49 13 65 37
83 46 37 29 11 112 52 91 119 110 61 6 87 42 100 110 34 91 88 115 36 21
113 112 112 40 66 52 96 22 50 43 53 62 16 49 89 2 120 67 97 96 71 81
99 72 1 30 11 85 66 60 80 8 69 29 55 84 114 104 120 1 20 34 92 74
0 16 21 17 17 17 19 16 23 15 23 25 23 25 16
16 0 20 25 19 25 22 21 18 21 20 18 24 23 21
21 20 0 15 24 20 18 21 18 19 16 18 16 20 16
17 25 15 0 22 18 16 17 15 17 17 19 25 20 21
17 19 24 22 0 22 23 22 16 25 15 17 21 21 18
17 25 20 18 22 0 17 15 20 23 25 15 19 17 24
19 22 18 16 23 17 0 20 20 20 23 22 16 17 23
16 21 21 17 22 15 20 0 16 22 23 20 24 16 22
23 18 18 15 16 20 20 16 0 15 19 20 19 25 18
15 21 19 17 25 23 20 22 15 0 19 18 22 17 19
23 20 16 17 15 25 23 23 19 19 0 18 18 19 21
25 18 18 19 17 15 22 20 20 18 18 0 22 16 15
23 24 16 25 21 19 16 24 19 22 18 22 0 23 18
25 23 20 20 21 17 17 16 25 17 19 16 23 0 22
16 21 16 21 18 24 23 22 18 19 21 15 18 22 0
