13
18
62 14 9 38 34 9 56 13 9 59 22 62 77 38 45 8 73 50
26 14 10 1 71 24 51 32 35 63 49 51 79 16 69 60 75 20
26 56 78 60 74 71 55 56 2 30 37 10 19 3 27 66 20 43
53 8 58 56 43 47 14 20 53 20 44 78 37 55 31 34 10 14
4 57 47 41 9 6 53 71 71 75 56 43 52 70 74 11 47 14
26 47 17 23 49 30 80 78 43 1 32 34 1 22 16 29 57 69
66 53 53 5 65 76 72 55 49 57 52 37 50 8 44 74 26 25
25 12 39 27 76 7 23 49 51 72 10 79 39 21 43 40 32 42
77 43 7 30 76 4 29 8 71 32 46 5 33 20 78 55 65 43
28 16 64 45 33 41 63 72 44 29 4 76 15 8 32 3 5 8
45 7 10 40 52 11 69 66 67 68 21 6 14 69 37 40 44 11
11 50 7 79 73 65 62 28 55 38 26 8 72 37 33 13 19 41
19 59 6 22 25 20 5 28 35 7 30 71 63 57 11 78 76 72
0 19 23 18 24 25 22 23 21 23 21 18 19 18 19
19 0 17 16 21 21 25 16 24 17 18 18 15 17 18
23 17 0 15 15 25 16 15 15 22 15 24 23 16 20
18 16 15 0 21 25 22 16 20 15 17 24 24 24 17
24 21 15 21 0 23 23 18 15 15 16 22 18 20 16
25 21 25 25 23 0 20 16 23 20 17 17 15 24 19
22 25 16 22 23 20 0 22 21 22 18 16 18 17 20
23 16 15 16 18 16 22 0 19 19 22 18 25 24 17
21 24 15 20 15 23 21 19 0 22 23 22 22 17 17
23 17 22 15 15 20 22 19 22 0 19 22 16 16 25
21 18 15 17 16 17 18 22 23 19 0 20 21 15 17
18 18 24 24 22 17 16 18 22 22 20 0 17 16 20
19 15 23 24 18 15 18 25 22 16 21 17 0 18 21
18 17 16 24 20 24 17 24 17 16 15 16 18 0 24
19 18 20 17 16 19 20 17 17 25 17 20 21 24 0
