13
18
25 1 116 64 63 51 26 13 76 15 8 72 65 88 92 106 62 21
95 38 99 112 52 34 6 11 31 60 26 52 53 114 92 106 86 8
83 39 72 21 48 78 96 7 33 10 104 55 72 87 17 12 30 116
16 6 68 85 116 61 13 59 90 108 103 115 87 64 104 60 86 108
73 53 8 7 36 8 109 29 20 25 11 57 92 46 104 4 80 11
78 66 53 17 99 58 25 87 51 53 44 50 46 77 85 39 55 35
68 7 49 117 67 11 113 109 6 82 32 108 109 92 118 43 51 43
103 27 120 112 119 91 93 115 89 62 113 27 98 118 95 18 79 11
35 4 58 43 18 12 10 56 47 89 68 14 74 49 6 103 104 81
93 6 91 47 81 119 16 40 31 55 14 105 85 29 88 57 120 91
113 3 16 39 22 64 71 2 11 118 7 86 38 110 119 66 21 75
47 3 27 110 74 45 118 111 36 34 107 4 59 113 30 53 112 99
89 1 35 97 47 84 28 85 89 84 59 104 57 80 12 20 91 33
0 18 22 25 23 20 21 24 18 24 25 18 23 17 16
18 0 20 15 18 22 19 21 25 17 23 22 24 22 22
22 20 0 25 15 18 24 17 24 24 16 23 21 25 20
25 15 25 0 16 17 24 25 23 24 21 25 22 20 24
23 18 15 16 0 22 16 15 21 25 23 24 23 15 17
20 22 18 17 22 0 21 23 25 17 19 19 18 18 17
21 19 24 24 16 21 0 20 15 16 15 20 22 22 22
24 21 17 25 15 23 20 0 18 24 21 16 17 19 25
18 25 24 23 21 25 15 18 0 20 21 20 20 24 16
24 17 24 24 25 17 16 24 20 0 25 21 20 20 16
25 23 16 21 23 19 15 21 21 25 0 20 16 23 17
18 22 23 25 24 19 20 16 20 21 20 0 18 18 21
23 24 21 22 23 18 22 17 20 20 16 18 0 20 22
17 22 25 20 15 18 22 19 24 20 23 18 20 0 17
16 22 20 24 17 17 22 25 16 16 17 21 22 17 0
