13
6
106 38 95 57 57 63 36 51 31 109 42 84 67
0 21 24 15 16 17 17 18 19 20 21 19 19 18 21
21 0 23 20 25 21 15 15 18 22 17 19 18 21 19
24 23 0 24 18 20 21 15 24 16 24 24 20 16 16
15 20 24 0 15 20 19 16 25 20 16 18 25 23 16
16 25 18 15 0 24 17 19 20 22 15 21 21 18 19
17 21 20 20 24 0 21 24 25 16 18 19 19 20 24
17 15 21 19 17 21 0 20 21 20 17 23 16 16 18
18 15 15 16 19 24 20 0 23 24 19 17 19 23 24
19 18 24 25 20 25 21 23 0 23 20 17 21 24 22
20 22 16 20 22 16 20 24 23 0 15 17 16 22 23
21 17 24 16 15 18 17 19 20 15 0 20 16 24 20
19 19 24 18 21 19 23 17 17 17 20 0 15 19 22
19 18 20 25 21 19 16 19 21 16 16 15 0 23 24
18 21 16 23 18 20 16 23 24 22 24 19 23 0 16
21 19 16 16 19 24 18 24 22 23 20 22 24 16 0
