13
22
36 14 10 18 10 29 7 21 23 14 25 38 17 2 36 36 27 31 10 5 36 28
3 18 39 10 29 21 3 5 24 15 35 19 6 14 1 20 22 19 28 16 27 7
30 34 19 4 31 18 1 38 36 27 11 6 12 28 28 40 10 38 39 31 20 34
29 14 6 6 36 25 6 2 35 22 29 4 24 38 1 10 12 3 6 35 18 16
13 20 9 7 25 3 36 13 40 29 8 15 26 20 3 29 36 27 17 12 6 4
3 7 15 26 33 34 25 9 17 1 3 6 11 17 4 32 12 31 2 8 35 24
1 21 17 26 17 15 1 40 29 10 10 15 19 39 9 39 13 34 20 12 20 3
5 25 15 37 19 33 2 28 21 32 31 40 18 12 35 3 21 2 30 4 35 24
4 30 35 30 29 32 26 18 19 11 31 4 1 7 28 24 5 29 34 23 35 28
16 39 4 15 33 21 23 36 18 39 13 21 16 9 26 16 36 25 14 31 21 27
30 2 40 9 5 19 6 13 34 35 12 21 7 1 30 28 8 5 30 32 26 21
19 30 35 35 19 4 12 23 27 1 4 30 35 33 16 22 8 40 11 10 16 31
18 23 12 17 21 6 1 39 12 20 40 25 24 15 1 10 2 27 34 35 37 17
0 22 17 15 20 21 25 15 23 17 22 20 21 21 24
22 0 17 24 19 25 23 21 23 24 16 21 18 24 16
17 17 0 24 25 22 19 23 15 15 16 15 25 21 22
15 24 24 0 15 19 16 20 20 22 19 20 17 18 24
20 19 25 15 0 23 17 19 22 23 16 25 21 19 16
21 25 22 19 23 0 24 19 18 24 22 15 20 25 19
25 23 19 16 17 24 0 19 21 25 25 22 22 17 19
15 21 23 20 19 19 19 0 18 20 19 17 21 20 17
23 23 15 20 22 18 21 18 0 21 25 16 15 25 22
17 24 15 22 23 24 25 20 21 0 18 17 16 17 18
22 16 16 19 16 22 25 19 25 18 0 20 24 16 21
20 21 15 20 25 15 22 17 16 17 20 0 18 21 22
21 18 25 17 21 20 22 21 15 16 24 18 0 15 18
21 24 21 18 19 25 17 20 25 17 16 21 15 0 24
24 16 22 24 16 19 19 17 22 18 21 22 18 24 0
