13
24
45 39 39 36 47 4 60 22 25 63 58 22 12 6 41 29 34 40 49 32 35 42 13 57
45 46 10 41 5 11 18 7 5 28 40 61 79 1 22 53 28 26 17 77 75 46 67 6
10 8 32 75 70 59 60 30 64 14 12 33 9 10 43 54 59 49 39 6 80 3 9 31
29 12 19 10 58 7 54 61 22 11 51 62 57 59 43 9 33 43 53 54 14 23 13 39
1 34 71 8 3 21 60 28 12 17 62 10 22 3 80 29 10 51 66 37 43 71 48 21
30 39 39 22 19 6 11 61 29 41 6 6 72 72 20 46 56 5 79 32 5 68 53 18
8 79 60 75 56 48 4 66 34 55 44 45 65 43 53 80 42 49 9 14 65 25 9 8
18 2 28 30 20 38 28 35 45 72 25 53 47 65 71 10 20 35 67 31 49 23 45 41
17 45 20 26 64 50 73 1 12 38 68 34 59 41 78 13 28 71 65 51 58 65 9 67
6 17 14 20 68 44 77 69 15 32 59 64 64 79 25 73 56 12 28 64 47 7 39 24
40 73 76 4 64 11 41 22 78 35 36 18 35 53 68 8 23 63 69 43 29 78 28 18
27 73 19 76 76 76 11 45 12 69 43 75 66 54 18 45 66 30 5 16 20 2 57 5
5 72 80 78 15 76 19 7 10 30 16 76 58 12 1 25 25 49 5 15 77 31 64 78
0 15 25 22 18 16 20 18 20 19 20 19 17 19 19
15 0 24 15 23 20 16 17 24 24 21 18 15 24 23
25 24 0 19 24 15 18 24 25 15 15 17 23 15 24
22 15 19 0 16 15 16 16 23 15 18 19 19 22 15
18 23 24 16 0 25 20 20 18 15 23 20 23 25 25
16 20 15 15 25 0 25 21 20 25 18 20 20 25 15
20 16 18 16 20 25 0 17 16 20 21 17 20 23 15
18 17 24 16 20 21 17 0 19 19 18 22 24 19 23
20 24 25 23 18 20 16 19 0 16 21 24 23 25 15
19 24 15 15 15 25 20 19 16 0 15 22 19 24 21
20 21 15 18 23 18 21 18 21 15 0 19 23 23 19
19 18 17 19 20 20 17 22 24 22 19 0 18 23 23
17 15 23 19 23 20 20 24 23 19 23 18 0 25 16
19 24 15 22 25 25 23 19 25 24 23 23 25 0 24
19 23 24 15 25 15 15 23 15 21 19 23 16 24 0
