13
10
16 21 84 29 85 137 49 139 132 127
78 100 11 140 106 145 60 86 84 121
160 94 15 25 89 40 68 150 75 53
4 59 18 152 96 25 69 28 139 159
87 87 25 38 139 16 115 113 20 61
96 160 73 77 146 139 82 46 16 4
64 13 59 52 145 145 60 143 111 81
104 112 25 52 4 18 88 95 1 135
155 116 62 31 25 158 4 119 17 118
100 122 60 7 44 78 71 65 92 5
26 91 53 76 111 7 118 102 122 56
103 109 68 106 142 2 41 92 151 59
119 52 33 37 35 50 55 133 57 70
0 20 23 16 24 25 23 18 17 20 25 23 16 24 24
20 0 19 16 21 15 20 24 15 15 20 21 16 20 15
23 19 0 24 20 23 21 25 16 21 16 20 22 17 18
16 16 24 0 23 25 16 15 22 24 19 24 15 24 17
24 21 20 23 0 19 21 22 16 25 25 16 25 15 23
25 15 23 25 19 0 21 25 24 19 19 16 20 16 21
23 20 21 16 21 21 0 15 25 16 20 25 24 19 19
18 24 25 15 22 25 15 0 15 19 20 25 23 20 17
17 15 16 22 16 24 25 15 0 24 21 18 24 16 21
20 15 21 24 25 19 16 19 24 0 23 17 17 20 25
25 20 16 19 25 19 20 20 21 23 0 18 22 25 25
23 21 20 24 16 16 25 25 18 17 18 0 23 23 24
16 16 22 15 25 20 24 23 24 17 22 23 0 25 21
24 20 17 24 15 16 19 20 16 20 25 23 25 0 24
24 15 18 17 23 21 19 17 21 25 25 24 21 24 0
