13
13
35 23 78 34 19 74 46 46 21 70 54 32 64
0 24 15 19 17 16 19 18 18 16 17 19 21 17 16
24 0 24 22 25 17 19 17 24 22 15 23 20 16 18
15 24 0 15 21 18 23 19 25 19 23 15 23 15 20
19 22 15 0 25 24 17 20 21 16 20 20 18 16 25
17 25 21 25 0 19 16 19 18 24 18 20 22 24 23
16 17 18 24 19 0 24 19 17 21 24 17 15 20 16
19 19 23 17 16 24 0 25 23 25 22 20 25 18 21
18 17 19 20 19 19 25 0 20 22 21 22 17 21 24
18 24 25 21 18 17 23 20 0 24 22 22 23 15 21
16 22 19 16 24 21 25 22 24 0 24 18 17 23 17
17 15 23 20 18 24 22 21 22 24 0 18 24 18 17
19 23 15 20 20 17 20 22 22 18 18 0 16 24 25
21 20 23 18 22 15 25 17 23 17 24 16 0 22 16
17 16 15 16 24 20 18 21 15 23 18 24 22 0 15
16 18 20 25 23 16 21 24 21 17 17 25 16 15 0
