13
7
4 14 14 27 28 32 19 19 10 26 8 10 15
0 19 24 19 22 22 22 22 15 15 20 21 23 22 25
19 0 22 21 19 22 15 25 18 19 17 20 21 18 25
24 22 0 24 21 22 21 18 25 21 23 25 20 18 15
19 21 24 0 22 18 16 16 15 16 22 25 22 17 24
22 19 21 22 0 23 22 15 16 18 20 23 22 22 20
22 22 22 18 23 0 15 19 21 20 17 25 23 25 23
22 15 21 16 22 15 0 17 25 16 20 25 22 21 21
22 25 18 16 15 19 17 0 20 17 19 16 22 21 20
15 18 25 15 16 21 25 20 0 20 18 22 21 18 24
15 19 21 16 18 20 16 17 20 0 19 22 22 20 25
20 17 23 22 20 17 20 19 18 19 0 22 15 16 20
21 20 25 25 23 25 25 16 22 22 22 0 16 19 25
23 21 20 22 22 23 22 22 21 22 15 16 0 21 19
22 18 18 17 22 25 21 21 18 20 16 19 21 0 16
25 25 15 24 20 23 21 20 24 25 20 25 19 16 0
