13
9
59 71 77 53 66 2 29 43 66 46 65 66 9
0 23 15 17 23 18 17 20 24 19 24 24 19 19 19
23 0 23 19 15 25 19 25 22 25 21 18 25 24 21
15 23 0 18 16 15 24 20 23 23 20 24 20 17 16
17 19 18 0 23 21 20 15 22 23 19 15 23 15 18
23 15 16 23 0 22 17 25 21 19 17 19 21 21 22
18 25 15 21 22 0 20 15 16 22 21 18 15 21 18
17 19 24 20 17 20 0 19 25 20 24 20 24 25 23
20 25 20 15 25 15 19 0 15 18 23 17 16 22 23
24 22 23 22 21 16 25 15 0 22 21 18 20 16 21
19 25 23 23 19 22 20 18 22 0 17 20 25 21 25
24 21 20 19 17 21 24 23 21 17 0 24 22 24 17
24 18 24 15 19 18 20 17 18 20 24 0 23 19 20
19 25 20 23 21 15 24 16 20 25 22 23 0 23 15
19 24 17 15 21 21 25 22 16 21 24 19 23 0 21
19 21 16 18 22 18 23 23 21 25 17 20 15 21 0
