13
16
92 15 92 55 58 102 23 35 48 120 30 14 66
0 18 17 24 16 20 16 20 22 21 16 20 17 21 21
18 0 21 22 20 25 17 20 17 22 20 22 20 20 15
17 21 0 19 21 16 21 23 24 19 17 24 16 18 19
24 22 19 0 21 17 20 18 20 18 17 23 24 24 19
16 20 21 21 0 18 15 22 21 25 18 22 17 22 16
20 25 16 17 18 0 17 22 25 18 20 25 19 22 20
16 17 21 20 15 17 0 23 21 25 16 16 16 25 24
20 20 23 18 22 22 23 0 20 17 22 19 24 23 17
22 17 24 20 21 25 21 20 0 23 20 17 20 25 16
21 22 19 18 25 18 25 17 23 0 23 18 16 21 19
16 20 17 17 18 20 16 22 20 23 0 24 20 24 21
20 22 24 23 22 25 16 19 17 18 24 0 21 24 20
17 20 16 24 17 19 16 24 20 16 20 21 0 17 24
21 20 18 24 22 22 25 23 25 21 24 24 17 0 17
21 15 19 19 16 20 24 17 16 19 21 20 24 17 0
