13
14
22 35 71 49 33 34 49 61 70 36 49 33 43 72
61 20 27 59 61 45 53 33 57 15 4 53 1 2
80 60 27 64 13 34 21 27 13 24 67 70 9 30
21 18 79 24 54 30 17 16 19 30 77 42 39 14
19 79 6 1 36 75 73 77 34 5 3 63 60 21
36 79 41 77 8 43 79 74 74 4 28 13 33 80
68 4 24 39 74 63 77 38 30 59 77 62 4 14
65 80 78 4 76 66 27 35 21 27 72 66 52 69
52 76 72 16 15 55 77 6 37 67 23 29 18 34
12 54 58 44 61 71 78 18 42 32 46 25 76 16
61 22 7 40 31 18 14 68 39 63 80 21 71 35
19 22 50 2 15 35 50 7 36 57 68 28 45 67
45 11 34 31 55 78 12 48 36 25 60 63 37 11
0 17 22 23 17 20 20 23 19 23 16 25 18 25 17
17 0 25 16 22 25 22 20 19 16 15 23 22 18 15
22 25 0 20 20 16 15 21 25 15 20 22 22 20 20
23 16 20 0 15 18 25 21 21 23 20 19 19 22 17
17 22 20 15 0 15 23 23 17 20 18 21 17 20 16
20 25 16 18 15 0 22 24 24 21 25 19 22 24 25
20 22 15 25 23 22 0 19 19 18 22 16 25 16 22
23 20 21 21 23 24 19 0 19 22 15 25 22 24 21
19 19 25 21 17 24 19 19 0 17 19 21 24 15 17
23 16 15 23 20 21 18 22 17 0 19 21 25 23 21
16 15 20 20 18 25 22 15 19 19 0 23 15 24 23
25 23 22 19 21 19 16 25 21 21 23 0 19 20 16
18 22 22 19 17 22 25 22 24 25 15 19 0 22 19
25 18 20 22 20 24 16 24 15 23 24 20 22 0 19
17 15 20 17 16 25 22 21 17 21 23 16 19 19 0
