13
18
94 92 97 105 117 61 2 69 100 36 13 43 51 17 102 67 48 71
87 60 94 5 65 82 18 120 6 71 82 31 51 18 82 93 15 66
93 37 37 87 26 59 119 68 19 94 103 9 21 22 27 71 52 89
109 103 82 93 102 7 3 70 108 112 103 14 112 101 2 30 70 82
20 11 110 34 41 22 55 116 54 11 65 113 69 59 119 109 117 24
32 11 7 29 41 102 34 32 31 70 36 90 23 1 114 111 38 72
19 22 69 41 90 113 51 116 20 54 15 39 64 54 49 84 14 54
67 57 7 84 62 4 16 110 96 6 5 32 108 20 87 80 25 20
19 49 69 106 67 119 106 110 77 112 35 65 46 66 29 82 115 35
9 73 90 58 79 86 37 53 88 75 114 81 73 24 6 51 99 105
45 42 26 58 111 45 97 55 26 57 3 61 75 88 19 15 40 112
67 22 10 20 66 42 27 7 62 120 36 7 26 108 105 51 43 46
97 38 17 19 36 37 78 60 26 50 115 108 17 19 4 104 56 105
0 22 24 24 23 25 22 21 18 20 23 17 15 15 17
22 0 21 17 20 20 25 25 20 24 22 18 25 16 19
24 21 0 24 21 23 17 19 17 23 15 25 15 16 20
24 17 24 0 22 24 21 24 18 21 21 21 16 18 23
23 20 21 22 0 21 17 23 18 24 21 23 21 16 24
25 20 23 24 21 0 17 19 21 23 21 20 22 23 18
22 25 17 21 17 17 0 20 23 15 20 20 18 18 16
21 25 19 24 23 19 20 0 22 25 17 20 23 23 19
18 20 17 18 18 21 23 22 0 16 25 20 19 15 20
20 24 23 21 24 23 15 25 16 0 22 16 20 17 16
23 22 15 21 21 21 20 17 25 22 0 16 16 15 22
17 18 25 21 23 20 20 20 20 16 16 0 25 15 25
15 25 15 16 21 22 18 23 19 20 16 25 0 21 20
15 16 16 18 16 23 18 23 15 17 15 15 21 0 22
17 19 20 23 24 18 16 19 20 16 22 25 20 22 0
