13
22
35 28 21 36 12 8 5 15 12 29 10 26 6 31 21 15 9 33 8 25 22 21
24 25 33 36 39 37 31 3 12 2 1 12 40 8 20 2 35 35 5 13 3 7
9 37 17 10 2 23 8 38 2 36 34 5 26 17 26 14 23 9 8 18 37 7
2 24 33 2 35 24 34 9 17 11 9 13 1 14 40 30 28 35 37 11 11 18
11 32 11 14 7 31 19 33 8 6 2 33 16 9 38 22 17 35 16 16 25 34
31 18 7 1 39 18 4 1 20 14 33 11 8 34 7 28 20 11 25 25 19 22
11 13 21 24 12 32 39 13 39 15 5 35 19 22 39 5 9 14 7 24 24 38
29 21 1 7 32 15 11 13 4 19 14 5 4 17 16 26 27 14 17 16 39 18
34 13 3 18 7 28 15 37 19 1 34 20 24 6 13 34 40 17 15 3 25 12
25 22 31 1 16 15 34 36 20 13 4 23 35 23 29 12 39 32 1 36 20 7
3 22 1 39 14 19 19 25 31 34 15 22 27 22 30 28 29 29 9 27 37 23
33 38 27 12 18 36 21 15 24 15 21 28 32 12 6 15 7 39 27 12 27 34
25 37 37 13 3 11 11 1 12 14 39 29 10 15 35 20 16 34 9 2 17 26
0 18 21 16 19 22 15 19 17 24 22 21 24 16 17
18 0 25 21 25 16 16 16 23 21 20 17 16 15 18
21 25 0 22 20 18 21 16 20 17 20 21 21 24 17
16 21 22 0 20 18 18 17 21 15 24 22 16 16 23
19 25 20 20 0 18 18 17 19 18 16 16 15 20 19
22 16 18 18 18 0 25 18 15 16 19 17 22 22 16
15 16 21 18 18 25 0 19 18 16 16 17 18 23 16
19 16 16 17 17 18 19 0 20 23 24 21 17 23 25
17 23 20 21 19 15 18 20 0 18 23 22 19 15 22
24 21 17 15 18 16 16 23 18 0 22 22 19 18 20
22 20 20 24 16 19 16 24 23 22 0 24 21 24 18
21 17 21 22 16 17 17 21 22 22 24 0 17 17 18
24 16 21 16 15 22 18 17 19 19 21 17 0 15 15
16 15 24 16 20 22 23 23 15 18 24 17 15 0 21
17 18 17 23 19 16 16 25 22 20 18 18 15 21 0
