13
20
6 27 29 28 6 2 16 4 26 25 22 24 38 20 22 34 10 21 23 9
12 30 10 6 36 7 34 4 33 21 23 10 10 17 31 37 9 35 33 21
9 1 36 36 6 10 13 33 7 9 29 14 11 11 5 5 21 25 14 2
40 14 33 7 12 39 22 33 30 11 28 22 19 17 13 12 14 12 26 19
24 35 7 11 28 35 1 1 9 38 20 39 6 19 3 20 21 33 30 38
2 40 11 17 40 37 14 8 25 11 40 39 7 25 29 14 13 10 11 24
30 16 17 18 9 12 22 21 20 39 10 21 3 28 2 32 40 24 4 11
16 27 8 7 22 8 13 17 18 28 10 5 25 7 9 8 36 34 35 40
39 32 28 35 1 36 19 31 17 34 27 30 8 24 15 17 36 19 10 13
31 6 29 7 39 14 33 18 2 16 37 4 31 4 13 37 37 14 15 24
39 17 19 27 36 40 2 6 22 2 24 22 10 27 28 32 39 34 19 29
16 30 25 30 12 31 33 32 38 5 33 7 28 26 19 31 2 33 3 8
35 25 28 11 2 3 25 15 9 7 31 38 13 27 18 28 13 19 24 14
0 15 19 22 21 15 18 16 15 23 23 18 17 23 15
15 0 20 23 21 17 15 20 22 19 18 19 23 18 17
19 20 0 24 24 23 17 16 25 24 23 22 21 25 19
22 23 24 0 23 22 21 18 24 16 23 18 16 21 19
21 21 24 23 0 21 15 15 17 23 25 18 25 24 20
15 17 23 22 21 0 17 17 20 23 21 16 23 25 15
18 15 17 21 15 17 0 22 22 15 15 16 21 21 17
16 20 16 18 15 17 22 0 19 18 16 16 21 18 25
15 22 25 24 17 20 22 19 0 19 15 24 18 16 20
23 19 24 16 23 23 15 18 19 0 15 21 23 18 16
23 18 23 23 25 21 15 16 15 15 0 15 17 22 23
18 19 22 18 18 16 16 16 24 21 15 0 21 15 25
17 23 21 16 25 23 21 21 18 23 17 21 0 16 18
23 18 25 21 24 25 21 18 16 18 22 15 16 0 15
15 17 19 19 20 15 17 25 20 16 23 25 18 15 0
