13
26
62 2 69 58 43 33 68 30 46 38 72 73 40 22 12 67 23 22 64 53 54 18 3 40 54 76
4 23 41 63 61 65 4 53 34 21 59 33 21 47 44 59 47 28 22 8 21 5 58 54 42 65
59 76 80 31 63 5 36 52 78 58 30 18 30 24 37 8 16 64 15 79 40 77 33 32 68 32
18 57 13 5 48 75 58 78 8 72 74 29 70 26 29 3 65 41 56 76 26 5 43 72 45 70
49 74 30 1 73 19 70 64 66 73 76 2 9 4 24 8 47 58 19 65 53 25 65 9 13 74
80 74 64 49 72 50 5 3 62 3 34 64 44 75 19 48 66 31 64 75 36 34 56 7 79 15
60 37 6 58 75 58 40 6 39 23 16 8 3 40 61 28 28 40 78 25 46 35 13 6 9 22
69 13 16 63 10 46 78 64 59 21 48 2 35 52 18 54 77 59 38 19 73 38 19 52 73 10
19 39 21 58 27 20 48 76 13 45 18 23 75 13 34 7 73 56 20 30 36 24 26 46 60 74
72 23 4 13 39 42 60 42 21 12 45 29 46 19 2 41 18 9 20 66 80 14 80 76 18 79
9 66 14 54 39 8 6 46 71 62 31 45 1 32 77 52 48 75 22 19 30 38 63 12 8 66
30 24 58 18 52 62 72 58 37 70 68 34 29 40 74 30 10 69 45 49 44 58 48 24 80 19
54 41 9 40 68 11 38 39 40 69 39 27 45 56 79 41 75 76 52 56 2 56 21 44 36 23
0 18 16 23 22 16 19 21 19 21 21 19 25 17 16
18 0 16 16 23 18 18 18 16 16 23 18 24 19 21
16 16 0 23 17 16 24 21 15 19 16 19 25 19 19
23 16 23 0 16 21 23 25 25 18 16 20 15 23 21
22 23 17 16 0 23 15 21 25 21 24 21 22 23 20
16 18 16 21 23 0 25 18 24 19 16 17 18 19 22
19 18 24 23 15 25 0 25 21 22 23 20 25 20 18
21 18 21 25 21 18 25 0 15 18 20 25 20 24 25
19 16 15 25 25 24 21 15 0 15 16 24 15 16 21
21 16 19 18 21 19 22 18 15 0 17 21 25 21 25
21 23 16 16 24 16 23 20 16 17 0 23 24 18 23
19 18 19 20 21 17 20 25 24 21 23 0 19 17 17
25 24 25 15 22 18 25 20 15 25 24 19 0 17 18
17 19 19 23 23 19 20 24 16 21 18 17 17 0 20
16 21 19 21 20 22 18 25 21 25 23 17 18 20 0
