13
12
28 69 129 55 103 79 134 88 62 60 55 118
90 108 30 55 21 56 25 123 62 119 39 54
7 86 75 91 52 96 105 130 152 60 81 9
67 113 53 94 52 144 142 49 50 69 157 142
111 96 155 95 121 133 34 5 104 89 64 52
67 55 85 120 3 144 142 151 108 75 33 115
71 146 34 60 108 30 120 119 5 145 114 154
78 149 29 116 47 89 25 41 75 19 99 78
81 147 47 95 114 95 59 61 113 27 114 30
45 127 79 28 50 47 33 128 41 33 66 93
144 47 71 50 55 71 160 47 20 18 149 157
110 142 132 39 53 9 88 28 33 40 41 105
126 7 67 37 153 157 132 84 88 96 104 100
0 24 21 17 25 15 20 20 23 18 25 23 16 21 19
24 0 19 19 19 16 22 23 18 20 15 21 17 21 15
21 19 0 25 18 18 17 18 16 20 23 16 20 17 22
17 19 25 0 16 22 16 16 20 25 23 22 24 18 18
25 19 18 16 0 17 24 19 15 20 25 16 24 15 23
15 16 18 22 17 0 16 15 22 18 18 20 24 25 22
20 22 17 16 24 16 0 25 22 15 15 21 19 16 18
20 23 18 16 19 15 25 0 25 23 17 17 22 19 15
23 18 16 20 15 22 22 25 0 24 16 23 24 15 24
18 20 20 25 20 18 15 23 24 0 21 22 23 22 22
25 15 23 23 25 18 15 17 16 21 0 15 17 22 25
23 21 16 22 16 20 21 17 23 22 15 0 18 25 24
16 17 20 24 24 24 19 22 24 23 17 18 0 23 22
21 21 17 18 15 25 16 19 15 22 22 25 23 0 20
19 15 22 18 23 22 18 15 24 22 25 24 22 20 0
