13
5
49 36 29 20 54 55 78 21 37 35 31 17 70
0 20 21 17 19 18 25 21 17 25 23 22 15 24 18
20 0 18 15 19 24 25 19 24 25 23 19 24 15 15
21 18 0 21 21 22 25 18 23 20 19 21 19 25 22
17 15 21 0 20 16 23 24 18 21 25 23 23 21 25
19 19 21 20 0 23 17 17 15 15 18 17 19 20 25
18 24 22 16 23 0 18 25 23 22 17 22 21 22 21
25 25 25 23 17 18 0 24 22 21 20 22 24 23 19
21 19 18 24 17 25 24 0 21 20 17 16 18 15 20
17 24 23 18 15 23 22 21 0 15 21 25 18 16 21
25 25 20 21 15 22 21 20 15 0 15 19 25 17 23
23 23 19 25 18 17 20 17 21 15 0 20 22 23 15
22 19 21 23 17 22 22 16 25 19 20 0 20 20 20
15 24 19 23 19 21 24 18 18 25 22 20 0 20 23
24 15 25 21 20 22 23 15 16 17 23 20 20 0 21
18 15 22 25 25 21 19 20 21 23 15 20 23 21 0
