13
10
10 56 77 86 13 111 125 66 119 134 36 66 122
0 22 23 22 25 16 17 17 15 21 23 18 22 20 22
22 0 16 24 21 16 21 22 23 21 20 20 20 25 16
23 16 0 21 20 20 25 18 20 21 17 15 16 17 21
22 24 21 0 19 20 20 19 24 20 17 17 25 17 19
25 21 20 19 0 22 17 16 25 17 21 22 17 20 18
16 16 20 20 22 0 23 19 16 21 21 23 22 15 19
17 21 25 20 17 23 0 24 24 25 20 17 22 17 16
17 22 18 19 16 19 24 0 24 16 24 25 22 23 15
15 23 20 24 25 16 24 24 0 16 20 25 20 18 17
21 21 21 20 17 21 25 16 16 0 20 20 25 19 20
23 20 17 17 21 21 20 24 20 20 0 15 15 16 19
18 20 15 17 22 23 17 25 25 20 15 0 25 18 21
22 20 16 25 17 22 22 22 20 25 15 25 0 24 24
20 25 17 17 20 15 17 23 18 19 16 18 24 0 21
22 16 21 19 18 19 16 15 17 20 19 21 24 21 0
