13
13
160 124 74 153 115 92 39 49 46 45 115 96 155
0 20 20 19 25 22 25 15 15 17 23 15 19 16 21
20 0 23 19 18 15 23 20 19 24 24 19 21 20 16
20 23 0 19 16 15 20 24 25 22 22 15 25 16 22
19 19 19 0 22 23 22 24 23 19 17 25 22 23 16
25 18 16 22 0 17 18 20 16 17 24 23 16 19 16
22 15 15 23 17 0 17 20 18 23 15 22 15 24 17
25 23 20 22 18 17 0 25 15 22 24 17 23 19 20
15 20 24 24 20 20 25 0 24 19 20 25 23 24 22
15 19 25 23 16 18 15 24 0 19 20 24 23 20 21
17 24 22 19 17 23 22 19 19 0 19 16 20 15 16
23 24 22 17 24 15 24 20 20 19 0 17 22 23 23
15 19 15 25 23 22 17 25 24 16 17 0 19 17 22
19 21 25 22 16 15 23 23 23 20 22 19 0 15 23
16 20 16 23 19 24 19 24 20 15 23 17 15 0 17
21 16 22 16 16 17 20 22 21 16 23 22 23 17 0
