13
9
25 17 24 28 18 32 29 9 4 16 29 32 4
0 18 24 23 23 25 23 17 23 20 18 25 17 19 22
18 0 18 22 24 16 21 16 18 23 21 19 19 17 16
24 18 0 16 19 22 23 19 19 25 21 15 15 21 16
23 22 16 0 18 24 24 20 24 23 18 17 21 23 21
23 24 19 18 0 24 17 16 15 19 19 24 15 21 24
25 16 22 24 24 0 22 24 17 19 21 16 24 19 19
23 21 23 24 17 22 0 20 16 15 25 23 25 22 17
17 16 19 20 16 24 20 0 19 16 17 25 24 17 21
23 18 19 24 15 17 16 19 0 23 25 23 16 16 20
20 23 25 23 19 19 15 16 23 0 20 19 24 24 24
18 21 21 18 19 21 25 17 25 20 0 20 23 15 15
25 19 15 17 24 16 23 25 23 19 20 0 19 15 18
17 19 15 21 15 24 25 24 16 24 23 19 0 24 15
19 17 21 23 21 19 22 17 16 24 15 15 24 0 17
22 16 16 21 24 19 17 21 20 24 15 18 15 17 0
