13
24
51 43 85 6 146 97 52 46 41 48 121 131 11 8 142 31 23 109 34 144 147 113 49 63
19 32 149 135 69 110 50 61 13 122 154 105 151 41 118 95 40 28 45 104 142 127 13 139
27 84 41 104 155 59 125 17 152 57 50 156 73 110 68 112 160 131 89 152 68 147 91 52
98 40 124 110 82 4 12 134 28 134 102 99 86 130 136 99 135 10 30 103 147 81 4 116
98 67 119 101 88 67 97 22 61 44 116 121 39 102 13 157 82 6 64 28 141 83 72 75
129 46 129 42 55 134 26 90 57 122 35 108 68 68 149 70 101 27 110 113 67 25 147 123
31 35 143 158 99 76 107 151 83 50 145 32 13 113 62 98 94 94 58 6 140 129 70 9
67 37 60 105 69 142 14 79 85 59 55 103 1 83 45 109 136 112 41 100 131 85 43 120
7 45 52 20 102 14 93 76 83 53 132 125 106 65 98 141 29 143 27 145 6 103 121 88
40 58 107 57 61 41 130 87 125 34 56 121 53 26 56 3 64 41 123 92 109 33 60 64
110 46 138 30 57 38 58 137 118 90 140 84 17 131 63 10 51 92 124 10 24 122 68 79
30 48 10 32 89 12 115 52 145 12 113 77 69 71 24 151 142 16 54 23 88 109 139 66
156 22 34 15 12 10 41 59 74 107 32 145 75 79 149 7 38 43 141 85 107 85 46 151
0 18 19 18 20 18 21 16 20 25 16 23 22 23 15
18 0 16 21 15 20 20 18 21 18 19 20 15 19 22
19 16 0 19 22 17 18 20 21 15 25 19 19 15 21
18 21 19 0 25 18 21 22 16 20 21 15 19 20 25
20 15 22 25 0 23 22 18 17 25 23 19 16 20 17
18 20 17 18 23 0 21 17 19 15 22 20 24 16 20
21 20 18 21 22 21 0 21 24 17 24 21 23 23 25
16 18 20 22 18 17 21 0 18 24 21 15 17 15 20
20 21 21 16 17 19 24 18 0 17 17 20 24 17 24
25 18 15 20 25 15 17 24 17 0 24 18 22 17 22
16 19 25 21 23 22 24 21 17 24 0 17 20 18 19
23 20 19 15 19 20 21 15 20 18 17 0 18 25 25
22 15 19 19 16 24 23 17 24 22 20 18 0 15 17
23 19 15 20 20 16 23 15 17 17 18 25 15 0 18
15 22 21 25 17 20 25 20 24 22 19 25 17 18 0
