13
13
35 28 6 15 35 21 14 23 32 40 13 40 38
0 20 17 25 16 17 24 22 16 15 24 15 25 25 18
20 0 19 24 24 18 17 21 24 17 17 19 18 24 24
17 19 0 21 23 18 17 24 25 21 17 15 17 22 17
25 24 21 0 25 18 18 20 16 22 21 24 21 16 20
16 24 23 25 0 22 21 21 24 16 21 24 24 23 15
17 18 18 18 22 0 21 21 22 25 20 24 15 16 22
24 17 17 18 21 21 0 25 19 23 20 21 15 20 23
22 21 24 20 21 21 25 0 17 18 23 20 17 19 16
16 24 25 16 24 22 19 17 0 23 21 16 18 17 18
15 17 21 22 16 25 23 18 23 0 16 20 20 16 18
24 17 17 21 21 20 20 23 21 16 0 20 23 25 16
15 19 15 24 24 24 21 20 16 20 20 0 19 22 20
25 18 17 21 24 15 15 17 18 20 23 19 0 18 25
25 24 22 16 23 16 20 19 17 16 25 22 18 0 17
18 24 17 20 15 22 23 16 18 18 16 20 25 17 0
