13
15
20 46 11 99 69 13 75 99 49 88 33 87 28
0 24 15 21 22 17 21 22 19 16 25 16 15 22 21
24 0 21 18 16 24 16 19 16 21 24 25 24 23 24
15 21 0 24 19 18 19 16 15 17 24 24 24 17 22
21 18 24 0 22 15 19 21 18 20 24 15 20 17 21
22 16 19 22 0 21 19 19 23 22 15 20 21 15 22
17 24 18 15 21 0 25 18 19 23 16 15 17 18 17
21 16 19 19 19 25 0 25 25 24 23 15 15 20 24
22 19 16 21 19 18 25 0 24 21 15 25 20 17 18
19 16 15 18 23 19 25 24 0 23 23 21 16 25 18
16 21 17 20 22 23 24 21 23 0 23 21 19 24 23
25 24 24 24 15 16 23 15 23 23 0 21 23 21 15
16 25 24 15 20 15 15 25 21 21 21 0 16 25 22
15 24 24 20 21 17 15 20 16 19 23 16 0 17 25
22 23 17 17 15 18 20 17 25 24 21 25 17 0 15
21 24 22 21 22 17 24 18 18 23 15 22 25 15 0
