13
7
32 62 58 57 29 67 79 23 43 54 68 12 7
0 18 22 23 15 25 20 15 22 24 21 25 25 15 23
18 0 15 21 19 20 16 21 22 20 24 16 24 20 22
22 15 0 24 15 15 18 21 21 22 15 25 18 20 17
23 21 24 0 20 21 19 19 15 21 20 22 22 16 16
15 19 15 20 0 15 15 15 15 22 19 22 20 21 20
25 20 15 21 15 0 21 23 23 18 16 25 18 22 21
20 16 18 19 15 21 0 20 22 21 19 18 16 22 17
15 21 21 19 15 23 20 0 16 23 22 19 18 19 25
22 22 21 15 15 23 22 16 0 16 15 20 17 21 16
24 20 22 21 22 18 21 23 16 0 19 18 18 23 16
21 24 15 20 19 16 19 22 15 19 0 21 15 21 22
25 16 25 22 22 25 18 19 20 18 21 0 21 16 20
25 24 18 22 20 18 16 18 17 18 15 21 0 23 19
15 20 20 16 21 22 22 19 21 23 21 16 23 0 15
23 22 17 16 20 21 17 25 16 16 22 20 19 15 0
