13
20
5 101 33 69 117 17 72 76 104 38 115 36 61 30 66 45 10 113 72 87
80 61 69 68 36 8 77 59 60 19 79 113 56 14 90 29 23 119 31 58
112 65 1 73 97 87 94 59 57 89 117 15 71 69 51 110 90 47 102 59
112 32 101 43 33 25 117 74 25 3 45 86 71 96 75 7 20 91 76 74
39 32 29 110 31 44 78 30 75 67 88 89 36 13 24 79 69 94 78 88
56 40 1 66 7 101 104 6 23 90 12 109 43 65 35 41 112 114 82 83
4 95 92 6 99 62 23 65 17 3 105 80 92 87 43 95 95 93 69 64
41 29 100 111 32 87 2 86 65 69 65 108 46 30 82 84 12 66 102 17
45 119 81 10 112 90 75 19 95 13 20 38 88 23 41 59 11 86 50 48
43 52 99 48 89 32 16 32 66 105 61 39 89 51 57 60 26 35 85 5
60 97 25 21 118 50 56 72 71 50 11 15 3 83 39 28 49 101 118 67
46 113 81 106 119 54 11 70 29 41 90 107 88 93 25 51 24 33 58 90
113 54 44 114 74 59 9 81 93 95 16 4 104 116 57 40 69 117 85 57
0 15 20 17 23 16 22 22 18 20 22 19 24 25 17
15 0 24 18 24 17 16 22 20 15 15 20 18 15 25
20 24 0 18 25 22 22 21 24 17 16 25 17 23 18
17 18 18 0 23 21 15 21 20 16 19 18 21 22 16
23 24 25 23 0 21 24 19 25 16 20 16 22 16 16
16 17 22 21 21 0 19 22 22 25 16 16 15 25 19
22 16 22 15 24 19 0 18 21 25 16 20 20 16 15
22 22 21 21 19 22 18 0 21 18 22 21 17 18 19
18 20 24 20 25 22 21 21 0 18 18 23 25 22 23
20 15 17 16 16 25 25 18 18 0 20 19 15 23 21
22 15 16 19 20 16 16 22 18 20 0 23 22 18 20
19 20 25 18 16 16 20 21 23 19 23 0 16 21 25
24 18 17 21 22 15 20 17 25 15 22 16 0 18 22
25 15 23 22 16 25 16 18 22 23 18 21 18 0 17
17 25 18 16 16 19 15 19 23 21 20 25 22 17 0
