13
20
36 1 21 107 107 58 85 119 7 94 15 82 106 60 5 71 33 17 39 56
10 60 88 117 29 116 16 93 64 85 76 53 59 70 39 46 42 70 97 20
116 56 87 53 76 93 83 15 84 3 86 27 75 76 109 12 3 45 116 51
111 67 12 34 17 25 35 5 112 86 61 117 17 97 99 18 102 4 62 117
16 68 80 30 95 91 23 89 118 55 102 80 71 4 80 54 119 82 108 19
88 48 113 59 96 94 48 116 76 47 20 49 76 59 40 67 75 56 47 78
60 52 46 68 93 9 54 24 64 19 28 58 22 106 32 57 42 83 85 89
29 114 116 83 63 83 11 48 37 50 11 72 35 78 97 83 4 115 66 98
18 11 48 90 39 92 71 117 20 28 97 35 119 81 106 25 19 75 6 9
5 3 95 104 102 29 105 47 44 64 83 105 50 29 86 5 56 91 3 46
56 89 14 19 84 94 106 14 46 9 79 37 22 103 120 79 92 76 113 107
11 76 40 45 104 37 65 52 97 24 101 115 97 28 113 76 9 55 85 16
104 23 29 31 106 107 75 93 10 109 68 18 49 118 31 70 32 5 7 7
0 16 22 15 17 24 17 17 15 25 17 20 20 19 19
16 0 15 24 23 23 22 15 22 17 22 25 19 22 19
22 15 0 19 20 15 16 20 24 25 24 20 16 16 17
15 24 19 0 15 25 23 17 24 24 24 15 18 22 19
17 23 20 15 0 25 15 25 20 16 17 16 16 17 23
24 23 15 25 25 0 22 18 16 18 15 24 25 16 19
17 22 16 23 15 22 0 17 22 21 24 24 21 21 23
17 15 20 17 25 18 17 0 20 23 22 20 21 15 19
15 22 24 24 20 16 22 20 0 16 16 24 21 17 23
25 17 25 24 16 18 21 23 16 0 24 23 17 22 20
17 22 24 24 17 15 24 22 16 24 0 17 24 24 18
20 25 20 15 16 24 24 20 24 23 17 0 24 24 18
20 19 16 18 16 25 21 21 21 17 24 24 0 24 23
19 22 16 22 17 16 21 15 17 22 24 24 24 0 21
19 19 17 19 23 19 23 19 23 20 18 18 23 21 0
