13
10
18 2 31 15 18 26 8 20 27 5
6 17 17 7 32 26 26 20 7 21
15 2 19 14 17 36 39 21 34 13
21 32 24 13 31 21 21 24 6 6
23 12 6 25 2 1 16 33 3 38
23 27 37 12 22 2 40 27 14 5
13 24 37 39 35 11 24 34 27 22
10 15 17 7 19 15 8 25 21 32
39 33 37 31 33 17 23 22 40 23
3 18 11 5 3 35 21 5 16 33
16 12 23 38 5 22 18 11 25 14
24 39 24 2 19 15 35 27 2 8
5 3 9 34 28 22 32 11 11 20
0 22 25 21 21 23 25 24 24 20 24 18 21 20 18
22 0 22 18 18 17 15 21 18 23 25 18 24 18 21
25 22 0 19 21 16 23 25 23 17 19 23 20 22 21
21 18 19 0 16 18 15 18 16 16 23 17 21 24 19
21 18 21 16 0 22 16 25 19 23 15 17 18 24 25
23 17 16 18 22 0 21 22 18 25 15 23 16 18 18
25 15 23 15 16 21 0 23 21 25 15 20 23 16 17
24 21 25 18 25 22 23 0 23 21 22 18 21 24 20
24 18 23 16 19 18 21 23 0 24 16 20 20 24 18
20 23 17 16 23 25 25 21 24 0 20 21 25 17 22
24 25 19 23 15 15 15 22 16 20 0 16 25 16 15
18 18 23 17 17 23 20 18 20 21 16 0 25 16 15
21 24 20 21 18 16 23 21 20 25 25 25 0 21 18
20 18 22 24 24 18 16 24 24 17 16 16 21 0 16
18 21 21 19 25 18 17 20 18 22 15 15 18 16 0
