13
16
128 147 2 34 36 59 107 130 131 119 101 127 80 55 9 160
92 63 130 77 155 115 33 129 139 138 6 51 50 114 69 158
90 109 55 15 63 153 152 73 106 110 107 80 95 158 60 21
22 24 30 119 79 155 55 19 137 100 2 42 94 91 92 136
149 142 57 86 76 3 29 47 149 158 84 73 38 118 20 49
42 92 87 115 73 117 155 30 133 106 132 42 159 100 103 107
134 110 4 157 73 133 14 12 83 68 125 111 120 117 31 125
17 106 48 84 128 150 20 79 52 89 93 6 113 129 138 8
79 1 52 27 81 56 88 89 160 72 27 63 14 68 83 4
61 60 147 58 101 129 12 67 72 12 4 41 153 100 7 41
47 68 143 46 155 51 137 148 61 65 40 22 51 100 38 147
120 158 4 116 61 17 147 39 158 115 77 66 38 56 34 124
110 35 136 62 34 94 20 39 136 92 66 121 131 134 152 25
0 20 23 22 16 15 20 16 18 23 23 17 21 23 22
20 0 16 17 17 21 17 15 25 24 16 23 21 16 17
23 16 0 17 15 21 16 19 25 16 19 21 16 22 15
22 17 17 0 15 19 25 17 15 21 16 25 21 18 18
16 17 15 15 0 21 18 22 19 16 25 17 15 21 15
15 21 21 19 21 0 18 22 16 23 24 24 23 20 24
20 17 16 25 18 18 0 16 24 23 24 25 15 25 23
16 15 19 17 22 22 16 0 20 21 25 21 15 25 23
18 25 25 15 19 16 24 20 0 24 21 17 24 16 20
23 24 16 21 16 23 23 21 24 0 17 23 19 24 15
23 16 19 16 25 24 24 25 21 17 0 24 18 25 23
17 23 21 25 17 24 25 21 17 23 24 0 21 18 20
21 21 16 21 15 23 15 15 24 19 18 21 0 21 16
23 16 22 18 21 20 25 25 16 24 25 18 21 0 25
22 17 15 18 15 24 23 23 20 15 23 20 16 25 0
