13
18
75 35 47 33 67 24 29 70 49 53 35 77 68 32 41 51 79 18
46 9 27 9 24 7 19 23 63 42 80 25 55 28 36 71 74 10
9 17 64 38 34 24 37 21 31 52 59 31 18 72 22 46 2 21
13 66 6 55 39 58 68 34 57 78 25 35 27 41 9 55 58 45
10 1 8 64 45 52 54 7 44 46 53 15 28 18 61 39 34 23
42 14 6 28 2 2 22 38 66 80 51 17 61 79 31 61 56 47
25 22 45 18 68 15 78 17 29 4 68 76 30 77 32 75 5 60
79 21 75 80 52 6 66 55 29 80 45 51 65 6 6 61 69 19
29 59 67 23 53 54 60 38 54 29 10 29 41 34 3 38 35 32
35 67 76 15 16 76 26 16 19 44 3 35 37 31 31 5 53 20
59 34 65 10 12 74 47 7 64 36 35 11 61 12 78 69 13 42
24 20 36 71 66 27 46 41 10 11 28 59 65 70 12 9 23 66
14 43 52 49 23 68 63 65 67 27 69 14 33 39 39 71 18 33
0 16 15 21 20 16 20 20 19 21 21 20 24 22 20
16 0 17 23 19 15 24 22 18 18 16 21 21 20 18
15 17 0 23 16 23 16 20 19 21 17 19 16 24 16
21 23 23 0 25 15 20 24 17 19 15 21 15 16 21
20 19 16 25 0 19 24 23 20 23 16 22 18 17 25
16 15 23 15 19 0 24 25 25 20 20 23 17 23 21
20 24 16 20 24 24 0 18 21 20 23 20 16 25 24
20 22 20 24 23 25 18 0 17 23 20 20 21 21 24
19 18 19 17 20 25 21 17 0 24 20 17 18 15 17
21 18 21 19 23 20 20 23 24 0 16 25 22 19 16
21 16 17 15 16 20 23 20 20 16 0 16 18 23 17
20 21 19 21 22 23 20 20 17 25 16 0 20 21 20
24 21 16 15 18 17 16 21 18 22 18 20 0 22 16
22 20 24 16 17 23 25 21 15 19 23 21 22 0 24
20 18 16 21 25 21 24 24 17 16 17 20 16 24 0
