13
8
120 56 58 120 40 16 104 140 55 93 93 11 118
0 25 25 20 18 24 21 16 19 22 18 15 18 24 24
25 0 25 15 18 17 19 18 23 16 25 18 25 22 20
25 25 0 24 25 23 15 24 22 17 16 22 16 22 17
20 15 24 0 24 18 23 25 21 25 24 15 21 18 20
18 18 25 24 0 25 23 25 17 25 24 18 23 18 21
24 17 23 18 25 0 16 21 21 15 18 18 23 17 24
21 19 15 23 23 16 0 19 16 17 16 17 24 20 22
16 18 24 25 25 21 19 0 25 21 21 15 17 20 25
19 23 22 21 17 21 16 25 0 20 23 25 21 16 16
22 16 17 25 25 15 17 21 20 0 23 23 15 16 21
18 25 16 24 24 18 16 21 23 23 0 20 15 21 24
15 18 22 15 18 18 17 15 25 23 20 0 25 21 21
18 25 16 21 23 23 24 17 21 15 15 25 0 20 15
24 22 22 18 18 17 20 20 16 16 21 21 20 0 19
24 20 17 20 21 24 22 25 16 21 24 21 15 19 0
