13
4
67 21 118 36
4 50 100 51
6 33 64 42
84 60 5 88
3 36 47 50
59 94 56 52
14 19 113 98
96 93 116 85
30 118 115 12
101 42 15 44
54 58 38 14
66 54 102 117
67 62 15 110
0 24 20 23 19 24 17 15 16 19 17 16 15 23 22
24 0 20 15 22 15 16 18 19 24 18 15 22 20 22
20 20 0 15 22 22 23 23 25 18 16 23 15 18 21
23 15 15 0 20 19 21 23 18 20 15 24 17 23 16
19 22 22 20 0 23 21 16 25 21 25 23 17 17 23
24 15 22 19 23 0 24 18 23 17 22 16 17 22 23
17 16 23 21 21 24 0 18 20 17 18 15 20 22 19
15 18 23 23 16 18 18 0 18 19 19 24 16 22 24
16 19 25 18 25 23 20 18 0 21 17 15 17 24 20
19 24 18 20 21 17 17 19 21 0 23 17 22 19 15
17 18 16 15 25 22 18 19 17 23 0 21 23 22 19
16 15 23 24 23 16 15 24 15 17 21 0 17 23 24
15 22 15 17 17 17 20 16 17 22 23 17 0 23 21
23 20 18 23 17 22 22 22 24 19 22 23 23 0 25
22 22 21 16 23 23 19 24 20 15 19 24 21 25 0
