13
8
19 57 43 75 16 7 3 97
36 14 91 138 110 136 81 144
91 96 131 96 48 91 127 131
155 21 136 7 110 135 22 63
68 7 150 34 21 9 137 69
19 7 70 20 31 102 105 51
48 78 146 43 87 101 28 78
116 9 87 85 68 47 107 115
21 29 74 43 84 139 70 87
60 37 15 7 74 56 33 73
93 26 91 125 117 37 115 24
35 143 65 91 62 131 88 18
97 91 12 119 123 121 143 142
0 17 25 16 22 20 21 15 18 18 16 18 17 16 16
17 0 19 18 25 19 16 15 19 25 23 23 23 20 24
25 19 0 16 18 20 16 15 21 17 24 15 23 17 17
16 18 16 0 24 19 23 23 22 16 15 17 23 22 25
22 25 18 24 0 19 17 25 23 15 25 25 21 25 17
20 19 20 19 19 0 18 17 15 16 25 16 17 18 16
21 16 16 23 17 18 0 17 21 25 21 15 16 25 16
15 15 15 23 25 17 17 0 16 19 19 20 20 21 19
18 19 21 22 23 15 21 16 0 20 22 17 18 15 16
18 25 17 16 15 16 25 19 20 0 15 19 18 24 23
16 23 24 15 25 25 21 19 22 15 0 20 20 21 20
18 23 15 17 25 16 15 20 17 19 20 0 24 25 22
17 23 23 23 21 17 16 20 18 18 20 24 0 22 18
16 20 17 22 25 18 25 21 15 24 21 25 22 0 21
16 24 17 25 17 16 16 19 16 23 20 22 18 21 0
