13
14
37 8 33 15 57 68 40 65 126 149 87 148 24 109
113 28 98 132 109 140 121 43 21 140 70 22 35 86
121 83 52 78 84 10 91 55 40 77 150 54 25 122
8 98 97 45 140 33 53 48 19 86 142 105 72 100
97 119 89 90 76 4 138 156 60 87 82 19 30 69
99 42 63 33 41 93 94 17 87 64 57 5 65 151
31 151 63 87 111 66 4 30 4 112 99 109 156 157
119 122 128 118 81 19 144 66 159 137 112 112 43 101
8 63 70 56 155 93 52 115 30 11 98 87 131 85
145 28 70 90 14 84 76 105 60 52 158 78 44 24
53 53 139 38 52 6 120 144 157 157 36 61 121 145
127 65 153 145 129 33 60 37 139 13 10 135 18 67
148 28 140 25 94 44 72 139 52 17 139 133 100 128
0 15 15 16 21 15 25 19 15 22 16 19 16 22 23
15 0 17 16 18 17 18 24 21 21 16 25 22 24 19
15 17 0 20 16 20 23 15 25 22 18 22 18 19 19
16 16 20 0 15 18 20 25 19 18 16 21 20 18 17
21 18 16 15 0 15 17 17 22 22 16 21 25 24 18
15 17 20 18 15 0 20 15 23 25 21 20 24 18 19
25 18 23 20 17 20 0 23 22 24 19 25 15 21 22
19 24 15 25 17 15 23 0 24 21 19 15 25 18 18
15 21 25 19 22 23 22 24 0 20 16 21 18 16 18
22 21 22 18 22 25 24 21 20 0 18 24 20 23 19
16 16 18 16 16 21 19 19 16 18 0 19 15 15 18
19 25 22 21 21 20 25 15 21 24 19 0 22 25 22
16 22 18 20 25 24 15 25 18 20 15 22 0 19 19
22 24 19 18 24 18 21 18 16 23 15 25 19 0 15
23 19 19 17 18 19 22 18 18 19 18 22 19 15 0
