13
7
5 18 32 22 20 31 39 20 31 22 20 37 38
0 16 19 18 15 18 16 18 23 25 22 21 24 21 20
16 0 23 20 21 15 20 20 20 16 20 20 17 15 15
19 23 0 25 19 20 23 25 22 24 23 17 21 16 20
18 20 25 0 17 22 24 18 18 24 18 19 18 20 20
15 21 19 17 0 23 17 25 20 15 22 21 24 20 23
18 15 20 22 23 0 21 17 18 17 16 23 23 20 17
16 20 23 24 17 21 0 22 18 22 22 18 19 19 23
18 20 25 18 25 17 22 0 19 18 24 25 24 24 18
23 20 22 18 20 18 18 19 0 20 20 24 19 22 22
25 16 24 24 15 17 22 18 20 0 17 24 23 15 21
22 20 23 18 22 16 22 24 20 17 0 21 23 22 20
21 20 17 19 21 23 18 25 24 24 21 0 20 22 23
24 17 21 18 24 23 19 24 19 23 23 20 0 16 21
21 15 16 20 20 20 19 24 22 15 22 22 16 0 25
20 15 20 20 23 17 23 18 22 21 20 23 21 25 0
