13
10
37 32 4 23 19 21 4 21 6 5
31 9 31 17 29 15 23 24 18 31
37 34 33 11 3 40 8 37 12 28
7 32 1 34 30 35 5 24 26 35
25 19 13 26 30 35 4 23 20 35
10 40 39 2 16 27 28 26 11 16
28 36 16 23 35 33 21 9 24 39
24 2 15 21 18 16 34 15 6 39
38 5 16 35 26 17 39 34 29 2
11 1 25 36 27 3 18 12 29 30
24 9 2 9 37 21 34 25 23 32
33 14 11 18 19 3 3 36 16 30
18 35 21 32 7 31 4 29 30 2
0 15 16 20 15 19 22 20 22 22 19 21 21 22 18
15 0 24 18 15 20 17 17 21 18 20 22 16 18 16
16 24 0 17 25 22 18 15 15 22 19 19 19 19 16
20 18 17 0 19 16 16 22 17 24 17 23 20 20 20
15 15 25 19 0 18 25 20 19 19 22 21 23 23 22
19 20 22 16 18 0 18 21 23 21 23 22 25 15 18
22 17 18 16 25 18 0 22 17 20 16 22 25 25 25
20 17 15 22 20 21 22 0 24 24 23 25 17 19 20
22 21 15 17 19 23 17 24 0 15 25 20 21 20 23
22 18 22 24 19 21 20 24 15 0 15 23 20 16 17
19 20 19 17 22 23 16 23 25 15 0 20 18 23 25
21 22 19 23 21 22 22 25 20 23 20 0 23 22 18
21 16 19 20 23 25 25 17 21 20 18 23 0 16 23
22 18 19 20 23 15 25 19 20 16 23 22 16 0 25
18 16 16 20 22 18 25 20 23 17 25 18 23 25 0
