13
7
155 157 152 60 120 65 123 103 80 101 25 136 47
0 21 24 23 17 25 23 22 24 21 25 22 20 21 22
21 0 24 17 16 24 23 22 18 22 18 19 15 25 21
24 24 0 16 20 17 16 22 24 22 19 23 19 24 15
23 17 16 0 17 18 20 17 15 24 18 24 22 15 24
17 16 20 17 0 16 15 18 18 21 16 21 22 18 18
25 24 17 18 16 0 15 19 17 20 25 17 20 20 18
23 23 16 20 15 15 0 21 22 24 17 15 18 22 19
22 22 22 17 18 19 21 0 23 16 16 15 21 24 18
24 18 24 15 18 17 22 23 0 19 15 21 24 22 18
21 22 22 24 21 20 24 16 19 0 17 20 25 18 16
25 18 19 18 16 25 17 16 15 17 0 23 15 15 25
22 19 23 24 21 17 15 15 21 20 23 0 18 18 25
20 15 19 22 22 20 18 21 24 25 15 18 0 25 25
21 25 24 15 18 20 22 24 22 18 15 18 25 0 22
22 21 15 24 18 18 19 18 18 16 25 25 25 22 0
