13
18
24 50 36 57 7 12 70 14 76 68 37 44 57 8 52 76 1 64
23 17 69 34 22 17 30 36 19 57 70 8 12 18 9 13 68 21
68 35 59 79 68 48 22 72 35 39 12 79 4 64 75 20 50 38
63 36 46 65 64 5 43 77 63 47 68 74 36 62 65 51 32 51
7 8 44 25 12 2 74 16 54 5 65 65 12 67 78 54 17 5
13 28 67 17 70 49 36 5 10 22 30 30 70 47 63 36 48 48
78 13 76 42 61 53 57 24 58 5 5 48 50 72 79 45 61 20
55 53 62 55 43 26 62 29 40 80 3 54 80 45 73 51 66 27
22 52 27 39 19 75 62 8 72 63 29 56 79 36 53 30 33 63
23 36 22 17 39 7 1 23 10 74 22 7 68 73 57 61 2 8
19 7 31 47 19 22 74 63 79 70 49 70 58 49 17 49 70 80
31 9 46 13 33 54 55 6 50 57 49 37 49 36 16 63 5 58
62 26 16 78 60 46 7 56 58 40 77 43 33 41 38 3 32 70
0 15 24 19 25 25 15 17 16 16 22 17 17 16 19
15 0 18 20 23 20 22 19 19 17 19 17 25 22 16
24 18 0 25 21 17 19 16 21 18 25 20 15 17 23
19 20 25 0 15 25 20 24 24 25 20 23 20 23 22
25 23 21 15 0 24 21 15 24 22 22 21 22 15 20
25 20 17 25 24 0 24 20 25 18 24 16 15 16 20
15 22 19 20 21 24 0 19 22 22 24 25 22 18 19
17 19 16 24 15 20 19 0 23 25 21 24 16 20 17
16 19 21 24 24 25 22 23 0 24 25 21 17 21 20
16 17 18 25 22 18 22 25 24 0 20 18 15 22 21
22 19 25 20 22 24 24 21 25 20 0 16 19 18 23
17 17 20 23 21 16 25 24 21 18 16 0 18 16 20
17 25 15 20 22 15 22 16 17 15 19 18 0 20 21
16 22 17 23 15 16 18 20 21 22 18 16 20 0 22
19 16 23 22 20 20 19 17 20 21 23 20 21 22 0
