13
4
89 123 86 73
131 62 149 17
148 17 89 79
101 57 8 21
55 13 23 140
111 139 159 159
108 45 26 66
113 81 110 55
151 41 36 68
72 88 28 30
15 38 119 19
140 151 89 65
24 32 111 8
0 20 24 23 24 19 25 23 25 18 22 25 21 19 21
20 0 17 22 15 19 25 23 23 16 22 25 20 23 24
24 17 0 20 15 16 18 22 23 19 21 21 15 18 22
23 22 20 0 19 19 19 17 24 23 20 17 20 20 18
24 15 15 19 0 21 23 18 17 16 19 21 15 24 21
19 19 16 19 21 0 19 19 24 21 19 24 19 21 18
25 25 18 19 23 19 0 17 23 23 25 16 17 18 19
23 23 22 17 18 19 17 0 21 18 21 17 17 22 21
25 23 23 24 17 24 23 21 0 19 16 24 16 22 15
18 16 19 23 16 21 23 18 19 0 20 16 23 24 17
22 22 21 20 19 19 25 21 16 20 0 15 15 18 22
25 25 21 17 21 24 16 17 24 16 15 0 24 20 21
21 20 15 20 15 19 17 17 16 23 15 24 0 23 23
19 23 18 20 24 21 18 22 22 24 18 20 23 0 19
21 24 22 18 21 18 19 21 15 17 22 21 23 19 0
