13
14
1 73 155 140 13 70 48 47 94 40 128 55 101
0 25 20 21 22 17 23 20 16 20 21 17 22 21 21
25 0 22 24 24 25 18 19 19 17 22 19 22 19 22
20 22 0 24 16 17 20 21 25 16 19 25 17 18 19
21 24 24 0 23 25 22 25 18 15 20 16 19 25 23
22 24 16 23 0 21 24 20 22 23 16 25 24 20 19
17 25 17 25 21 0 24 16 20 15 21 20 19 24 20
23 18 20 22 24 24 0 22 15 20 25 21 21 25 20
20 19 21 25 20 16 22 0 19 15 16 15 16 22 17
16 19 25 18 22 20 15 19 0 25 22 16 22 15 25
20 17 16 15 23 15 20 15 25 0 18 21 24 22 17
21 22 19 20 16 21 25 16 22 18 0 23 18 15 19
17 19 25 16 25 20 21 15 16 21 23 0 15 17 15
22 22 17 19 24 19 21 16 22 24 18 15 0 22 23
21 19 18 25 20 24 25 22 15 22 15 17 22 0 18
21 22 19 23 19 20 20 17 25 17 19 15 23 18 0
