13
9
28 32 80 109 16 41 99 10 65 48 67 55 24
0 17 24 19 23 17 16 21 20 25 18 21 21 22 25
17 0 25 20 23 15 20 17 22 22 18 20 17 16 16
24 25 0 17 19 24 25 21 22 24 16 17 18 22 18
19 20 17 0 16 21 21 22 16 21 15 21 24 24 23
23 23 19 16 0 15 18 21 17 25 22 21 18 19 23
17 15 24 21 15 0 16 22 15 25 21 20 21 20 21
16 20 25 21 18 16 0 19 18 17 25 21 21 19 15
21 17 21 22 21 22 19 0 25 17 20 19 18 16 15
20 22 22 16 17 15 18 25 0 15 25 19 24 15 18
25 22 24 21 25 25 17 17 15 0 18 17 23 19 22
18 18 16 15 22 21 25 20 25 18 0 22 16 22 22
21 20 17 21 21 20 21 19 19 17 22 0 23 23 25
21 17 18 24 18 21 21 18 24 23 16 23 0 17 19
22 16 22 24 19 20 19 16 15 19 22 23 17 0 22
25 16 18 23 23 21 15 15 18 22 22 25 19 22 0
