13
22
61 29 60 26 53 10 18 14 12 78 67 102 8 108 112 15 3 41 76 25 82 110
54 106 105 92 21 18 84 1 111 22 104 70 17 34 101 84 101 117 71 72 65 83
16 12 43 15 8 110 117 49 66 54 29 34 106 2 12 39 78 24 68 5 120 83
45 59 48 113 91 39 115 2 70 113 10 94 54 15 101 86 90 16 76 73 74 105
117 5 30 42 63 39 58 15 97 20 74 92 90 87 34 119 46 13 31 108 13 95
66 9 22 88 74 62 92 114 80 82 15 1 102 39 100 3 38 23 19 64 2 110
6 19 37 76 70 65 46 71 22 79 23 48 100 38 69 16 81 99 6 62 113 116
33 37 107 12 112 83 94 82 69 85 46 116 92 115 80 74 35 29 23 98 94 33
44 8 101 38 37 86 103 81 85 72 109 18 42 31 14 7 34 120 22 25 20 82
87 49 44 22 109 110 42 76 82 103 87 50 113 115 26 77 16 18 32 37 95 24
78 3 17 94 99 45 82 48 92 71 12 65 99 42 71 106 42 39 28 28 59 101
17 94 63 44 87 58 22 77 11 117 82 101 86 76 8 24 58 50 118 97 38 92
36 53 90 6 107 42 115 106 108 3 65 5 105 99 67 108 5 31 22 48 77 120
0 16 24 21 18 23 23 15 20 17 25 22 24 19 22
16 0 16 21 24 19 15 15 21 23 24 21 23 20 20
24 16 0 24 21 25 20 16 20 16 23 15 17 22 19
21 21 24 0 23 20 20 25 25 24 25 15 23 23 19
18 24 21 23 0 17 22 25 23 22 24 22 18 23 21
23 19 25 20 17 0 17 23 25 24 15 18 17 22 20
23 15 20 20 22 17 0 21 18 24 16 17 24 21 22
15 15 16 25 25 23 21 0 19 24 18 17 17 23 22
20 21 20 25 23 25 18 19 0 24 20 18 17 20 25
17 23 16 24 22 24 24 24 24 0 18 18 18 24 20
25 24 23 25 24 15 16 18 20 18 0 23 21 25 16
22 21 15 15 22 18 17 17 18 18 23 0 19 21 16
24 23 17 23 18 17 24 17 17 18 21 19 0 24 22
19 20 22 23 23 22 21 23 20 24 25 21 24 0 20
22 20 19 19 21 20 22 22 25 20 16 16 22 20 0
