13
6
62 2 69 58 43 33 68 30 46 38 72 73 40
0 17 16 23 25 17 17 22 21 21 17 15 19 21 24
17 0 15 25 25 17 20 22 22 23 15 21 19 17 22
16 15 0 25 19 17 20 20 22 20 18 25 17 15 17
23 25 25 0 15 25 22 21 20 23 25 22 24 24 18
25 25 19 15 0 22 15 19 21 24 25 22 18 17 18
17 17 17 25 22 0 25 17 19 15 16 22 16 24 19
17 20 20 22 15 25 0 24 19 18 23 18 17 22 16
22 22 20 21 19 17 24 0 25 15 20 24 22 24 15
21 22 22 20 21 19 19 25 0 23 25 24 25 18 25
21 23 20 23 24 15 18 15 23 0 23 18 18 15 23
17 15 18 25 25 16 23 20 25 23 0 20 21 25 24
15 21 25 22 22 22 18 24 24 18 20 0 18 15 20
19 19 17 24 18 16 17 22 25 18 21 18 0 23 20
21 17 15 24 17 24 22 24 18 15 25 15 23 0 23
24 22 17 18 18 19 16 15 25 23 24 20 20 23 0
