13
7
50 1 42 58 14 22 73 5 11 43 1 30 37
0 22 20 22 25 20 25 16 25 23 19 17 21 25 17
22 0 17 25 19 17 16 15 25 20 19 25 17 22 17
20 17 0 22 25 17 21 24 20 15 22 15 23 19 17
22 25 22 0 16 18 25 24 20 23 22 22 16 20 24
25 19 25 16 0 21 18 25 18 23 24 21 18 18 19
20 17 17 18 21 0 17 23 25 17 17 22 22 16 15
25 16 21 25 18 17 0 23 19 17 15 20 20 24 16
16 15 24 24 25 23 23 0 17 17 19 24 25 25 23
25 25 20 20 18 25 19 17 0 15 15 19 25 22 15
23 20 15 23 23 17 17 17 15 0 17 15 22 16 15
19 19 22 22 24 17 15 19 15 17 0 23 24 15 15
17 25 15 22 21 22 20 24 19 15 23 0 21 24 20
21 17 23 16 18 22 20 25 25 22 24 21 0 25 15
25 22 19 20 18 16 24 25 22 16 15 24 25 0 17
17 17 17 24 19 15 16 23 15 15 15 20 15 17 0
