13
10
12 4 34 26 1 13 34 1 1 39
10 27 28 39 35 23 32 33 21 26
8 20 21 39 14 27 6 31 15 36
28 8 33 39 23 35 37 35 16 25
11 36 9 34 1 7 26 36 31 22
21 13 38 27 24 8 21 10 14 16
1 12 32 16 1 1 12 37 34 25
11 31 14 26 37 29 4 6 10 28
7 32 16 14 14 29 7 39 16 12
16 25 37 3 6 1 36 12 30 4
6 28 20 25 15 15 3 25 18 23
22 10 19 28 30 40 12 21 10 3
24 33 35 37 17 32 9 23 22 16
0 23 16 16 21 20 23 18 18 23 15 23 25 22 19
23 0 22 20 20 24 17 18 21 15 21 20 25 16 15
16 22 0 18 24 25 18 15 19 19 22 23 25 18 24
16 20 18 0 23 17 19 19 20 21 15 15 18 22 15
21 20 24 23 0 20 17 24 22 23 22 15 15 22 23
20 24 25 17 20 0 15 16 23 22 22 21 23 21 15
23 17 18 19 17 15 0 24 24 24 16 22 23 23 15
18 18 15 19 24 16 24 0 25 20 19 25 22 16 23
18 21 19 20 22 23 24 25 0 15 24 22 23 16 22
23 15 19 21 23 22 24 20 15 0 19 24 23 19 19
15 21 22 15 22 22 16 19 24 19 0 16 25 16 25
23 20 23 15 15 21 22 25 22 24 16 0 17 20 16
25 25 25 18 15 23 23 22 23 23 25 17 0 15 15
22 16 18 22 22 21 23 16 16 19 16 20 15 0 24
19 15 24 15 23 15 15 23 22 19 25 16 15 24 0
