13
5
45 39 39 36 47 4 60 22 25 63 58 22 12
0 15 20 18 19 25 19 21 18 19 20 16 22 25 20
15 0 20 16 20 15 16 17 15 15 25 18 19 22 24
20 20 0 25 15 17 21 18 18 17 24 24 20 23 15
18 16 25 0 16 15 18 25 25 24 23 22 22 18 22
19 20 15 16 0 16 16 19 16 16 20 21 22 21 19
25 15 17 15 16 0 15 24 15 16 18 18 16 17 16
19 16 21 18 16 15 0 22 15 21 25 22 25 17 16
21 17 18 25 19 24 22 0 25 25 21 22 22 22 20
18 15 18 25 16 15 15 25 0 16 19 20 21 21 25
19 15 17 24 16 16 21 25 16 0 16 17 16 19 15
20 25 24 23 20 18 25 21 19 16 0 25 19 23 15
16 18 24 22 21 18 22 22 20 17 25 0 15 17 22
22 19 20 22 22 16 25 22 21 16 19 15 0 18 25
25 22 23 18 21 17 17 22 21 19 23 17 18 0 16
20 24 15 22 19 16 16 20 25 15 15 22 25 16 0
