13
13
38 21 58 22 70 7 30 71 5 60 14 42 9
0 20 17 18 21 20 15 16 20 21 15 24 15 18 24
20 0 17 22 23 23 24 15 15 17 24 24 17 18 15
17 17 0 19 25 24 24 17 18 21 23 17 17 25 20
18 22 19 0 16 21 23 24 25 21 15 18 25 17 15
21 23 25 16 0 19 15 19 15 20 21 17 21 22 21
20 23 24 21 19 0 23 25 18 22 22 22 25 23 25
15 24 24 23 15 23 0 15 25 22 24 25 15 23 20
16 15 17 24 19 25 15 0 23 23 19 20 24 25 22
20 15 18 25 15 18 25 23 0 24 22 24 18 22 17
21 17 21 21 20 22 22 23 24 0 21 25 18 20 23
15 24 23 15 21 22 24 19 22 21 0 24 16 15 20
24 24 17 18 17 22 25 20 24 25 24 0 15 21 19
15 17 17 25 21 25 15 24 18 18 16 15 0 24 25
18 18 25 17 22 23 23 25 22 20 15 21 24 0 19
24 15 20 15 21 25 20 22 17 23 20 19 25 19 0
