13
16
64 88 102 156 28 49 28 96 77 16 134 123 11
0 19 24 16 19 21 23 15 15 21 25 22 21 25 19
19 0 24 25 23 17 15 23 15 15 17 15 16 23 15
24 24 0 21 23 15 18 20 16 23 22 24 15 15 16
16 25 21 0 24 17 21 20 17 17 15 18 22 19 20
19 23 23 24 0 25 24 19 23 19 15 25 25 15 18
21 17 15 17 25 0 22 20 24 23 19 18 15 21 15
23 15 18 21 24 22 0 25 24 21 21 17 25 23 16
15 23 20 20 19 20 25 0 24 21 20 23 19 16 25
15 15 16 17 23 24 24 24 0 25 20 24 23 24 21
21 15 23 17 19 23 21 21 25 0 19 21 17 21 24
25 17 22 15 15 19 21 20 20 19 0 19 21 25 23
22 15 24 18 25 18 17 23 24 21 19 0 15 19 15
21 16 15 22 25 15 25 19 23 17 21 15 0 19 18
25 23 15 19 15 21 23 16 24 21 25 19 19 0 23
19 15 16 20 18 15 16 25 21 24 23 15 18 23 0
