13
11
116 33 91 122 137 153 14 58 76 5 20 93 124
0 22 23 20 21 18 22 17 16 16 19 24 24 25 19
22 0 16 23 15 23 23 19 25 18 18 23 18 17 16
23 16 0 15 15 19 23 21 21 19 15 15 25 24 22
20 23 15 0 21 24 19 20 19 21 19 25 17 16 24
21 15 15 21 0 19 24 21 19 16 20 17 22 19 24
18 23 19 24 19 0 24 18 19 16 20 18 22 18 17
22 23 23 19 24 24 0 16 16 16 15 21 25 18 17
17 19 21 20 21 18 16 0 17 23 18 19 25 19 24
16 25 21 19 19 19 16 17 0 23 25 15 15 25 18
16 18 19 21 16 16 16 23 23 0 24 20 23 15 19
19 18 15 19 20 20 15 18 25 24 0 22 24 18 23
24 23 15 25 17 18 21 19 15 20 22 0 24 18 24
24 18 25 17 22 22 25 25 15 23 24 24 0 22 20
25 17 24 16 19 18 18 19 25 15 18 18 22 0 19
19 16 22 24 24 17 17 24 18 19 23 24 20 19 0
