13
11
106 57 16 77 98 103 96 98 79 6 117 12 31
0 20 21 15 16 22 16 23 22 24 15 18 19 18 25
20 0 23 19 25 19 19 19 22 21 20 23 16 18 22
21 23 0 25 24 16 23 23 18 24 22 20 23 22 25
15 19 25 0 25 16 23 16 20 18 18 23 19 23 21
16 25 24 25 0 16 24 19 25 22 25 19 19 22 18
22 19 16 16 16 0 24 23 17 23 19 20 15 22 15
16 19 23 23 24 24 0 19 23 20 17 19 21 22 19
23 19 23 16 19 23 19 0 17 16 19 22 20 17 19
22 22 18 20 25 17 23 17 0 16 18 23 25 17 21
24 21 24 18 22 23 20 16 16 0 25 21 25 16 18
15 20 22 18 25 19 17 19 18 25 0 23 23 24 19
18 23 20 23 19 20 19 22 23 21 23 0 18 19 22
19 16 23 19 19 15 21 20 25 25 23 18 0 19 20
18 18 22 23 22 22 22 17 17 16 24 19 19 0 25
25 22 25 21 18 15 19 19 21 18 19 22 20 25 0
