13
26
32 40 33 17 14 33 40 23 18 20 29 5 6 22 38 2 40 25 5 31 6 37 21 29 29 40
12 22 39 22 30 10 8 18 26 20 24 24 9 13 1 33 20 20 34 6 23 30 34 4 40 27
12 7 20 15 26 9 28 22 20 5 35 20 19 13 25 3 7 24 35 25 11 16 16 17 38 26
12 14 8 13 25 34 17 4 40 10 38 4 22 10 35 38 33 22 28 34 12 18 25 16 36 11
33 27 4 30 38 4 25 5 20 3 40 13 11 39 29 20 28 9 18 10 23 5 28 12 21 39
26 26 16 7 5 10 33 36 11 38 14 12 14 35 32 35 31 29 18 17 40 13 15 9 11 12
37 7 33 38 33 24 3 28 20 18 10 13 15 28 28 17 19 4 5 16 36 20 3 20 37 14
37 16 17 15 3 11 32 9 30 13 31 36 29 33 17 22 12 9 16 24 28 7 15 28 5 28
40 38 3 16 16 6 25 34 21 35 40 15 10 5 23 23 38 5 39 29 23 29 20 29 22 19
3 38 1 7 39 22 5 18 15 28 20 31 12 36 36 2 13 39 22 14 31 29 4 39 11 11
18 21 40 24 28 14 39 5 7 27 9 32 36 39 5 4 8 31 32 14 40 21 13 20 8 1
10 34 33 20 1 22 38 25 20 23 24 17 37 4 26 35 2 23 31 12 34 26 22 13 27 14
24 21 7 26 26 10 37 16 25 16 21 20 32 4 34 37 15 14 34 27 24 22 28 20 22 8
0 15 25 25 22 24 22 17 25 16 23 19 21 24 17
15 0 19 16 18 25 24 23 23 20 15 18 23 19 24
25 19 0 16 23 22 16 17 16 19 19 24 24 24 16
25 16 16 0 20 16 21 25 19 17 18 16 25 19 16
22 18 23 20 0 18 22 21 24 25 16 15 25 20 24
24 25 22 16 18 0 17 16 23 16 22 19 20 22 15
22 24 16 21 22 17 0 20 15 20 17 24 16 24 23
17 23 17 25 21 16 20 0 24 22 15 23 24 24 18
25 23 16 19 24 23 15 24 0 18 18 23 15 19 15
16 20 19 17 25 16 20 22 18 0 21 20 15 17 23
23 15 19 18 16 22 17 15 18 21 0 18 23 23 22
19 18 24 16 15 19 24 23 23 20 18 0 24 24 17
21 23 24 25 25 20 16 24 15 15 23 24 0 17 19
24 19 24 19 20 22 24 24 19 17 23 24 17 0 18
17 24 16 16 24 15 23 18 15 23 22 17 19 18 0
