13
6
14 8 24 30 2 33 6 21 1 7 15 9 8
0 20 24 15 23 21 18 20 15 15 21 20 19 20 19
20 0 24 17 23 25 19 23 18 20 25 15 16 23 22
24 24 0 18 17 23 24 18 24 22 24 15 17 23 18
15 17 18 0 16 16 25 25 22 16 20 16 17 15 16
23 23 17 16 0 19 15 15 19 15 16 18 23 15 19
21 25 23 16 19 0 25 17 25 16 24 20 21 16 16
18 19 24 25 15 25 0 17 23 25 20 19 19 19 25
20 23 18 25 15 17 17 0 18 18 21 22 19 19 17
15 18 24 22 19 25 23 18 0 18 25 16 16 17 17
15 20 22 16 15 16 25 18 18 0 22 17 22 22 19
21 25 24 20 16 24 20 21 25 22 0 17 21 18 18
20 15 15 16 18 20 19 22 16 17 17 0 25 15 22
19 16 17 17 23 21 19 19 16 22 21 25 0 23 18
20 23 23 15 15 16 19 19 17 22 18 15 23 0 17
19 22 18 16 19 16 25 17 17 19 18 22 18 17 0
