13
9
148 13 91 80 105 150 75 59 126 55 117 9 49
0 20 21 18 20 19 19 20 22 17 23 22 16 19 17
20 0 22 23 22 16 24 16 21 25 20 17 19 25 16
21 22 0 17 22 22 25 20 15 18 20 22 15 22 15
18 23 17 0 22 20 17 18 16 17 19 24 20 19 24
20 22 22 22 0 19 22 19 24 24 21 19 23 20 24
19 16 22 20 19 0 18 24 22 20 21 20 15 17 16
19 24 25 17 22 18 0 21 17 23 21 24 24 18 25
20 16 20 18 19 24 21 0 16 19 24 18 19 17 20
22 21 15 16 24 22 17 16 0 23 18 15 25 22 19
17 25 18 17 24 20 23 19 23 0 24 23 24 20 21
23 20 20 19 21 21 21 24 18 24 0 23 19 16 25
22 17 22 24 19 20 24 18 15 23 23 0 25 17 21
16 19 15 20 23 15 24 19 25 24 19 25 0 22 18
19 25 22 19 20 17 18 17 22 20 16 17 22 0 18
17 16 15 24 24 16 25 20 19 21 25 21 18 18 0
