13
16
101 65 154 125 65 42 35 108 130 48 99 37 85
0 17 21 25 22 24 15 23 18 20 21 21 18 23 17
17 0 23 24 17 24 21 24 25 24 18 25 15 25 25
21 23 0 15 17 19 21 24 22 24 17 17 17 15 15
25 24 15 0 22 23 24 21 25 20 21 15 24 19 25
22 17 17 22 0 24 16 18 25 17 18 23 15 19 25
24 24 19 23 24 0 16 24 18 25 19 22 24 21 15
15 21 21 24 16 16 0 19 21 20 24 15 16 17 22
23 24 24 21 18 24 19 0 24 20 20 21 19 16 17
18 25 22 25 25 18 21 24 0 22 23 25 23 24 18
20 24 24 20 17 25 20 20 22 0 21 22 17 17 23
21 18 17 21 18 19 24 20 23 21 0 22 21 18 23
21 25 17 15 23 22 15 21 25 22 22 0 15 22 19
18 15 17 24 15 24 16 19 23 17 21 15 0 15 25
23 25 15 19 19 21 17 16 24 17 18 22 15 0 18
17 25 15 25 25 15 22 17 18 23 23 19 25 18 0
