13
10
22 115 47 94 117 23 120 62 25 88
119 24 115 46 44 78 112 41 44 39
69 69 57 101 9 70 112 5 82 40
87 32 63 54 71 47 117 81 70 119
115 59 76 75 92 33 60 59 54 97
41 105 30 80 6 48 93 102 76 96
91 54 116 92 34 98 111 87 11 87
86 41 22 87 52 82 41 86 16 61
77 111 41 102 34 92 45 10 14 91
101 74 60 72 74 72 17 74 93 81
93 42 17 49 9 45 59 86 83 68
53 66 27 36 45 73 119 36 72 14
37 8 72 51 49 8 28 79 53 63
0 21 18 24 20 17 22 16 23 25 24 22 15 25 20
21 0 16 21 20 25 24 25 21 22 19 15 18 21 24
18 16 0 24 19 25 16 20 23 15 24 25 22 19 15
24 21 24 0 24 22 22 15 15 25 18 15 21 15 19
20 20 19 24 0 18 24 25 25 15 24 18 15 16 16
17 25 25 22 18 0 22 17 24 21 24 17 23 18 17
22 24 16 22 24 22 0 20 21 25 17 15 17 23 20
16 25 20 15 25 17 20 0 17 17 22 21 24 22 22
23 21 23 15 25 24 21 17 0 19 21 19 20 16 15
25 22 15 25 15 21 25 17 19 0 17 20 23 18 23
24 19 24 18 24 24 17 22 21 17 0 18 16 20 23
22 15 25 15 18 17 15 21 19 20 18 0 23 18 15
15 18 22 21 15 23 17 24 20 23 16 23 0 20 16
25 21 19 15 16 18 23 22 16 18 20 18 20 0 20
20 24 15 19 16 17 20 22 15 23 23 15 16 20 0
