13
22
67 64 79 27 8 39 14 51 48 34 54 49 78 27 57 65 42 2 12 41 34 69
35 20 26 42 22 8 47 77 55 22 68 76 74 49 6 67 55 75 15 13 34 56
57 39 4 65 11 8 35 77 10 73 48 49 39 62 79 19 7 80 23 54 44 75
53 43 2 78 69 44 12 41 5 22 52 74 15 68 1 78 74 26 60 1 62 35
26 6 75 33 5 56 51 21 54 2 38 41 32 32 44 68 41 62 11 38 31 12
23 16 36 55 70 23 24 62 33 52 4 35 5 73 68 25 47 21 4 52 7 34
17 70 28 2 47 61 8 1 17 48 9 32 43 37 72 61 21 40 6 12 68 26
72 49 51 52 72 53 72 8 75 74 32 75 36 8 61 38 34 40 74 15 22 39
72 33 9 16 7 27 1 29 16 29 34 27 20 31 16 8 8 79 35 2 2 78
23 49 20 54 63 50 2 75 13 69 36 77 62 67 62 74 61 49 53 20 57 80
45 10 51 48 12 59 69 70 20 46 75 35 52 44 58 43 44 4 31 22 76 5
58 40 52 35 58 52 72 16 16 10 29 56 34 21 73 65 38 7 26 37 44 14
52 57 69 52 25 76 70 38 32 5 43 66 29 39 8 75 26 71 56 57 7 50
0 19 15 19 25 20 19 23 22 20 25 20 17 15 20
19 0 24 16 17 20 23 22 15 23 19 16 22 19 17
15 24 0 19 22 20 19 15 24 15 17 24 19 15 22
19 16 19 0 18 19 25 25 24 15 19 15 16 22 24
25 17 22 18 0 21 19 16 19 16 16 22 15 21 22
20 20 20 19 21 0 17 18 25 17 17 16 23 22 24
19 23 19 25 19 17 0 25 23 18 25 18 15 20 16
23 22 15 25 16 18 25 0 16 20 25 20 23 21 17
22 15 24 24 19 25 23 16 0 25 17 21 23 17 16
20 23 15 15 16 17 18 20 25 0 16 25 19 21 18
25 19 17 19 16 17 25 25 17 16 0 24 17 22 15
20 16 24 15 22 16 18 20 21 25 24 0 25 20 15
17 22 19 16 15 23 15 23 23 19 17 25 0 22 15
15 19 15 22 21 22 20 21 17 21 22 20 22 0 20
20 17 22 24 22 24 16 17 16 18 15 15 15 20 0
