13
22
25 18 20 9 21 23 3 15 22 12 8 3 22 38 1 31 30 24 2 29 2 19
39 13 9 15 37 1 2 11 20 17 12 25 28 12 14 39 33 15 29 23 31 9
6 8 12 23 29 39 40 2 33 32 5 7 34 3 21 19 6 29 40 33 24 18
3 23 14 9 19 34 22 27 5 39 27 35 35 4 21 37 1 23 40 36 7 31
21 21 8 2 11 24 35 13 6 31 20 3 28 38 34 24 29 40 19 23 1 38
11 40 38 18 20 13 16 22 5 11 27 30 3 35 36 19 12 14 10 1 33 11
15 2 6 26 23 14 9 26 1 35 34 17 9 22 25 3 15 39 9 37 9 5
12 26 17 20 38 5 36 13 29 38 32 39 16 6 2 6 37 5 39 28 26 3
34 23 33 10 19 25 31 25 21 8 12 30 11 32 9 19 37 29 20 23 35 19
39 9 8 31 6 13 7 28 35 17 19 37 10 19 15 10 13 10 38 25 3 31
36 40 17 1 6 30 20 18 16 31 19 20 33 13 6 4 25 5 22 21 5 1
10 3 40 14 10 3 16 40 4 13 9 28 16 1 3 3 31 32 15 25 15 1
21 11 23 5 5 25 30 14 31 23 38 39 26 4 22 9 1 31 18 9 39 22
0 25 17 24 20 20 25 17 20 25 15 20 24 21 17
25 0 24 15 21 20 25 24 24 16 17 23 16 22 22
17 24 0 20 25 24 15 21 18 18 23 21 18 20 23
24 15 20 0 16 19 25 19 19 21 24 24 22 18 18
20 21 25 16 0 20 21 21 17 22 19 24 21 17 19
20 20 24 19 20 0 24 19 25 23 20 24 17 17 24
25 25 15 25 21 24 0 16 17 15 23 24 22 23 16
17 24 21 19 21 19 16 0 20 23 16 20 19 15 25
20 24 18 19 17 25 17 20 0 19 22 16 23 17 24
25 16 18 21 22 23 15 23 19 0 17 24 18 20 18
15 17 23 24 19 20 23 16 22 17 0 18 23 17 16
20 23 21 24 24 24 24 20 16 24 18 0 22 20 23
24 16 18 22 21 17 22 19 23 18 23 22 0 24 17
21 22 20 18 17 17 23 15 17 20 17 20 24 0 15
17 22 23 18 19 24 16 25 24 18 16 23 17 15 0
