13
8
130 85 124 94 79 80 75 28 83 86 70 19 74
0 15 15 16 21 16 22 25 24 17 23 16 16 21 17
15 0 22 20 15 21 19 16 22 25 20 24 25 25 21
15 22 0 22 17 19 18 19 18 16 16 17 25 15 18
16 20 22 0 25 19 16 17 24 15 23 16 23 19 23
21 15 17 25 0 15 22 21 18 18 20 22 17 21 19
16 21 19 19 15 0 22 17 16 16 24 20 24 16 25
22 19 18 16 22 22 0 23 22 18 18 17 19 21 16
25 16 19 17 21 17 23 0 17 22 15 20 19 20 16
24 22 18 24 18 16 22 17 0 18 21 25 25 24 25
17 25 16 15 18 16 18 22 18 0 23 20 17 18 18
23 20 16 23 20 24 18 15 21 23 0 21 20 17 23
16 24 17 16 22 20 17 20 25 20 21 0 25 19 21
16 25 25 23 17 24 19 19 25 17 20 25 0 17 16
21 25 15 19 21 16 21 20 24 18 17 19 17 0 18
17 21 18 23 19 25 16 16 25 18 23 21 16 18 0
