13
26
136 39 54 127 35 51 135 83 96 31 15 123 19 134 127 110 151 57 85 3 121 3 126 55 70 94
10 126 58 104 147 4 30 66 115 37 157 92 160 90 48 81 100 89 134 92 48 119 58 76 135 27
55 99 146 84 114 149 125 124 148 31 63 28 8 93 115 87 106 43 91 103 67 19 106 128 25 135
93 27 112 110 93 146 70 138 116 24 104 51 101 159 148 25 5 138 44 49 78 87 88 128 55 147
72 88 127 140 115 141 131 16 146 156 151 89 108 121 25 18 11 45 116 127 41 17 30 128 26 112
145 159 99 54 114 86 159 22 66 150 101 128 93 2 97 85 92 17 28 70 139 147 73 117 11 61
81 8 36 116 152 128 41 7 30 116 58 153 69 150 62 66 19 42 17 96 156 126 68 146 131 79
59 119 32 97 56 37 151 87 147 92 16 41 120 1 57 57 68 47 76 159 137 121 19 110 50 159
103 18 16 37 158 43 11 59 121 84 44 57 29 91 101 60 127 27 92 96 113 99 151 123 110 132
83 110 10 54 39 92 155 73 14 134 85 67 48 78 136 16 146 85 141 58 57 34 139 100 157 76
48 78 101 24 116 47 20 31 38 130 6 151 20 157 6 118 58 97 116 67 49 106 3 53 4 91
72 62 137 118 138 123 15 111 101 95 61 153 124 145 17 78 14 143 106 46 123 23 19 42 55 135
85 14 146 12 21 108 64 27 70 2 42 84 97 20 22 115 58 70 40 23 106 115 82 92 97 71
0 17 21 17 24 22 15 24 23 25 24 24 16 20 23
17 0 25 24 23 25 20 16 24 17 21 19 25 16 20
21 25 0 21 25 19 24 16 17 24 15 17 22 15 18
17 24 21 0 18 25 18 22 24 22 25 18 19 25 24
24 23 25 18 0 19 16 19 15 22 25 18 21 19 24
22 25 19 25 19 0 23 20 15 25 23 22 24 20 19
15 20 24 18 16 23 0 21 15 22 23 19 18 23 22
24 16 16 22 19 20 21 0 21 17 24 19 23 21 22
23 24 17 24 15 15 15 21 0 21 15 18 21 22 22
25 17 24 22 22 25 22 17 21 0 17 20 18 16 24
24 21 15 25 25 23 23 24 15 17 0 23 19 16 16
24 19 17 18 18 22 19 19 18 20 23 0 21 18 18
16 25 22 19 21 24 18 23 21 18 19 21 0 24 16
20 16 15 25 19 20 23 21 22 16 16 18 24 0 15
23 20 18 24 24 19 22 22 22 24 16 18 16 15 0
