13
7
129 7 75 127 52 112 55 115 108 145 160 119 136
0 23 21 17 16 20 19 24 18 25 17 21 22 18 16
23 0 24 16 25 15 20 19 22 23 21 19 16 21 16
21 24 0 23 25 17 20 18 16 22 20 21 18 21 23
17 16 23 0 23 21 18 23 20 16 17 19 24 18 19
16 25 25 23 0 19 25 20 17 23 15 24 24 18 23
20 15 17 21 19 0 16 18 24 17 22 24 17 15 24
19 20 20 18 25 16 0 25 17 17 22 24 25 21 18
24 19 18 23 20 18 25 0 21 20 21 17 17 18 22
18 22 16 20 17 24 17 21 0 17 23 21 22 15 16
25 23 22 16 23 17 17 20 17 0 25 23 20 16 18
17 21 20 17 15 22 22 21 23 25 0 24 15 22 21
21 19 21 19 24 24 24 17 21 23 24 0 17 24 18
22 16 18 24 24 17 25 17 22 20 15 17 0 20 16
18 21 21 18 18 15 21 18 15 16 22 24 20 0 18
16 16 23 19 23 24 18 22 16 18 21 18 16 18 0
