13
8
4 5 18 13 22 6 9 28
24 31 4 11 15 21 18 2
6 14 11 20 39 40 16 17
28 31 30 15 3 4 25 33
29 40 34 21 11 6 28 30
18 8 3 27 8 11 40 14
11 5 11 11 12 1 7 35
26 4 1 6 12 23 23 5
34 7 28 23 24 29 30 16
12 7 20 2 40 25 31 2
23 21 14 16 37 26 17 36
16 22 32 28 40 29 4 26
33 21 27 11 36 25 9 40
0 22 20 23 16 18 19 24 24 19 19 24 23 21 25
22 0 25 23 20 15 24 21 16 20 18 23 21 23 15
20 25 0 22 25 25 19 24 16 21 21 22 25 25 19
23 23 22 0 21 24 19 22 16 16 23 23 25 17 18
16 20 25 21 0 19 15 18 16 24 18 17 18 24 21
18 15 25 24 19 0 19 24 18 24 24 21 24 17 22
19 24 19 19 15 19 0 20 18 24 23 24 23 18 16
24 21 24 22 18 24 20 0 16 24 21 17 15 15 25
24 16 16 16 16 18 18 16 0 21 22 24 22 16 15
19 20 21 16 24 24 24 24 21 0 20 20 24 15 15
19 18 21 23 18 24 23 21 22 20 0 25 23 24 15
24 23 22 23 17 21 24 17 24 20 25 0 17 21 16
23 21 25 25 18 24 23 15 22 24 23 17 0 22 23
21 23 25 17 24 17 18 15 16 15 24 21 22 0 23
25 15 19 18 21 22 16 25 15 15 15 16 23 23 0
