13
20
35 26 22 7 18 20 25 37 25 20 16 8 7 29 24 37 23 25 18 38
29 12 24 16 9 29 18 27 14 15 35 33 38 29 35 39 2 34 26 3
40 18 28 11 19 6 2 1 36 40 13 26 32 40 4 40 7 28 14 27
40 22 10 14 5 2 5 29 14 36 2 31 15 4 8 6 2 1 14 17
18 27 12 36 22 25 14 22 11 8 30 25 35 28 28 21 19 11 18 5
40 18 32 35 27 9 38 22 27 30 9 20 15 12 23 40 10 10 4 38
33 13 15 10 39 24 6 9 22 30 5 35 13 10 36 15 20 8 1 25
22 11 35 39 38 20 36 30 23 19 23 7 15 15 7 5 24 38 38 39
26 23 14 30 28 38 18 22 39 24 11 26 15 8 13 20 10 32 37 40
23 31 22 27 23 26 28 20 13 31 21 33 30 10 30 31 23 29 16 2
19 7 20 9 15 14 36 9 11 38 6 17 36 40 2 32 38 27 32 29
18 29 15 16 35 31 14 34 27 2 15 24 8 4 19 35 11 6 39 13
11 16 25 38 32 37 6 34 10 16 22 34 17 16 31 14 9 37 30 28
0 17 16 23 20 15 23 24 22 17 15 17 18 17 19
17 0 20 19 19 21 18 15 16 16 22 17 17 21 17
16 20 0 25 18 20 22 21 22 16 16 17 16 19 22
23 19 25 0 20 18 15 15 19 22 25 16 22 19 21
20 19 18 20 0 15 20 23 22 22 22 18 16 24 21
15 21 20 18 15 0 21 16 25 24 15 21 17 18 20
23 18 22 15 20 21 0 16 22 20 23 22 16 22 15
24 15 21 15 23 16 16 0 24 18 25 15 19 21 19
22 16 22 19 22 25 22 24 0 17 24 20 20 22 22
17 16 16 22 22 24 20 18 17 0 16 15 23 19 21
15 22 16 25 22 15 23 25 24 16 0 24 21 16 25
17 17 17 16 18 21 22 15 20 15 24 0 18 24 16
18 17 16 22 16 17 16 19 20 23 21 18 0 25 16
17 21 19 19 24 18 22 21 22 19 16 24 25 0 20
19 17 22 21 21 20 15 19 22 21 25 16 16 20 0
