13
7
6 32 7 10 7 14 15 12 6 17 13 31 20
0 21 22 24 16 17 25 16 23 17 21 18 22 16 24
21 0 24 22 25 21 18 25 24 21 25 21 24 25 22
22 24 0 24 15 21 15 16 19 20 23 18 22 24 23
24 22 24 0 24 16 15 24 21 17 18 24 24 19 21
16 25 15 24 0 21 18 17 16 18 22 23 19 17 19
17 21 21 16 21 0 20 21 23 17 15 17 23 25 20
25 18 15 15 18 20 0 15 15 19 25 22 15 18 20
16 25 16 24 17 21 15 0 20 15 21 17 17 24 15
23 24 19 21 16 23 15 20 0 20 24 24 23 20 17
17 21 20 17 18 17 19 15 20 0 24 19 23 15 18
21 25 23 18 22 15 25 21 24 24 0 24 16 21 19
18 21 18 24 23 17 22 17 24 19 24 0 24 24 15
22 24 22 24 19 23 15 17 23 23 16 24 0 24 18
16 25 24 19 17 25 18 24 20 15 21 24 24 0 15
24 22 23 21 19 20 20 15 17 18 19 15 18 15 0
