13
24
68 135 38 107 103 137 133 49 56 95 8 150 59 72 91 5 89 136 13 54 6 48 28 98
96 96 82 44 122 96 44 31 76 68 91 143 36 54 11 52 126 117 83 39 137 87 146 45
94 101 113 123 158 143 8 4 12 158 24 101 143 37 151 113 127 128 136 49 58 58 124 152
54 125 96 123 115 133 48 156 108 39 66 134 6 130 125 46 104 26 62 20 49 66 23 38
29 83 77 31 30 121 77 159 39 87 49 70 118 159 63 158 119 51 121 6 8 33 147 103
26 16 92 24 79 81 37 119 102 90 38 110 3 87 69 96 30 33 96 59 114 158 112 55
3 139 29 92 147 111 52 45 107 27 105 68 127 65 47 77 64 6 94 84 68 77 81 126
74 141 37 65 104 77 76 137 26 121 20 130 131 78 43 62 48 89 50 146 94 86 140 120
72 17 33 127 5 92 86 13 71 145 84 116 86 89 29 42 87 56 44 56 119 113 24 113
9 18 21 3 87 132 10 155 156 153 54 79 79 104 113 20 87 128 16 11 73 153 35 64
94 102 93 153 146 13 158 154 90 9 137 114 57 57 58 92 71 35 122 159 145 79 31 72
137 48 53 37 138 98 68 36 109 92 29 35 20 74 101 156 27 79 125 73 10 89 94 110
110 77 17 52 150 27 84 133 43 90 13 145 31 105 129 99 90 54 129 118 84 147 160 140
0 22 21 21 16 20 21 22 20 18 22 24 16 20 17
22 0 15 18 18 23 21 25 17 25 17 22 24 19 15
21 15 0 24 20 23 17 22 20 18 19 21 20 16 23
21 18 24 0 19 18 17 24 25 18 19 19 15 25 23
16 18 20 19 0 20 22 24 15 17 16 22 23 21 21
20 23 23 18 20 0 18 15 17 17 24 23 20 18 22
21 21 17 17 22 18 0 18 23 25 20 15 20 25 17
22 25 22 24 24 15 18 0 18 24 17 19 20 20 19
20 17 20 25 15 17 23 18 0 17 20 18 16 25 19
18 25 18 18 17 17 25 24 17 0 17 23 16 20 20
22 17 19 19 16 24 20 17 20 17 0 15 15 24 19
24 22 21 19 22 23 15 19 18 23 15 0 19 16 18
16 24 20 15 23 20 20 20 16 16 15 19 0 25 21
20 19 16 25 21 18 25 20 25 20 24 16 25 0 17
17 15 23 23 21 22 17 19 19 20 19 18 21 17 0
