13
12
41 20 62 20 40 8 59 75 34 7 12 24
26 72 41 14 70 61 31 6 80 39 2 9
36 49 55 61 74 59 1 6 62 61 48 56
25 13 1 74 52 20 68 26 50 29 1 67
70 23 53 37 51 16 50 22 26 76 58 68
3 56 29 78 7 73 43 52 30 74 41 30
71 73 24 13 19 71 62 4 63 69 42 19
24 47 50 20 48 2 71 45 8 38 47 67
6 26 59 50 34 49 20 74 14 37 61 5
19 71 43 63 36 12 58 23 49 14 19 43
21 55 25 19 25 50 27 57 44 78 37 54
44 13 50 48 43 4 46 30 14 9 28 23
62 17 26 23 79 61 77 16 70 57 76 79
0 24 18 24 17 19 19 21 17 19 17 23 18 24 25
24 0 21 18 22 15 16 24 18 16 16 23 22 15 25
18 21 0 24 18 24 23 24 25 19 22 20 24 25 17
24 18 24 0 17 21 25 16 21 22 15 25 21 23 25
17 22 18 17 0 15 18 21 17 20 20 15 22 19 23
19 15 24 21 15 0 21 21 17 25 20 17 22 21 23
19 16 23 25 18 21 0 21 19 23 15 21 21 18 15
21 24 24 16 21 21 21 0 17 23 17 25 19 18 21
17 18 25 21 17 17 19 17 0 16 16 18 17 18 25
19 16 19 22 20 25 23 23 16 0 24 19 20 15 18
17 16 22 15 20 20 15 17 16 24 0 20 17 24 22
23 23 20 25 15 17 21 25 18 19 20 0 17 25 18
18 22 24 21 22 22 21 19 17 20 17 17 0 18 25
24 15 25 23 19 21 18 18 18 15 24 25 18 0 22
25 25 17 25 23 23 15 21 25 18 22 18 25 22 0
