13
14
77 23 15 12 11 49 43 49 76 71 16 52 56
0 24 24 17 21 17 25 16 19 20 20 21 24 19 19
24 0 19 17 24 20 17 24 18 22 16 18 25 18 25
24 19 0 23 23 19 18 18 21 20 25 15 22 24 17
17 17 23 0 15 16 24 16 19 21 25 19 20 17 19
21 24 23 15 0 17 22 24 18 17 17 17 21 16 24
17 20 19 16 17 0 18 24 15 17 18 20 23 25 15
25 17 18 24 22 18 0 19 25 20 25 16 25 21 21
16 24 18 16 24 24 19 0 18 17 20 25 16 18 24
19 18 21 19 18 15 25 18 0 23 18 19 21 16 18
20 22 20 21 17 17 20 17 23 0 15 23 25 20 18
20 16 25 25 17 18 25 20 18 15 0 17 23 24 21
21 18 15 19 17 20 16 25 19 23 17 0 23 20 20
24 25 22 20 21 23 25 16 21 25 23 23 0 23 20
19 18 24 17 16 25 21 18 16 20 24 20 23 0 21
19 25 17 19 24 15 21 24 18 18 21 20 20 21 0
