14
13
43 45 76 21 69 68 80 44 14 63 53 23 47 40
0 17 16 20 19 25 24 23 24 24 24 16 21 21 16 15
17 0 19 25 22 22 24 18 23 20 15 23 15 15 20 24
16 19 0 18 22 21 15 17 22 17 17 24 24 24 16 18
20 25 18 0 18 21 16 19 23 20 18 20 16 19 21 23
19 22 22 18 0 19 18 22 23 24 21 21 25 15 23 20
25 22 21 21 19 0 19 23 17 22 25 24 18 24 20 19
24 24 15 16 18 19 0 22 18 22 22 25 21 23 22 15
23 18 17 19 22 23 22 0 21 25 18 16 25 21 23 23
24 23 22 23 23 17 18 21 0 15 23 15 20 21 18 20
24 20 17 20 24 22 22 25 15 0 18 18 18 25 24 19
24 15 17 18 21 25 22 18 23 18 0 20 24 19 21 24
16 23 24 20 21 24 25 16 15 18 20 0 18 25 22 25
21 15 24 16 25 18 21 25 20 18 24 18 0 15 22 22
21 15 24 19 15 24 23 21 21 25 19 25 15 0 20 24
16 20 16 21 23 20 22 23 18 24 21 22 22 20 0 20
15 24 18 23 20 19 15 23 20 19 24 25 22 24 20 0
