14
20
29 17 10 27 21 16 11 33 8 35 18 1 37 2 3 23 10 33 7 26
6 17 28 11 16 33 33 24 33 31 18 31 6 13 28 8 38 19 17 32
33 1 12 12 8 4 5 35 39 18 4 2 35 37 3 9 14 27 33 32
21 26 4 25 18 13 32 29 29 1 40 38 31 17 29 17 11 40 3 2
39 37 34 36 13 9 26 17 17 28 13 22 23 32 40 35 5 33 11 26
5 32 28 18 7 20 21 18 1 1 3 31 3 5 27 4 39 27 24 32
17 34 23 40 24 2 32 37 25 10 17 27 21 4 36 5 39 12 16 21
26 33 15 9 11 39 7 27 24 30 24 30 1 27 35 34 10 10 19 35
20 38 34 6 36 6 22 7 25 38 7 10 24 28 1 17 34 20 10 27
34 29 14 28 3 14 30 9 7 34 31 7 10 11 26 15 29 21 29 21
37 10 19 20 31 12 9 12 32 15 15 10 18 5 6 29 32 15 26 6
34 8 21 19 20 8 17 19 6 1 15 38 2 31 4 2 22 7 17 11
39 40 33 14 8 1 38 40 4 35 38 11 20 27 11 8 31 22 12 3
4 20 8 27 24 1 21 33 34 21 2 37 31 37 18 24 8 34 16 26
0 21 15 16 17 19 16 21 18 23 18 25 25 22 22 16
21 0 15 20 18 25 16 17 21 21 18 24 18 20 23 19
15 15 0 15 25 25 25 15 23 24 18 15 24 19 15 17
16 20 15 0 21 20 25 19 19 20 15 22 19 16 18 23
17 18 25 21 0 25 21 25 18 20 19 20 16 17 17 16
19 25 25 20 25 0 17 24 23 23 23 20 24 24 15 22
16 16 25 25 21 17 0 22 18 17 15 17 21 18 16 20
21 17 15 19 25 24 22 0 17 21 23 24 20 19 19 21
18 21 23 19 18 23 18 17 0 17 23 19 15 15 19 17
23 21 24 20 20 23 17 21 17 0 20 21 18 24 15 24
18 18 18 15 19 23 15 23 23 20 0 15 22 16 22 21
25 24 15 22 20 20 17 24 19 21 15 0 21 18 20 21
25 18 24 19 16 24 21 20 15 18 22 21 0 19 23 20
22 20 19 16 17 24 18 19 15 24 16 18 19 0 16 23
22 23 15 18 17 15 16 19 19 15 22 20 23 16 0 17
16 19 17 23 16 22 20 21 17 24 21 21 20 23 17 0
