14
24
142 124 111 96 154 52 126 35 126 18 150 66 114 54 13 124 33 154 155 115 122 114 139 139
107 88 55 24 86 160 36 74 116 137 66 129 76 89 143 31 125 158 73 128 48 58 114 74
132 42 25 136 127 61 20 62 121 154 57 155 78 153 66 102 133 71 139 56 25 149 139 159
104 137 73 103 63 60 10 21 55 27 55 45 102 48 123 83 2 70 11 51 90 137 66 143
8 156 131 28 78 5 80 146 65 129 22 148 103 155 139 86 118 70 101 117 71 103 79 46
70 131 145 160 130 109 67 120 44 12 117 59 148 130 118 34 154 4 43 63 50 144 28 160
130 55 32 17 7 92 26 7 87 65 45 50 80 113 140 132 63 137 129 38 38 90 42 147
4 64 142 85 154 98 126 79 109 136 60 50 121 109 74 144 160 42 156 1 116 15 37 30
150 160 73 105 85 82 114 41 45 84 29 119 151 72 65 21 100 68 79 160 45 99 70 133
63 19 1 157 52 147 141 48 151 18 16 116 35 91 113 118 32 119 128 110 69 31 117 112
50 96 155 149 41 49 66 25 5 58 114 42 98 48 147 126 75 138 66 20 91 53 51 154
82 3 43 147 47 33 51 119 160 16 25 89 39 154 101 96 44 19 134 104 38 152 108 125
103 75 40 26 42 63 12 32 33 155 25 92 38 159 106 129 18 63 36 64 54 67 119 117
10 138 51 65 87 60 4 139 143 102 21 46 63 31 89 158 17 21 24 23 79 56 119 56
0 17 15 18 20 18 18 24 24 16 22 25 22 21 20 23
17 0 15 19 24 16 24 21 23 19 21 22 22 21 21 22
15 15 0 19 16 22 20 23 25 17 24 16 15 23 20 21
18 19 19 0 22 17 15 22 23 18 17 20 25 24 22 16
20 24 16 22 0 25 15 17 21 18 15 21 24 16 17 23
18 16 22 17 25 0 24 23 15 19 21 23 19 22 22 24
18 24 20 15 15 24 0 18 17 22 24 19 24 16 16 15
24 21 23 22 17 23 18 0 15 22 24 19 16 20 15 23
24 23 25 23 21 15 17 15 0 22 20 19 20 19 19 24
16 19 17 18 18 19 22 22 22 0 16 15 17 23 24 17
22 21 24 17 15 21 24 24 20 16 0 17 24 19 17 15
25 22 16 20 21 23 19 19 19 15 17 0 23 25 15 25
22 22 15 25 24 19 24 16 20 17 24 23 0 23 22 16
21 21 23 24 16 22 16 20 19 23 19 25 23 0 23 16
20 21 20 22 17 22 16 15 19 24 17 15 22 23 0 25
23 22 21 16 23 24 15 23 24 17 15 25 16 16 25 0
