14
10
20 22 12 13 39 17 31 39 7 18 22 8 26 39
0 22 19 22 17 24 18 20 21 18 24 16 15 16 24 23
22 0 25 22 15 24 20 24 20 16 15 21 17 15 25 21
19 25 0 19 15 16 23 22 24 20 24 24 15 24 22 17
22 22 19 0 16 24 18 24 23 16 17 19 23 23 20 25
17 15 15 16 0 17 15 17 23 15 24 16 21 21 21 15
24 24 16 24 17 0 25 15 18 16 15 25 23 19 19 18
18 20 23 18 15 25 0 16 24 23 16 20 15 24 23 22
20 24 22 24 17 15 16 0 17 16 19 18 23 25 20 23
21 20 24 23 23 18 24 17 0 21 25 15 25 20 23 19
18 16 20 16 15 16 23 16 21 0 17 20 15 21 18 25
24 15 24 17 24 15 16 19 25 17 0 24 15 20 23 17
16 21 24 19 16 25 20 18 15 20 24 0 25 18 25 19
15 17 15 23 21 23 15 23 25 15 15 25 0 22 23 16
16 15 24 23 21 19 24 25 20 21 20 18 22 0 24 18
24 25 22 20 21 19 23 20 23 18 23 25 23 24 0 19
23 21 17 25 15 18 22 23 19 25 17 19 16 18 19 0
