14
9
107 51 5 56 3 154 115 55 120 7 140 142 93 36
0 23 21 20 24 23 25 16 17 19 15 16 16 21 15 25
23 0 15 17 16 22 15 24 17 18 23 25 19 21 18 20
21 15 0 18 21 16 18 20 22 21 18 18 17 20 24 15
20 17 18 0 17 16 21 16 22 20 23 25 16 18 21 19
24 16 21 17 0 16 24 23 19 25 19 15 20 25 15 17
23 22 16 16 16 0 15 25 20 15 22 16 17 22 21 19
25 15 18 21 24 15 0 25 21 19 21 24 23 23 24 18
16 24 20 16 23 25 25 0 22 21 16 21 20 25 20 20
17 17 22 22 19 20 21 22 0 18 15 17 25 25 16 16
19 18 21 20 25 15 19 21 18 0 19 25 25 25 23 19
15 23 18 23 19 22 21 16 15 19 0 15 20 23 18 25
16 25 18 25 15 16 24 21 17 25 15 0 22 17 17 15
16 19 17 16 20 17 23 20 25 25 20 22 0 18 21 19
21 21 20 18 25 22 23 25 25 25 23 17 18 0 16 23
15 18 24 21 15 21 24 20 16 23 18 17 21 16 0 18
25 20 15 19 17 19 18 20 16 19 25 15 19 23 18 0
