14
5
156 110 48 111 33 87 90 72 30 108 100 19 82 36
0 20 19 17 15 18 22 25 17 23 16 23 25 18 19 18
20 0 20 21 23 24 22 18 19 22 19 23 19 21 17 15
19 20 0 17 19 16 24 23 20 24 20 18 22 24 18 21
17 21 17 0 19 15 24 15 19 15 18 19 21 17 21 23
15 23 19 19 0 24 17 16 19 22 24 24 23 17 19 22
18 24 16 15 24 0 25 23 18 20 23 15 17 24 22 15
22 22 24 24 17 25 0 17 20 24 24 20 23 23 24 20
25 18 23 15 16 23 17 0 15 24 20 24 25 15 18 17
17 19 20 19 19 18 20 15 0 25 17 17 19 15 24 25
23 22 24 15 22 20 24 24 25 0 21 23 18 19 16 25
16 19 20 18 24 23 24 20 17 21 0 19 17 15 24 20
23 23 18 19 24 15 20 24 17 23 19 0 16 24 17 22
25 19 22 21 23 17 23 25 19 18 17 16 0 23 17 19
18 21 24 17 17 24 23 15 15 19 15 24 23 0 15 25
19 17 18 21 19 22 24 18 24 16 24 17 17 15 0 20
18 15 21 23 22 15 20 17 25 25 20 22 19 25 20 0
