14
18
43 6 50 11 76 36 55 59 36 26 47 32 11 73 77 32 22 42
3 17 67 2 58 75 47 20 76 9 21 12 13 8 38 50 73 35
69 3 1 79 16 48 64 34 38 49 31 42 9 28 10 1 56 76
29 19 21 31 46 2 2 24 52 63 69 77 63 45 57 12 49 28
80 18 71 34 69 54 4 80 47 11 38 57 37 30 32 43 61 48
51 3 75 40 8 51 57 57 66 35 58 15 65 79 44 33 4 74
67 10 25 70 70 52 8 24 28 62 41 72 9 74 42 30 38 27
66 39 77 49 22 45 13 66 9 24 72 22 22 36 39 12 19 10
8 51 38 80 13 77 57 39 30 27 17 38 30 50 53 17 74 80
16 27 71 18 16 18 49 31 3 28 64 25 49 22 37 59 23 44
25 10 49 72 39 39 79 61 62 5 19 26 14 31 44 40 78 14
6 9 14 27 27 52 27 2 11 12 79 22 9 38 22 32 24 53
61 55 79 61 24 48 20 31 45 56 1 65 51 51 77 25 7 10
16 12 19 29 25 70 9 3 60 35 2 45 47 73 32 5 7 46
0 24 16 18 20 16 17 21 21 18 18 16 21 25 18 23
24 0 15 21 19 19 23 16 20 21 21 16 22 19 23 18
16 15 0 15 25 24 23 15 15 17 20 21 21 19 19 24
18 21 15 0 22 22 15 16 16 18 18 17 20 21 21 21
20 19 25 22 0 20 25 22 23 24 15 15 16 25 19 18
16 19 24 22 20 0 24 23 22 21 18 21 23 21 16 15
17 23 23 15 25 24 0 25 20 25 22 21 17 21 15 21
21 16 15 16 22 23 25 0 18 22 20 22 23 17 22 21
21 20 15 16 23 22 20 18 0 20 25 24 25 16 21 17
18 21 17 18 24 21 25 22 20 0 24 16 21 24 23 23
18 21 20 18 15 18 22 20 25 24 0 17 21 15 22 22
16 16 21 17 15 21 21 22 24 16 17 0 23 25 15 21
21 22 21 20 16 23 17 23 25 21 21 23 0 16 25 18
25 19 19 21 25 21 21 17 16 24 15 25 16 0 22 17
18 23 19 21 19 16 15 22 21 23 22 15 25 22 0 23
23 18 24 21 18 15 21 21 17 23 22 21 18 17 23 0
