14
10
50 59 155 139 93 104 76 131 54 53
91 139 39 44 133 143 96 32 118 64
104 132 78 52 98 120 43 20 18 77
110 103 76 41 12 117 115 158 83 150
105 154 67 87 9 56 20 95 113 31
82 68 50 128 47 135 10 90 48 2
14 78 157 70 48 100 120 66 70 30
134 57 2 31 81 158 13 8 125 49
74 56 25 72 131 120 30 65 156 5
99 153 79 126 67 74 94 1 67 118
39 36 20 5 36 1 52 49 103 29
30 11 146 96 28 68 103 64 51 88
17 123 152 46 58 54 125 50 92 36
99 135 55 10 8 39 101 92 108 156
0 23 21 17 24 20 25 19 18 25 20 24 20 15 17 20
23 0 19 20 22 24 24 19 20 18 23 16 23 24 22 18
21 19 0 25 18 16 16 15 16 21 15 19 24 21 15 16
17 20 25 0 23 25 18 19 19 20 23 16 18 23 23 25
24 22 18 23 0 15 18 20 24 19 15 16 19 24 15 23
20 24 16 25 15 0 24 25 23 16 20 20 24 24 15 15
25 24 16 18 18 24 0 16 16 25 22 18 19 25 24 22
19 19 15 19 20 25 16 0 24 23 16 18 24 25 18 23
18 20 16 19 24 23 16 24 0 19 22 17 24 19 22 18
25 18 21 20 19 16 25 23 19 0 18 16 19 23 22 20
20 23 15 23 15 20 22 16 22 18 0 20 21 25 18 24
24 16 19 16 16 20 18 18 17 16 20 0 21 25 22 17
20 23 24 18 19 24 19 24 24 19 21 21 0 22 23 15
15 24 21 23 24 24 25 25 19 23 25 25 22 0 22 18
17 22 15 23 15 15 24 18 22 22 18 22 23 22 0 19
20 18 16 25 23 15 22 23 18 20 24 17 15 18 19 0
