14
10
103 64 34 6 25 110 122 30 98 52
149 122 104 108 78 114 44 19 120 73
74 82 39 127 60 2 17 105 84 21
69 1 28 143 145 97 65 32 155 74
64 94 156 30 107 99 32 10 32 112
153 3 130 80 52 5 144 128 14 62
95 19 127 153 154 147 30 160 16 75
40 56 11 111 47 71 72 138 61 81
132 141 154 103 10 153 76 153 127 73
59 25 26 121 41 31 2 67 119 86
16 123 104 25 146 8 102 28 32 124
67 43 132 122 29 77 61 44 36 46
129 68 43 91 15 11 3 11 152 45
73 148 80 144 28 96 132 129 20 8
0 25 19 25 20 16 15 20 21 16 15 21 21 16 22 20
25 0 17 17 17 20 22 15 18 20 21 20 21 25 25 15
19 17 0 17 18 20 22 25 16 17 20 23 18 18 16 21
25 17 17 0 25 17 18 24 20 19 25 16 17 20 21 18
20 17 18 25 0 15 24 23 25 16 16 25 19 15 20 19
16 20 20 17 15 0 15 24 19 20 17 15 20 18 22 24
15 22 22 18 24 15 0 17 25 22 20 22 25 18 16 15
20 15 25 24 23 24 17 0 23 15 18 20 20 22 18 15
21 18 16 20 25 19 25 23 0 17 21 21 21 22 17 19
16 20 17 19 16 20 22 15 17 0 25 17 23 21 19 23
15 21 20 25 16 17 20 18 21 25 0 22 25 25 24 25
21 20 23 16 25 15 22 20 21 17 22 0 18 20 23 24
21 21 18 17 19 20 25 20 21 23 25 18 0 21 17 16
16 25 18 20 15 18 18 22 22 21 25 20 21 0 19 24
22 25 16 21 20 22 16 18 17 19 24 23 17 19 0 19
20 15 21 18 19 24 15 15 19 23 25 24 16 24 19 0
