14
10
22 3 46 21 14 58 49 8 13 59 66 6 25 41
0 24 22 24 16 22 18 24 23 17 18 18 15 15 19 25
24 0 23 20 25 22 23 19 16 16 23 19 17 16 15 25
22 23 0 23 18 25 20 25 20 20 16 17 17 17 15 21
24 20 23 0 25 16 18 24 20 20 21 16 19 25 18 18
16 25 18 25 0 20 23 21 25 20 23 19 21 18 20 23
22 22 25 16 20 0 24 22 23 19 21 24 15 19 20 20
18 23 20 18 23 24 0 16 21 19 15 16 24 24 23 24
24 19 25 24 21 22 16 0 25 21 16 16 24 24 17 21
23 16 20 20 25 23 21 25 0 20 19 24 17 23 22 24
17 16 20 20 20 19 19 21 20 0 19 18 21 18 20 21
18 23 16 21 23 21 15 16 19 19 0 18 22 22 20 25
18 19 17 16 19 24 16 16 24 18 18 0 25 19 21 25
15 17 17 19 21 15 24 24 17 21 22 25 0 25 21 25
15 16 17 25 18 19 24 24 23 18 22 19 25 0 22 18
19 15 15 18 20 20 23 17 22 20 20 21 21 22 0 23
25 25 21 18 23 20 24 21 24 21 25 25 25 18 23 0
