14
11
75 43 93 59 113 6 25 18 102 20 19 54 89 35
0 23 24 21 18 20 22 20 19 15 17 24 25 21 17 23
23 0 21 24 22 15 22 15 17 18 21 20 19 23 20 24
24 21 0 24 16 18 21 25 20 24 22 18 18 18 16 21
21 24 24 0 23 18 21 23 15 22 25 24 21 17 25 24
18 22 16 23 0 21 18 15 18 22 20 23 25 19 23 18
20 15 18 18 21 0 16 24 15 21 17 19 19 22 24 23
22 22 21 21 18 16 0 25 22 22 15 21 16 16 20 15
20 15 25 23 15 24 25 0 25 23 22 25 20 19 22 24
19 17 20 15 18 15 22 25 0 21 19 22 22 20 20 21
15 18 24 22 22 21 22 23 21 0 20 23 17 23 18 20
17 21 22 25 20 17 15 22 19 20 0 21 22 23 19 19
24 20 18 24 23 19 21 25 22 23 21 0 20 15 17 25
25 19 18 21 25 19 16 20 22 17 22 20 0 24 22 19
21 23 18 17 19 22 16 19 20 23 23 15 24 0 25 22
17 20 16 25 23 24 20 22 20 18 19 17 22 25 0 25
23 24 21 24 18 23 15 24 21 20 19 25 19 22 25 0
