14
5
38 43 38 48 45 59 1 45 27 24 23 26 25 46
0 16 23 17 15 21 21 23 19 17 18 22 19 22 25 16
16 0 23 25 25 22 24 24 25 20 15 18 21 15 18 21
23 23 0 21 22 16 19 23 17 18 19 15 21 21 23 20
17 25 21 0 24 25 19 22 24 24 21 21 15 21 17 22
15 25 22 24 0 16 25 16 19 25 24 25 24 25 24 25
21 22 16 25 16 0 19 15 24 21 20 17 22 25 20 21
21 24 19 19 25 19 0 15 24 22 23 21 20 25 25 15
23 24 23 22 16 15 15 0 24 19 24 21 23 19 23 25
19 25 17 24 19 24 24 24 0 22 18 15 15 17 15 22
17 20 18 24 25 21 22 19 22 0 21 17 23 20 17 25
18 15 19 21 24 20 23 24 18 21 0 23 18 25 25 16
22 18 15 21 25 17 21 21 15 17 23 0 21 16 23 19
19 21 21 15 24 22 20 23 15 23 18 21 0 25 25 21
22 15 21 21 25 25 25 19 17 20 25 16 25 0 17 23
25 18 23 17 24 20 25 23 15 17 25 23 25 17 0 24
16 21 20 22 25 21 15 25 22 25 16 19 21 23 24 0
