14
18
80 97 112 48 7 24 56 36 146 70 29 133 142 9 70 70 140 6
24 139 28 19 67 105 10 132 15 110 126 101 135 49 6 80 13 128
150 154 84 120 33 80 56 135 79 132 49 138 25 50 47 93 118 72
134 65 98 144 91 82 135 56 118 72 43 96 155 21 113 83 30 68
61 23 17 79 58 21 75 50 62 32 111 96 38 66 118 114 143 97
123 139 10 44 67 147 75 47 81 35 140 105 102 85 89 151 52 88
131 89 135 142 100 41 8 160 112 43 133 59 51 110 121 103 92 42
88 70 101 98 96 140 11 129 55 11 92 1 49 155 16 153 110 86
137 45 34 61 5 145 139 15 112 25 50 139 137 10 16 30 54 13
137 96 91 135 69 46 13 5 48 115 82 31 132 111 98 53 122 116
81 58 83 55 104 85 9 15 115 60 33 154 57 110 112 121 89 158
9 105 133 130 75 125 52 143 12 63 20 155 112 151 13 1 126 87
138 99 46 14 152 113 59 120 42 55 29 55 24 65 4 74 69 100
62 97 64 16 21 2 13 32 108 155 138 107 143 134 79 91 96 91
0 20 20 22 24 17 15 15 22 21 22 16 24 17 23 20
20 0 15 17 22 18 16 24 25 18 18 15 22 20 21 20
20 15 0 24 24 25 20 18 16 25 16 19 16 23 20 19
22 17 24 0 16 18 17 20 18 16 17 20 24 21 25 25
24 22 24 16 0 24 17 18 19 21 25 25 24 15 21 20
17 18 25 18 24 0 21 21 21 23 21 17 21 20 25 16
15 16 20 17 17 21 0 21 17 22 20 17 22 19 22 24
15 24 18 20 18 21 21 0 18 21 16 20 25 24 19 20
22 25 16 18 19 21 17 18 0 22 16 20 15 17 18 23
21 18 25 16 21 23 22 21 22 0 16 16 25 25 21 17
22 18 16 17 25 21 20 16 16 16 0 22 25 21 23 18
16 15 19 20 25 17 17 20 20 16 22 0 22 20 22 16
24 22 16 24 24 21 22 25 15 25 25 22 0 19 22 18
17 20 23 21 15 20 19 24 17 25 21 20 19 0 20 16
23 21 20 25 21 25 22 19 18 21 23 22 22 20 0 22
20 20 19 25 20 16 24 20 23 17 18 16 18 16 22 0
