14
7
36 47 55 12 41 22 18 6 9 63 65 67 44 58
0 18 19 17 15 21 15 22 20 22 15 18 17 22 16 20
18 0 24 25 19 21 25 20 19 21 15 18 23 15 19 20
19 24 0 23 20 19 17 25 22 23 24 15 21 20 23 21
17 25 23 0 20 15 24 18 24 18 20 21 25 22 15 23
15 19 20 20 0 20 25 21 18 22 19 24 22 16 18 20
21 21 19 15 20 0 24 22 23 19 24 20 20 16 21 23
15 25 17 24 25 24 0 18 21 18 18 20 18 15 23 21
22 20 25 18 21 22 18 0 25 21 17 23 21 21 25 19
20 19 22 24 18 23 21 25 0 16 17 25 24 15 17 23
22 21 23 18 22 19 18 21 16 0 20 23 17 24 22 17
15 15 24 20 19 24 18 17 17 20 0 16 23 17 25 24
18 18 15 21 24 20 20 23 25 23 16 0 15 16 18 16
17 23 21 25 22 20 18 21 24 17 23 15 0 19 24 22
22 15 20 22 16 16 15 21 15 24 17 16 19 0 20 21
16 19 23 15 18 21 23 25 17 22 25 18 24 20 0 21
20 20 21 23 20 23 21 19 23 17 24 16 22 21 21 0
