14
7
22 14 37 21 32 22 28 13 34 23 2 22 34 2
0 22 22 20 23 16 17 15 21 23 22 24 18 22 22 17
22 0 17 16 20 18 23 24 15 15 21 17 24 23 18 15
22 17 0 16 22 22 15 20 17 17 25 15 15 23 18 22
20 16 16 0 15 23 22 24 22 20 25 25 17 21 22 23
23 20 22 15 0 18 24 21 22 25 20 19 16 21 24 22
16 18 22 23 18 0 16 23 21 15 18 19 21 15 25 17
17 23 15 22 24 16 0 23 19 18 23 24 18 23 18 22
15 24 20 24 21 23 23 0 17 24 23 21 18 16 23 21
21 15 17 22 22 21 19 17 0 22 17 21 23 18 16 22
23 15 17 20 25 15 18 24 22 0 19 17 15 23 24 17
22 21 25 25 20 18 23 23 17 19 0 21 25 19 23 16
24 17 15 25 19 19 24 21 21 17 21 0 25 20 24 17
18 24 15 17 16 21 18 18 23 15 25 25 0 23 16 22
22 23 23 21 21 15 23 16 18 23 19 20 23 0 24 22
22 18 18 22 24 25 18 23 16 24 23 24 16 24 0 15
17 15 22 23 22 17 22 21 22 17 16 17 22 22 15 0
