14
24
121 64 83 114 67 12 98 79 116 144 9 126 128 91 148 35 24 140 99 33 82 4 8 49
135 38 81 53 158 101 130 24 157 32 70 137 103 116 92 124 4 142 123 78 113 73 71 125
31 61 119 128 127 82 152 102 97 16 46 116 119 147 27 47 70 133 160 109 66 92 91 40
158 69 90 89 93 102 48 69 50 22 37 21 143 150 35 11 82 127 47 158 6 101 38 73
125 118 124 150 84 147 28 93 29 88 147 111 49 68 11 38 93 2 10 11 159 148 6 13
160 77 129 160 120 132 37 61 111 34 88 124 114 106 122 94 112 131 46 134 77 69 49 119
40 117 31 132 35 138 50 95 153 111 159 49 133 7 35 32 70 117 101 31 55 70 37 59
138 67 12 56 134 84 103 115 127 49 84 23 118 49 62 124 61 13 114 87 138 147 123 129
127 67 79 121 137 149 139 75 22 108 89 21 62 94 90 105 16 50 117 30 7 156 61 132
87 27 32 83 73 29 15 110 83 135 33 127 41 106 154 152 12 81 89 8 46 39 1 116
159 142 73 108 101 8 89 11 124 32 129 18 66 79 64 37 44 111 103 135 16 75 52 110
97 18 154 137 98 158 137 107 117 66 124 114 117 121 126 57 41 128 119 6 14 86 69 50
71 80 69 51 16 24 156 12 30 34 137 38 42 23 19 4 40 26 67 128 126 137 31 61
99 96 123 36 29 39 122 126 130 55 3 62 11 27 136 145 131 43 50 148 53 28 143 143
0 17 24 16 21 17 17 18 17 17 17 21 25 24 23 22
17 0 17 16 15 23 24 18 20 20 22 24 19 17 25 18
24 17 0 21 16 16 23 25 15 19 17 15 21 24 16 21
16 16 21 0 24 21 16 25 22 21 16 23 18 20 25 20
21 15 16 24 0 20 15 23 17 17 15 24 21 22 24 19
17 23 16 21 20 0 22 18 25 15 24 15 17 24 19 24
17 24 23 16 15 22 0 20 24 16 21 19 16 16 24 15
18 18 25 25 23 18 20 0 23 25 17 18 25 17 17 16
17 20 15 22 17 25 24 23 0 22 20 15 20 25 22 17
17 20 19 21 17 15 16 25 22 0 19 22 25 22 23 24
17 22 17 16 15 24 21 17 20 19 0 18 17 23 18 20
21 24 15 23 24 15 19 18 15 22 18 0 16 22 17 24
25 19 21 18 21 17 16 25 20 25 17 16 0 17 17 20
24 17 24 20 22 24 16 17 25 22 23 22 17 0 17 24
23 25 16 25 24 19 24 17 22 23 18 17 17 17 0 19
22 18 21 20 19 24 15 16 17 24 20 24 20 24 19 0
