14
24
54 37 113 82 94 76 2 74 47 80 1 70 66 14 115 120 108 114 39 54 119 118 21 62
11 53 43 32 90 78 13 93 115 118 80 62 56 71 105 4 63 35 110 31 69 100 112 42
75 42 103 3 102 13 42 9 14 59 90 7 103 9 49 13 59 90 91 83 47 113 4 66
30 26 6 51 40 77 17 105 78 78 13 61 23 70 113 120 49 105 78 105 50 30 89 12
40 12 30 33 97 12 98 50 96 42 116 47 48 95 15 78 91 116 62 51 2 74 77 86
113 38 35 102 58 29 53 118 22 22 26 16 15 54 25 16 45 53 14 29 14 45 39 14
16 50 8 62 86 3 36 76 26 72 1 47 18 20 108 109 107 117 48 96 8 14 3 101
112 54 49 68 85 40 72 51 30 73 57 99 31 2 1 32 5 119 15 35 108 119 85 47
2 52 44 56 54 100 108 91 55 3 74 25 33 44 59 45 114 47 86 40 63 53 107 17
38 28 77 45 99 93 14 21 107 11 88 50 45 52 89 95 100 32 22 44 47 56 33 84
18 49 5 94 77 40 115 50 77 111 103 41 76 63 82 15 20 58 95 110 109 81 111 91
83 65 30 82 110 117 27 104 12 95 74 113 109 45 81 106 100 32 120 105 18 35 110 34
85 43 7 65 113 15 65 50 88 93 64 36 13 93 90 89 16 35 67 88 13 99 17 8
43 51 53 115 63 6 80 104 64 64 73 76 86 69 104 21 84 42 115 22 10 118 92 7
0 24 16 17 23 18 22 18 16 20 17 18 18 15 16 16
24 0 17 20 19 25 24 15 22 24 25 17 15 21 20 24
16 17 0 24 20 19 17 20 24 21 18 25 17 24 15 23
17 20 24 0 21 18 16 15 19 25 19 24 23 18 23 21
23 19 20 21 0 18 21 25 17 24 19 19 22 22 21 21
18 25 19 18 18 0 21 22 22 15 22 20 22 25 23 17
22 24 17 16 21 21 0 23 24 17 17 21 21 24 25 22
18 15 20 15 25 22 23 0 21 18 25 22 15 20 18 25
16 22 24 19 17 22 24 21 0 17 17 17 25 19 16 17
20 24 21 25 24 15 17 18 17 0 17 19 15 16 20 15
17 25 18 19 19 22 17 25 17 17 0 21 15 19 21 22
18 17 25 24 19 20 21 22 17 19 21 0 21 24 16 23
18 15 17 23 22 22 21 15 25 15 15 21 0 17 20 21
15 21 24 18 22 25 24 20 19 16 19 24 17 0 15 16
16 20 15 23 21 23 25 18 16 20 21 16 20 15 0 24
16 24 23 21 21 17 22 25 17 15 22 23 21 16 24 0
