14
9
141 53 25 86 110 36 77 119 11 118 98 48 69 47
0 23 21 22 21 15 22 24 20 21 24 19 16 25 21 22
23 0 20 25 15 23 15 21 23 24 17 24 19 19 20 18
21 20 0 21 25 21 23 20 16 16 16 17 15 23 15 15
22 25 21 0 22 22 24 16 18 23 25 21 21 25 18 23
21 15 25 22 0 25 24 25 22 19 17 21 16 18 23 23
15 23 21 22 25 0 24 19 18 21 23 25 24 20 16 24
22 15 23 24 24 24 0 17 17 18 22 16 16 25 16 24
24 21 20 16 25 19 17 0 18 21 21 19 19 23 20 16
20 23 16 18 22 18 17 18 0 23 25 15 15 18 23 15
21 24 16 23 19 21 18 21 23 0 21 21 16 18 20 24
24 17 16 25 17 23 22 21 25 21 0 18 23 19 24 20
19 24 17 21 21 25 16 19 15 21 18 0 23 20 21 22
16 19 15 21 16 24 16 19 15 16 23 23 0 16 15 15
25 19 23 25 18 20 25 23 18 18 19 20 16 0 18 21
21 20 15 18 23 16 16 20 23 20 24 21 15 18 0 18
22 18 15 23 23 24 24 16 15 24 20 22 15 21 18 0
