14
6
41 72 75 15 21 5
40 8 1 59 41 77
17 43 47 67 62 22
63 78 30 50 76 16
5 68 18 2 35 17
20 12 50 12 77 75
43 69 48 48 21 56
69 71 4 30 56 77
29 40 19 63 38 28
77 50 44 29 41 52
58 45 11 25 12 24
19 71 79 29 50 13
79 28 69 23 9 58
64 17 35 39 64 8
0 15 18 25 23 19 19 24 15 19 15 24 22 16 15 25
15 0 21 20 15 22 21 18 18 25 24 19 17 18 20 20
18 21 0 24 25 24 23 20 21 24 16 20 24 19 15 24
25 20 24 0 24 25 15 18 16 25 15 17 17 19 15 25
23 15 25 24 0 20 22 19 25 19 17 18 25 17 24 18
19 22 24 25 20 0 24 16 24 25 19 17 20 24 18 23
19 21 23 15 22 24 0 23 25 20 18 17 21 24 17 24
24 18 20 18 19 16 23 0 16 23 17 21 19 22 16 18
15 18 21 16 25 24 25 16 0 17 22 17 20 24 20 18
19 25 24 25 19 25 20 23 17 0 25 15 22 22 19 20
15 24 16 15 17 19 18 17 22 25 0 17 23 25 20 15
24 19 20 17 18 17 17 21 17 15 17 0 15 15 24 20
22 17 24 17 25 20 21 19 20 22 23 15 0 19 15 23
16 18 19 19 17 24 24 22 24 22 25 15 19 0 20 17
15 20 15 15 24 18 17 16 20 19 20 24 15 20 0 19
25 20 24 25 18 23 24 18 18 20 15 20 23 17 19 0
