14
4
144 79 103 9 130 142 124 150 95 8 14 52 33 85
0 18 20 24 16 25 17 22 20 15 16 15 17 24 24 15
18 0 17 16 18 24 17 19 17 25 23 17 23 17 16 21
20 17 0 18 24 18 25 24 19 20 22 23 25 17 19 23
24 16 18 0 15 24 21 21 20 21 21 24 24 22 17 20
16 18 24 15 0 25 24 23 24 16 21 15 15 17 19 25
25 24 18 24 25 0 20 23 15 19 19 25 15 18 22 22
17 17 25 21 24 20 0 22 19 21 21 25 20 24 19 23
22 19 24 21 23 23 22 0 16 24 22 17 25 25 22 24
20 17 19 20 24 15 19 16 0 19 21 20 16 18 17 18
15 25 20 21 16 19 21 24 19 0 17 17 19 18 23 16
16 23 22 21 21 19 21 22 21 17 0 18 18 19 20 20
15 17 23 24 15 25 25 17 20 17 18 0 15 16 22 24
17 23 25 24 15 15 20 25 16 19 18 15 0 17 16 19
24 17 17 22 17 18 24 25 18 18 19 16 17 0 21 21
24 16 19 17 19 22 19 22 17 23 20 22 16 21 0 17
15 21 23 20 25 22 23 24 18 16 20 24 19 21 17 0
