14
5
11 31 12 8 78 1 71 49 31 20 29 45 66 44
0 18 17 20 17 18 22 17 19 15 22 20 21 23 23 22
18 0 20 22 21 22 18 23 25 24 18 18 23 16 19 25
17 20 0 20 21 25 17 21 17 16 15 19 17 23 16 23
20 22 20 0 19 23 23 25 16 20 15 15 18 21 25 16
17 21 21 19 0 21 21 22 18 15 25 24 25 21 25 25
18 22 25 23 21 0 19 23 23 18 17 18 25 17 16 19
22 18 17 23 21 19 0 23 22 22 15 22 24 25 21 21
17 23 21 25 22 23 23 0 22 19 19 24 16 17 20 25
19 25 17 16 18 23 22 22 0 19 18 23 18 17 22 22
15 24 16 20 15 18 22 19 19 0 18 18 25 20 19 22
22 18 15 15 25 17 15 19 18 18 0 25 24 22 15 15
20 18 19 15 24 18 22 24 23 18 25 0 18 22 20 19
21 23 17 18 25 25 24 16 18 25 24 18 0 23 23 16
23 16 23 21 21 17 25 17 17 20 22 22 23 0 23 24
23 19 16 25 25 16 21 20 22 19 15 20 23 23 0 25
22 25 23 16 25 19 21 25 22 22 15 19 16 24 25 0
