14
22
38 63 23 10 34 49 38 33 20 75 6 4 21 62 10 36 53 45 40 34 74 11
39 51 34 23 68 1 65 65 9 58 32 12 37 78 50 7 32 75 10 7 9 27
80 17 2 64 63 46 41 29 33 69 36 79 30 8 34 28 71 22 61 26 61 56
67 61 8 31 15 58 65 32 19 63 12 61 13 11 21 24 58 24 2 34 19 71
48 3 49 41 38 14 4 43 36 3 67 45 24 23 75 21 33 57 51 61 1 53
1 76 75 15 57 28 24 40 32 73 1 62 73 5 76 64 24 58 80 51 41 9
59 74 25 13 6 67 31 52 69 64 41 54 68 8 79 15 54 8 66 74 33 21
79 31 78 37 38 59 34 16 33 2 80 37 56 54 58 30 49 58 9 55 10 68
74 63 65 59 76 73 70 65 42 63 74 6 14 25 71 60 28 2 13 78 4 33
44 47 36 3 60 70 71 44 61 26 61 66 15 2 31 40 61 47 35 74 61 74
70 23 68 45 53 38 7 77 62 55 48 77 49 47 6 72 11 41 4 40 26 15
3 50 37 42 53 47 46 25 47 25 62 44 11 20 29 79 41 57 14 37 22 69
34 73 61 77 55 66 9 24 44 49 20 58 18 44 7 69 77 12 7 78 60 24
63 23 14 76 66 77 35 77 31 4 35 2 41 68 35 1 80 75 37 74 36 60
0 21 17 19 24 20 21 24 20 23 24 19 18 15 18 25
21 0 20 18 22 23 24 17 24 21 17 18 24 18 19 25
17 20 0 15 21 22 21 16 21 19 21 20 18 22 21 24
19 18 15 0 15 21 15 19 23 23 24 19 25 18 25 21
24 22 21 15 0 16 16 25 19 20 19 15 21 15 19 23
20 23 22 21 16 0 20 21 23 15 22 24 21 24 16 21
21 24 21 15 16 20 0 17 22 16 21 23 20 15 22 25
24 17 16 19 25 21 17 0 23 16 19 21 23 19 16 21
20 24 21 23 19 23 22 23 0 21 24 15 23 23 25 22
23 21 19 23 20 15 16 16 21 0 16 25 18 16 15 20
24 17 21 24 19 22 21 19 24 16 0 25 23 23 25 24
19 18 20 19 15 24 23 21 15 25 25 0 23 21 20 17
18 24 18 25 21 21 20 23 23 18 23 23 0 22 19 17
15 18 22 18 15 24 15 19 23 16 23 21 22 0 17 24
18 19 21 25 19 16 22 16 25 15 25 20 19 17 0 16
25 25 24 21 23 21 25 21 22 20 24 17 17 24 16 0
