14
24
20 50 38 108 119 74 136 97 103 129 158 107 84 68 86 21 127 95 122 74 44 127 12 29
104 132 139 109 39 96 149 131 116 91 11 110 106 9 4 107 32 53 60 7 15 102 88 137
145 157 64 22 137 129 111 65 71 38 155 158 13 5 89 30 27 104 27 93 64 100 123 1
109 19 120 13 67 78 113 51 29 19 64 151 55 126 2 116 73 80 11 150 136 114 115 63
75 92 57 61 60 54 29 146 119 118 49 79 157 147 86 1 36 26 146 113 87 150 10 149
17 86 67 145 89 53 71 35 9 127 146 4 149 46 154 122 7 7 63 94 145 49 138 9
131 78 116 77 156 124 68 31 31 133 27 2 72 142 142 29 54 29 99 52 57 92 144 2
66 106 66 30 97 11 138 49 51 1 56 64 88 150 134 85 34 12 85 90 41 66 136 55
24 13 118 84 7 87 154 83 128 36 145 119 26 41 79 38 8 8 35 142 94 152 155 123
105 33 13 45 103 29 91 41 149 123 134 75 87 152 103 109 21 64 22 52 31 128 125 133
57 107 136 13 18 44 99 124 109 5 65 129 145 142 40 151 44 128 112 148 86 46 147 46
103 155 44 153 46 143 8 86 128 79 119 140 76 89 131 64 1 80 146 79 105 44 155 91
13 46 64 36 98 32 49 146 128 119 103 76 81 148 132 138 57 20 142 35 146 159 55 48
140 72 12 120 66 82 135 157 81 56 120 103 104 61 2 58 43 1 53 99 105 81 51 1
0 15 15 16 19 16 22 23 18 18 21 16 25 19 23 20
15 0 20 20 23 24 17 19 15 24 23 17 22 17 23 20
15 20 0 23 25 24 25 21 21 21 21 24 15 15 15 22
16 20 23 0 20 15 18 19 22 19 24 25 17 20 19 22
19 23 25 20 0 15 22 22 20 24 24 25 24 18 15 23
16 24 24 15 15 0 23 15 15 22 23 15 25 23 24 21
22 17 25 18 22 23 0 15 19 24 22 21 25 21 22 20
23 19 21 19 22 15 15 0 19 23 15 23 16 18 20 23
18 15 21 22 20 15 19 19 0 24 15 25 15 17 23 17
18 24 21 19 24 22 24 23 24 0 22 24 25 23 24 16
21 23 21 24 24 23 22 15 15 22 0 22 16 25 22 25
16 17 24 25 25 15 21 23 25 24 22 0 22 18 25 20
25 22 15 17 24 25 25 16 15 25 16 22 0 19 20 22
19 17 15 20 18 23 21 18 17 23 25 18 19 0 17 18
23 23 15 19 15 24 22 20 23 24 22 25 20 17 0 25
20 20 22 22 23 21 20 23 17 16 25 20 22 18 25 0
