14
26
103 80 52 118 85 76 3 85 79 104 40 104 72 6 39 77 93 84 107 28 25 42 17 69 97 1
93 66 80 108 83 82 47 51 106 56 115 53 111 83 40 38 37 23 97 11 37 111 115 120 88 116
119 8 47 58 87 77 113 11 52 109 18 54 28 3 95 107 116 16 25 48 85 75 95 29 10 15
25 50 87 36 95 23 89 73 38 100 56 85 40 9 37 102 94 109 100 118 41 12 52 23 42 96
75 57 12 37 91 25 66 21 74 15 95 72 37 94 91 3 88 19 13 8 54 10 34 40 3 14
19 72 97 119 66 94 10 32 22 25 45 112 77 8 25 44 106 47 32 16 81 87 2 81 8 96
28 57 15 25 21 31 80 22 85 33 100 110 118 61 94 34 90 27 60 72 31 108 39 36 74 47
49 20 38 12 99 68 9 82 57 85 39 20 74 73 39 82 47 78 58 110 79 114 82 46 3 13
95 68 67 5 1 50 102 109 118 104 40 65 41 99 44 58 110 56 96 57 18 95 116 64 7 76
49 54 37 82 59 14 69 92 87 51 38 117 100 25 105 9 12 42 37 34 25 78 50 27 3 21
72 100 27 120 89 64 82 91 84 20 58 111 120 14 90 23 45 104 47 84 14 20 84 64 90 54
82 59 74 61 117 84 117 84 41 89 24 6 2 65 113 116 41 58 10 106 91 67 103 10 85 30
61 48 77 69 61 4 53 71 75 6 66 7 61 94 113 10 112 104 34 39 105 23 16 40 60 70
19 102 36 45 31 1 2 2 65 40 109 38 97 110 110 85 89 59 58 18 110 33 48 7 10 100
0 16 19 18 24 18 15 21 23 21 25 15 22 16 20 22
16 0 24 24 20 20 25 21 20 17 16 18 17 18 24 21
19 24 0 17 17 16 15 16 15 22 20 18 21 19 22 25
18 24 17 0 17 22 15 17 18 15 18 22 19 23 15 23
24 20 17 17 0 19 21 18 22 18 17 16 22 19 17 22
18 20 16 22 19 0 16 20 16 20 15 18 15 20 23 23
15 25 15 15 21 16 0 22 17 23 22 17 18 16 24 15
21 21 16 17 18 20 22 0 25 16 23 19 20 16 21 21
23 20 15 18 22 16 17 25 0 19 19 25 24 15 15 24
21 17 22 15 18 20 23 16 19 0 19 17 23 17 24 22
25 16 20 18 17 15 22 23 19 19 0 17 20 16 17 16
15 18 18 22 16 18 17 19 25 17 17 0 21 24 17 20
22 17 21 19 22 15 18 20 24 23 20 21 0 23 24 17
16 18 19 23 19 20 16 16 15 17 16 24 23 0 25 20
20 24 22 15 17 23 24 21 15 24 17 17 24 25 0 18
22 21 25 23 22 23 15 21 24 22 16 20 17 20 18 0
