14
12
34 64 23 3 61 58 57 22 54 77 65 73
41 9 36 13 56 16 60 47 61 28 5 73
54 11 28 12 39 30 46 44 36 19 37 25
47 70 28 7 63 59 21 38 78 57 35 64
44 1 58 64 71 76 20 5 6 61 78 77
18 28 79 46 66 1 74 60 31 27 65 9
45 3 23 22 29 47 18 79 39 52 18 23
49 73 19 37 29 8 4 34 10 74 27 41
79 13 59 4 48 74 44 16 7 78 42 33
14 74 7 19 70 61 48 17 61 41 38 54
19 33 6 32 25 70 14 30 5 77 3 4
46 38 48 57 8 51 72 11 52 11 14 27
13 31 23 68 72 3 32 55 26 41 74 6
28 5 60 28 38 61 56 74 69 51 11 26
0 21 17 24 25 19 19 16 19 20 22 23 16 16 18 20
21 0 15 24 25 25 20 25 23 17 25 23 17 23 18 21
17 15 0 19 22 18 23 23 15 15 24 15 19 18 21 15
24 24 19 0 24 16 23 21 21 18 22 16 19 18 23 21
25 25 22 24 0 21 18 19 17 20 18 20 17 17 20 18
19 25 18 16 21 0 17 23 20 16 25 24 18 17 23 24
19 20 23 23 18 17 0 18 16 20 19 18 25 24 15 19
16 25 23 21 19 23 18 0 19 21 23 17 16 15 15 18
19 23 15 21 17 20 16 19 0 21 15 21 19 25 16 19
20 17 15 18 20 16 20 21 21 0 19 19 17 22 21 19
22 25 24 22 18 25 19 23 15 19 0 25 16 21 17 20
23 23 15 16 20 24 18 17 21 19 25 0 18 24 21 19
16 17 19 19 17 18 25 16 19 17 16 18 0 20 15 20
16 23 18 18 17 17 24 15 25 22 21 24 20 0 16 22
18 18 21 23 20 23 15 15 16 21 17 21 15 16 0 22
20 21 15 21 18 24 19 18 19 19 20 19 20 22 22 0
