14
26
98 118 29 56 92 2 99 106 5 1 19 14 107 5 70 93 67 90 105 65 90 19 34 75 101 41
10 86 35 25 33 67 19 5 100 100 3 35 24 8 116 16 7 17 68 23 25 38 20 32 38 43
33 85 68 47 85 89 71 62 97 88 81 85 110 25 103 110 57 46 67 111 81 74 87 65 104 60
100 114 10 114 87 33 28 115 112 47 80 48 76 113 56 59 14 40 115 77 6 81 100 101 104 104
88 76 74 95 60 1 65 110 114 78 109 30 29 119 99 21 38 39 9 4 117 118 105 4 108 84
116 81 83 96 42 102 60 74 7 114 41 84 31 53 52 17 81 32 110 18 34 34 108 39 4 85
84 80 31 35 69 119 63 41 51 25 30 17 64 27 46 88 12 95 37 5 88 98 50 80 57 86
118 108 67 94 6 105 49 80 98 40 33 65 37 7 76 116 67 84 103 68 13 103 83 66 91 4
96 99 84 103 17 43 43 46 1 112 120 80 40 68 43 27 67 3 51 113 67 95 4 15 107 54
106 10 70 28 63 85 3 106 70 97 83 71 24 77 56 23 4 53 80 21 34 13 48 88 37 111
36 15 19 65 118 38 90 66 31 120 92 96 95 38 13 35 82 55 12 72 118 78 92 114 96 4
45 50 51 8 96 73 4 19 9 4 45 74 48 27 76 50 46 3 80 65 9 12 83 115 16 77
5 23 75 2 5 4 27 26 102 102 4 89 112 12 116 61 62 110 25 21 56 70 16 53 67 54
56 35 26 98 41 114 14 44 82 105 4 20 110 103 9 88 15 116 101 8 54 103 72 77 91 40
0 18 24 16 20 22 20 20 22 25 19 24 25 19 17 20
18 0 24 22 21 18 17 20 21 19 15 15 25 15 25 21
24 24 0 23 24 19 25 20 22 20 19 24 19 24 18 23
16 22 23 0 24 16 22 16 18 21 24 16 17 22 21 23
20 21 24 24 0 21 23 19 17 15 15 20 15 23 24 21
22 18 19 16 21 0 17 15 21 24 18 15 16 17 25 18
20 17 25 22 23 17 0 16 19 17 16 19 22 17 19 19
20 20 20 16 19 15 16 0 25 21 23 16 18 19 16 21
22 21 22 18 17 21 19 25 0 16 24 15 25 18 16 20
25 19 20 21 15 24 17 21 16 0 25 22 22 21 24 22
19 15 19 24 15 18 16 23 24 25 0 20 16 20 22 15
24 15 24 16 20 15 19 16 15 22 20 0 17 20 21 17
25 25 19 17 15 16 22 18 25 22 16 17 0 23 22 15
19 15 24 22 23 17 17 19 18 21 20 20 23 0 19 15
17 25 18 21 24 25 19 16 16 24 22 21 22 19 0 15
20 21 23 23 21 18 19 21 20 22 15 17 15 15 15 0
