14
8
148 13 91 80 105 150 75 59
126 55 117 9 49 94 112 55
96 69 66 90 124 44 142 114
18 65 44 128 133 128 23 145
29 106 90 34 72 29 42 114
127 90 15 52 87 115 12 123
10 121 81 47 51 17 43 67
153 96 74 156 65 126 79 146
155 100 67 143 94 148 57 154
123 85 104 83 15 40 28 101
45 136 109 154 157 49 29 76
150 62 68 42 81 137 60 2
128 77 156 139 146 90 108 132
76 18 33 101 116 61 62 23
0 22 18 19 19 18 18 24 16 15 17 17 24 15 20 25
22 0 23 22 15 22 17 16 17 20 22 17 21 22 17 16
18 23 0 22 17 24 24 25 24 22 20 15 24 24 18 19
19 22 22 0 24 15 21 20 20 20 24 21 21 17 23 17
19 15 17 24 0 22 24 19 24 15 18 16 21 23 22 19
18 22 24 15 22 0 17 19 25 25 16 25 15 18 18 18
18 17 24 21 24 17 0 23 17 25 17 19 20 18 22 17
24 16 25 20 19 19 23 0 19 15 15 15 22 23 18 20
16 17 24 20 24 25 17 19 0 16 19 16 25 24 22 25
15 20 22 20 15 25 25 15 16 0 17 17 17 23 19 24
17 22 20 24 18 16 17 15 19 17 0 23 16 24 18 23
17 17 15 21 16 25 19 15 16 17 23 0 25 15 22 18
24 21 24 21 21 15 20 22 25 17 16 25 0 19 16 22
15 22 24 17 23 18 18 23 24 23 24 15 19 0 19 19
20 17 18 23 22 18 22 18 22 19 18 22 16 19 0 19
25 16 19 17 19 18 17 20 25 24 23 18 22 19 19 0
