14
20
20 29 34 37 21 6 38 13 36 22 32 13 33 14 4 2 19 29 5 24
38 3 28 1 35 36 35 9 4 23 18 11 33 15 16 36 35 36 40 10
33 21 15 6 6 20 23 2 25 24 1 24 11 37 38 12 22 18 34 34
7 22 35 38 31 37 30 21 22 19 1 11 17 18 10 6 29 17 39 40
12 30 36 4 4 1 30 38 8 36 9 26 27 8 22 15 26 38 38 10
13 15 14 6 1 6 40 18 3 38 38 24 40 10 11 25 12 8 31 28
9 15 27 40 23 17 1 21 27 1 14 4 18 24 23 5 5 40 1 14
27 1 2 5 4 4 5 6 32 14 10 1 13 15 39 11 38 26 3 23
25 12 27 27 15 30 29 31 33 34 33 3 20 1 34 36 37 33 4 25
37 22 28 36 2 12 7 18 17 7 34 17 19 29 26 9 37 19 39 17
40 34 13 35 29 11 35 22 10 1 34 6 9 38 7 37 34 14 16 4
24 29 15 3 20 26 25 10 37 11 7 35 6 10 29 6 17 19 3 34
3 7 2 32 18 13 21 21 31 2 8 40 33 22 37 39 5 38 18 27
5 37 18 39 25 24 26 38 13 28 3 6 22 39 24 25 21 39 7 40
0 23 18 23 22 24 21 17 23 19 22 20 22 21 19 17
23 0 22 24 23 19 17 24 17 17 19 19 25 20 16 16
18 22 0 23 25 24 25 19 15 24 22 23 16 23 21 21
23 24 23 0 21 17 24 22 22 22 23 24 20 22 19 17
22 23 25 21 0 15 18 19 20 21 16 25 19 21 16 20
24 19 24 17 15 0 25 16 25 23 23 15 16 21 18 17
21 17 25 24 18 25 0 18 25 24 15 21 18 15 17 18
17 24 19 22 19 16 18 0 19 16 24 25 18 23 24 21
23 17 15 22 20 25 25 19 0 22 17 16 18 24 17 19
19 17 24 22 21 23 24 16 22 0 24 21 18 17 19 20
22 19 22 23 16 23 15 24 17 24 0 25 21 22 17 15
20 19 23 24 25 15 21 25 16 21 25 0 21 20 18 22
22 25 16 20 19 16 18 18 18 18 21 21 0 21 17 18
21 20 23 22 21 21 15 23 24 17 22 20 21 0 17 17
19 16 21 19 16 18 17 24 17 19 17 18 17 17 0 22
17 16 21 17 20 17 18 21 19 20 15 22 18 17 22 0
