14
20
99 87 22 26 145 111 99 13 134 143 59 160 141 66 67 40 16 123 149 41
120 81 33 140 126 111 98 54 103 72 36 149 18 68 67 70 131 123 34 152
82 130 96 51 107 121 112 24 132 57 147 150 28 10 125 65 13 137 36 71
118 19 47 107 9 7 93 145 90 142 111 24 110 118 44 67 42 152 150 86
159 136 136 22 145 147 137 1 81 77 78 134 128 81 160 62 54 128 50 136
69 119 18 9 110 92 39 110 19 62 97 141 41 64 61 69 129 5 159 108
89 79 126 51 99 91 112 96 13 27 104 36 101 101 87 27 95 49 151 30
118 115 79 111 132 72 135 79 152 26 27 5 48 43 75 50 140 127 107 117
128 12 20 139 22 79 55 130 48 119 15 54 147 37 38 87 19 75 55 80
24 133 3 147 13 124 157 7 41 21 130 17 50 39 96 118 125 60 32 96
17 146 119 78 53 123 1 37 142 25 118 41 68 87 59 17 55 20 58 10
31 19 15 61 65 50 3 43 40 38 59 61 28 15 38 72 63 102 9 158
103 38 153 116 115 129 12 31 91 8 77 19 107 151 53 93 25 132 154 58
73 140 22 38 112 67 138 73 22 137 94 121 29 13 46 37 101 74 64 3
0 25 22 22 18 24 16 20 16 21 18 24 21 15 25 25
25 0 21 25 17 24 25 21 20 25 21 21 21 16 21 25
22 21 0 21 24 25 19 16 18 24 24 20 18 15 22 17
22 25 21 0 17 21 25 24 25 19 25 18 18 17 22 15
18 17 24 17 0 21 16 21 17 19 23 17 19 25 16 24
24 24 25 21 21 0 15 22 20 18 22 22 25 22 20 17
16 25 19 25 16 15 0 15 19 22 24 22 17 19 25 25
20 21 16 24 21 22 15 0 24 16 22 23 17 17 17 24
16 20 18 25 17 20 19 24 0 18 20 22 23 24 19 16
21 25 24 19 19 18 22 16 18 0 22 23 20 20 22 21
18 21 24 25 23 22 24 22 20 22 0 22 24 22 23 25
24 21 20 18 17 22 22 23 22 23 22 0 22 18 19 19
21 21 18 18 19 25 17 17 23 20 24 22 0 15 24 18
15 16 15 17 25 22 19 17 24 20 22 18 15 0 24 19
25 21 22 22 16 20 25 17 19 22 23 19 24 24 0 25
25 25 17 15 24 17 25 24 16 21 25 19 18 19 25 0
