14
12
16 19 14 6 16 37 32 39 33 19 18 38
35 38 8 1 9 23 5 24 22 34 37 37
31 34 29 13 29 35 16 27 25 10 37 27
1 17 15 30 3 27 10 31 17 27 37 17
38 3 6 35 4 16 11 17 14 31 38 37
33 3 23 31 28 37 40 14 37 2 11 37
3 7 2 17 3 17 11 22 2 34 16 40
24 12 4 28 29 25 8 21 6 11 39 2
12 19 23 18 7 28 24 14 10 28 8 5
20 3 1 21 12 21 15 31 18 36 6 38
35 27 24 28 33 13 27 33 39 17 36 1
2 19 14 20 9 19 2 13 17 37 6 25
11 12 36 33 10 19 17 38 33 26 14 25
13 32 34 24 21 8 34 34 11 36 35 39
0 16 22 18 19 17 18 18 23 18 24 24 21 19 23 21
16 0 22 21 18 22 16 19 20 25 22 18 15 15 24 25
22 22 0 17 24 22 16 15 18 15 15 16 18 24 16 19
18 21 17 0 24 23 24 20 16 16 17 20 20 16 18 15
19 18 24 24 0 25 25 22 20 17 21 24 20 16 22 20
17 22 22 23 25 0 25 24 21 22 15 17 25 18 23 18
18 16 16 24 25 25 0 23 24 23 17 23 22 20 20 24
18 19 15 20 22 24 23 0 20 25 20 22 18 16 18 20
23 20 18 16 20 21 24 20 0 22 15 16 16 15 24 21
18 25 15 16 17 22 23 25 22 0 22 19 21 20 25 23
24 22 15 17 21 15 17 20 15 22 0 21 22 17 24 23
24 18 16 20 24 17 23 22 16 19 21 0 23 22 25 15
21 15 18 20 20 25 22 18 16 21 22 23 0 24 25 21
19 15 24 16 16 18 20 16 15 20 17 22 24 0 16 24
23 24 16 18 22 23 20 18 24 25 24 25 25 16 0 17
21 25 19 15 20 18 24 20 21 23 23 15 21 24 17 0
