14
6
12 126 130 45 83 141 74 87 84 105 78 140 70 16
0 16 16 15 17 23 23 17 22 16 23 18 20 17 20 17
16 0 15 24 16 15 22 19 20 19 23 25 22 21 20 21
16 15 0 21 16 25 17 21 20 22 16 23 23 24 23 16
15 24 21 0 24 17 21 25 22 17 19 21 25 23 21 16
17 16 16 24 0 21 21 23 25 17 21 17 25 18 21 24
23 15 25 17 21 0 15 16 16 20 18 16 19 21 20 22
23 22 17 21 21 15 0 22 19 24 20 22 25 17 17 22
17 19 21 25 23 16 22 0 21 15 16 24 15 18 25 21
22 20 20 22 25 16 19 21 0 19 24 24 24 16 18 16
16 19 22 17 17 20 24 15 19 0 15 18 17 19 19 24
23 23 16 19 21 18 20 16 24 15 0 21 19 23 24 22
18 25 23 21 17 16 22 24 24 18 21 0 17 20 25 19
20 22 23 25 25 19 25 15 24 17 19 17 0 21 18 18
17 21 24 23 18 21 17 18 16 19 23 20 21 0 15 24
20 20 23 21 21 20 17 25 18 19 24 25 18 15 0 20
17 21 16 16 24 22 22 21 16 24 22 19 18 24 20 0
