14
6
130 85 124 94 79 80
75 28 83 86 70 19
74 13 2 30 109 30
114 151 45 143 31 23
110 44 125 88 4 100
65 26 120 85 155 104
116 44 80 56 69 50
19 25 44 10 64 68
31 36 159 9 130 17
144 72 137 9 122 101
57 54 96 122 47 108
69 113 36 27 32 147
87 155 32 131 123 50
49 35 65 105 19 44
0 22 15 20 19 20 16 18 21 25 25 24 25 23 20 17
22 0 18 18 21 20 17 23 25 19 21 17 16 18 23 18
15 18 0 23 20 16 16 24 15 15 20 15 17 21 25 20
20 18 23 0 16 18 23 24 21 19 21 20 25 21 18 25
19 21 20 16 0 25 17 15 16 21 23 17 18 19 17 24
20 20 16 18 25 0 17 23 15 25 25 17 18 19 23 21
16 17 16 23 17 17 0 17 20 20 23 21 20 25 25 15
18 23 24 24 15 23 17 0 24 25 23 24 18 15 18 19
21 25 15 21 16 15 20 24 0 23 20 18 21 17 17 21
25 19 15 19 21 25 20 25 23 0 16 24 24 24 23 20
25 21 20 21 23 25 23 23 20 16 0 19 19 22 21 15
24 17 15 20 17 17 21 24 18 24 19 0 17 19 18 18
25 16 17 25 18 18 20 18 21 24 19 17 0 22 23 18
23 18 21 21 19 19 25 15 17 24 22 19 22 0 19 21
20 23 25 18 17 23 25 18 17 23 21 18 23 19 0 23
17 18 20 25 24 21 15 19 21 20 15 18 18 21 23 0
