14
26
144 72 67 42 85 119 19 122 78 45 49 29 90 9 35 149 67 50 73 131 65 155 43 1 73 79
48 49 64 60 108 145 6 59 52 9 105 63 113 29 91 94 49 153 80 149 125 122 109 17 24 2
73 28 48 138 95 14 88 136 111 156 142 1 118 126 78 28 54 40 151 89 90 138 11 31 153 76
121 102 101 97 134 26 23 90 46 90 88 57 68 58 59 114 18 82 28 67 142 62 134 72 63 66
28 12 42 51 12 103 112 5 123 89 104 28 68 39 15 127 93 6 90 82 76 140 114 100 11 75
19 4 158 63 129 19 134 40 74 124 90 88 38 74 91 117 96 11 156 46 113 90 114 77 147 6
33 53 124 114 48 144 10 16 87 155 8 99 109 133 126 29 115 73 124 109 137 75 70 45 51 153
136 145 129 13 7 118 86 32 148 86 125 55 57 74 149 35 44 159 131 108 86 148 72 2 43 77
117 8 155 97 134 146 29 122 95 98 136 6 120 144 24 30 5 79 4 139 54 33 147 117 41 69
6 140 13 45 156 98 131 88 13 43 47 48 142 138 60 54 130 143 64 16 108 58 24 64 158 113
73 147 56 158 28 77 88 48 12 132 156 94 27 139 60 46 20 65 1 70 149 58 87 159 49 9
22 130 86 8 126 78 120 95 152 11 13 9 18 67 104 23 56 56 110 101 17 96 58 38 71 7
25 127 102 37 121 99 29 104 2 146 115 156 129 73 98 63 80 37 100 36 151 67 68 121 134 10
2 113 48 36 151 81 85 140 77 115 72 78 87 105 48 72 41 64 131 41 85 93 140 8 26 73
0 25 22 25 15 15 24 16 24 18 20 20 16 23 24 20
25 0 18 15 21 20 25 20 19 21 15 16 25 19 15 17
22 18 0 22 23 24 20 18 16 25 19 24 21 20 25 17
25 15 22 0 18 17 25 21 15 24 15 16 17 16 25 19
15 21 23 18 0 21 19 18 19 17 19 23 24 20 17 19
15 20 24 17 21 0 22 24 18 15 15 24 17 16 18 25
24 25 20 25 19 22 0 15 24 17 22 15 23 24 15 23
16 20 18 21 18 24 15 0 17 19 21 20 20 18 22 23
24 19 16 15 19 18 24 17 0 25 23 25 15 20 15 21
18 21 25 24 17 15 17 19 25 0 19 15 17 21 21 21
20 15 19 15 19 15 22 21 23 19 0 21 17 17 18 25
20 16 24 16 23 24 15 20 25 15 21 0 19 24 16 24
16 25 21 17 24 17 23 20 15 17 17 19 0 16 23 15
23 19 20 16 20 16 24 18 20 21 17 24 16 0 25 17
24 15 25 25 17 18 15 22 15 21 18 16 23 25 0 16
20 17 17 19 19 25 23 23 21 21 25 24 15 17 16 0
