14
5
103 80 52 118 85 76 3 85 79 104 40 104 72 6
0 19 24 25 18 18 20 17 23 15 23 24 25 25 20 21
19 0 21 21 25 19 19 19 17 16 19 25 15 20 22 25
24 21 0 24 16 21 17 21 18 15 16 18 20 25 24 18
25 21 24 0 16 16 18 21 25 19 17 24 19 21 25 19
18 25 16 16 0 16 19 20 16 21 17 20 24 22 16 19
18 19 21 16 16 0 18 23 17 24 16 23 19 15 25 17
20 19 17 18 19 18 0 16 15 21 16 19 19 15 16 17
17 19 21 21 20 23 16 0 23 23 16 18 17 18 20 24
23 17 18 25 16 17 15 23 0 15 18 20 20 18 16 25
15 16 15 19 21 24 21 23 15 0 25 15 25 15 18 22
23 19 16 17 17 16 16 16 18 25 0 16 18 17 18 24
24 25 18 24 20 23 19 18 20 15 16 0 17 25 19 22
25 15 20 19 24 19 19 17 20 25 18 17 0 19 18 22
25 20 25 21 22 15 15 18 18 15 17 25 19 0 23 18
20 22 24 25 16 25 16 20 16 18 18 19 18 23 0 19
21 25 18 19 19 17 17 24 25 22 24 22 22 18 19 0
