14
20
93 72 136 154 69 61 62 45 69 138 21 128 130 7 57 150 30 132 26 3
64 91 39 107 114 130 45 123 84 130 32 40 115 63 102 56 135 118 147 48
20 31 117 80 148 74 24 103 76 117 66 155 89 39 54 30 38 64 156 15
130 11 67 20 23 91 141 23 129 114 114 72 6 42 129 18 61 153 53 43
98 10 130 21 38 51 9 4 83 99 70 129 123 85 51 111 121 8 43 153
118 75 139 126 46 59 26 111 60 34 56 35 29 25 101 157 101 46 55 108
85 145 115 45 2 102 32 127 32 30 155 27 18 91 36 101 44 112 11 68
143 73 51 74 140 35 68 5 90 45 132 58 28 86 15 91 150 77 22 35
57 133 117 22 24 52 46 10 58 152 132 148 97 110 114 88 86 114 8 48
42 18 105 79 51 55 64 34 48 138 26 66 40 13 2 39 160 110 60 61
32 23 44 57 23 112 23 3 102 30 42 134 150 33 136 96 119 138 106 157
31 66 154 125 157 112 13 160 140 76 31 137 72 96 106 59 129 138 20 66
35 13 116 93 57 142 67 104 109 158 124 159 96 136 120 55 134 68 17 32
94 5 19 14 12 30 27 54 78 158 75 54 62 120 24 51 7 32 146 143
0 19 16 21 16 21 22 18 16 17 24 16 21 17 19 20
19 0 21 21 19 21 17 25 17 18 23 23 21 18 23 25
16 21 0 19 23 15 20 19 15 23 16 15 22 23 22 17
21 21 19 0 25 20 25 17 24 20 21 18 25 25 22 22
16 19 23 25 0 15 19 21 23 16 25 20 17 21 20 21
21 21 15 20 15 0 19 25 23 24 16 17 15 22 16 25
22 17 20 25 19 19 0 19 20 21 24 22 25 24 19 21
18 25 19 17 21 25 19 0 15 20 24 23 18 17 17 20
16 17 15 24 23 23 20 15 0 20 22 22 25 23 18 15
17 18 23 20 16 24 21 20 20 0 18 21 16 17 19 20
24 23 16 21 25 16 24 24 22 18 0 17 17 22 23 15
16 23 15 18 20 17 22 23 22 21 17 0 22 25 25 23
21 21 22 25 17 15 25 18 25 16 17 22 0 16 24 22
17 18 23 25 21 22 24 17 23 17 22 25 16 0 25 17
19 23 22 22 20 16 19 17 18 19 23 25 24 25 0 24
20 25 17 22 21 25 21 20 15 20 15 23 22 17 24 0
