14
10
8 21 15 8 8 30 15 17 40 4
34 25 13 20 1 30 9 7 2 31
6 8 31 12 33 26 11 17 27 36
8 14 20 36 3 10 26 30 12 12
28 4 3 11 23 23 8 10 7 10
34 7 27 23 35 24 24 30 7 6
11 22 31 26 21 12 27 11 26 28
39 33 39 3 18 33 18 35 13 32
13 29 8 12 17 27 38 4 13 16
28 10 33 16 40 37 31 16 30 37
11 31 39 2 4 24 16 37 5 28
39 37 8 18 1 6 12 25 40 12
31 21 37 25 36 17 22 31 10 33
27 16 39 14 38 13 31 8 29 28
0 24 16 21 15 21 16 17 15 16 17 20 16 23 16 17
24 0 19 24 23 19 19 22 20 23 24 15 22 19 16 19
16 19 0 25 22 19 25 24 16 18 21 20 17 22 19 20
21 24 25 0 15 15 18 20 20 19 23 23 19 23 17 15
15 23 22 15 0 21 24 15 17 23 20 22 15 21 21 17
21 19 19 15 21 0 24 21 19 24 21 25 18 15 23 24
16 19 25 18 24 24 0 21 15 19 16 19 21 23 21 17
17 22 24 20 15 21 21 0 22 18 21 22 23 19 23 16
15 20 16 20 17 19 15 22 0 22 15 19 20 17 18 15
16 23 18 19 23 24 19 18 22 0 25 18 25 22 19 25
17 24 21 23 20 21 16 21 15 25 0 20 23 24 16 21
20 15 20 23 22 25 19 22 19 18 20 0 17 16 16 22
16 22 17 19 15 18 21 23 20 25 23 17 0 22 19 17
23 19 22 23 21 15 23 19 17 22 24 16 22 0 24 21
16 16 19 17 21 23 21 23 18 19 16 16 19 24 0 21
17 19 20 15 17 24 17 16 15 25 21 22 17 21 21 0
