14
6
22 35 15 23 40 29
4 14 5 13 21 8
30 29 32 28 15 28
16 36 17 30 28 10
37 6 24 40 18 18
29 5 21 35 20 29
16 4 14 14 31 15
21 5 22 12 9 37
19 38 38 29 35 24
21 19 22 22 3 24
34 8 35 4 3 35
11 13 23 10 13 12
5 6 26 8 33 20
37 7 2 13 34 32
0 16 21 16 23 24 16 22 18 15 18 16 21 18 22 23
16 0 16 23 21 21 18 16 24 16 18 22 18 15 15 25
21 16 0 17 23 18 24 15 23 25 22 15 16 15 17 20
16 23 17 0 21 24 18 22 18 15 19 19 21 18 22 18
23 21 23 21 0 24 23 16 20 25 19 23 19 21 24 19
24 21 18 24 24 0 22 22 19 22 19 18 24 23 25 20
16 18 24 18 23 22 0 21 16 16 25 17 24 17 18 22
22 16 15 22 16 22 21 0 20 15 22 21 18 16 22 25
18 24 23 18 20 19 16 20 0 16 20 23 25 18 16 22
15 16 25 15 25 22 16 15 16 0 19 18 18 23 20 15
18 18 22 19 19 19 25 22 20 19 0 15 25 23 15 16
16 22 15 19 23 18 17 21 23 18 15 0 16 19 15 22
21 18 16 21 19 24 24 18 25 18 25 16 0 22 23 23
18 15 15 18 21 23 17 16 18 23 23 19 22 0 25 23
22 15 17 22 24 25 18 22 16 20 15 15 23 25 0 18
23 25 20 18 19 20 22 25 22 15 16 22 23 23 18 0
