14
4
114 13 88 70
103 73 97 19
112 76 79 36
44 97 71 46
46 49 10 19
20 87 9 74
88 120 15 83
95 67 77 64
120 1 45 26
23 5 88 88
111 73 62 115
76 71 7 117
47 120 70 106
102 50 83 4
0 23 24 22 16 22 17 20 22 21 18 15 23 23 20 23
23 0 16 25 24 23 21 15 19 17 25 17 23 25 20 20
24 16 0 19 21 25 21 21 25 21 23 16 20 21 15 21
22 25 19 0 23 19 24 25 20 18 18 23 16 16 24 17
16 24 21 23 0 15 24 20 17 23 23 20 19 24 21 15
22 23 25 19 15 0 18 20 23 21 22 19 24 16 16 25
17 21 21 24 24 18 0 18 17 21 17 21 18 22 17 18
20 15 21 25 20 20 18 0 21 18 21 19 23 23 18 18
22 19 25 20 17 23 17 21 0 23 23 20 21 17 15 18
21 17 21 18 23 21 21 18 23 0 17 19 25 21 22 15
18 25 23 18 23 22 17 21 23 17 0 21 22 19 22 16
15 17 16 23 20 19 21 19 20 19 21 0 16 20 21 25
23 23 20 16 19 24 18 23 21 25 22 16 0 16 21 16
23 25 21 16 24 16 22 23 17 21 19 20 16 0 16 17
20 20 15 24 21 16 17 18 15 22 22 21 21 16 0 18
23 20 21 17 15 25 18 18 18 15 16 25 16 17 18 0
