14
20
114 47 150 35 29 1 145 125 110 1 1 119 155 32 16 3 160 142 130 68
29 36 13 80 114 86 99 59 135 154 12 78 33 45 158 91 63 124 110 14
24 91 129 25 36 13 108 109 149 96 150 143 128 124 86 90 35 115 148 69
139 8 137 120 61 145 131 86 158 76 90 70 8 107 71 13 125 130 72 124
123 99 109 28 66 86 152 128 57 159 109 51 135 10 57 114 22 22 39 72
108 40 46 5 88 67 27 34 128 66 105 58 23 49 155 95 105 123 67 56
20 110 35 125 110 140 122 13 38 28 32 29 65 124 126 124 3 26 55 12
86 149 92 112 5 51 126 99 14 47 63 140 21 126 80 117 44 146 150 104
81 129 74 1 2 94 57 145 37 63 119 58 49 21 102 148 62 144 50 114
139 139 74 115 100 95 78 105 141 28 77 63 37 94 151 158 37 12 2 53
47 44 135 101 134 92 31 109 58 17 59 158 52 52 128 4 70 152 88 121
92 132 53 78 28 45 119 41 55 131 23 80 131 156 15 127 9 123 29 5
43 114 108 52 14 147 70 13 142 129 148 135 9 33 7 155 34 133 145 73
97 148 43 98 52 23 89 15 68 5 69 88 65 73 113 24 59 86 36 115
0 17 20 15 15 15 25 18 15 20 25 20 17 23 20 20
17 0 21 25 15 23 18 18 24 19 24 19 21 20 24 20
20 21 0 17 23 19 18 19 20 20 24 18 22 21 18 17
15 25 17 0 15 23 24 19 18 23 18 25 21 23 23 17
15 15 23 15 0 18 15 15 15 19 20 24 25 19 15 18
15 23 19 23 18 0 20 15 17 18 17 15 18 17 17 20
25 18 18 24 15 20 0 24 24 19 16 21 24 19 19 21
18 18 19 19 15 15 24 0 16 15 15 19 21 22 21 15
15 24 20 18 15 17 24 16 0 20 17 24 25 21 18 24
20 19 20 23 19 18 19 15 20 0 17 22 21 17 16 16
25 24 24 18 20 17 16 15 17 17 0 16 17 15 20 16
20 19 18 25 24 15 21 19 24 22 16 0 20 18 20 20
17 21 22 21 25 18 24 21 25 21 17 20 0 17 23 16
23 20 21 23 19 17 19 22 21 17 15 18 17 0 23 25
20 24 18 23 15 17 19 21 18 16 20 20 23 23 0 15
20 20 17 17 18 20 21 15 24 16 16 20 16 25 15 0
