14
18
60 63 66 39 50 46 10 36 60 16 4 1 6 18 44 71 29 50
69 6 76 13 21 51 2 74 72 67 17 75 16 20 20 15 78 56
2 21 72 69 50 62 36 14 53 37 45 76 53 3 40 47 17 69
9 79 25 4 7 67 15 60 32 5 13 2 21 6 57 9 54 9
65 26 19 71 43 30 2 9 45 41 33 32 72 46 17 34 7 19
50 53 33 76 52 52 3 79 54 78 41 74 45 50 17 73 77 1
64 78 24 40 55 54 29 53 41 27 75 76 19 30 14 49 54 37
58 79 69 49 32 31 70 48 7 70 36 65 17 55 49 22 65 1
19 61 48 46 19 59 37 79 3 9 53 1 31 37 77 21 70 47
29 72 31 29 18 68 73 41 34 2 58 65 32 38 79 22 6 8
73 56 20 59 23 74 39 24 54 4 39 42 16 47 17 26 63 77
74 54 58 38 49 66 19 15 58 21 43 66 39 17 41 75 28 61
33 3 4 55 30 61 40 46 70 59 17 17 70 23 11 10 58 8
36 45 40 59 69 26 54 69 45 15 80 41 66 11 21 67 45 73
0 17 21 23 22 20 22 16 23 23 18 20 15 16 16 25
17 0 23 20 20 20 25 22 23 25 15 21 22 18 24 22
21 23 0 18 19 24 16 21 20 23 16 16 22 23 19 23
23 20 18 0 20 25 17 21 25 24 22 25 20 17 17 23
22 20 19 20 0 22 19 21 22 24 18 21 22 24 20 20
20 20 24 25 22 0 17 23 18 25 20 19 24 24 15 23
22 25 16 17 19 17 0 15 21 23 24 19 22 17 24 22
16 22 21 21 21 23 15 0 16 18 19 18 17 17 17 23
23 23 20 25 22 18 21 16 0 25 19 24 23 24 15 17
23 25 23 24 24 25 23 18 25 0 19 25 24 24 17 16
18 15 16 22 18 20 24 19 19 19 0 16 16 23 19 15
20 21 16 25 21 19 19 18 24 25 16 0 18 21 21 24
15 22 22 20 22 24 22 17 23 24 16 18 0 22 24 15
16 18 23 17 24 24 17 17 24 24 23 21 22 0 15 21
16 24 19 17 20 15 24 17 15 17 19 21 24 15 0 18
25 22 23 23 20 23 22 23 17 16 15 24 15 21 18 0
