14
15
13 39 29 14 2 16 31 12 31 19 25 27 34 13
0 17 15 17 17 18 16 24 23 20 23 16 19 15 25 18
17 0 19 23 18 18 24 23 23 19 21 19 24 18 19 16
15 19 0 22 23 19 17 20 24 19 16 16 16 24 25 15
17 23 22 0 21 20 19 16 23 25 25 21 16 25 21 16
17 18 23 21 0 15 21 16 24 24 15 17 25 18 15 21
18 18 19 20 15 0 25 17 23 18 16 17 22 22 24 25
16 24 17 19 21 25 0 23 22 24 15 16 15 16 20 19
24 23 20 16 16 17 23 0 24 21 21 19 18 25 25 18
23 23 24 23 24 23 22 24 0 19 18 24 15 19 15 21
20 19 19 25 24 18 24 21 19 0 19 16 21 23 19 17
23 21 16 25 15 16 15 21 18 19 0 25 21 20 16 23
16 19 16 21 17 17 16 19 24 16 25 0 22 18 24 19
19 24 16 16 25 22 15 18 15 21 21 22 0 15 17 20
15 18 24 25 18 22 16 25 19 23 20 18 15 0 23 15
25 19 25 21 15 24 20 25 15 19 16 24 17 23 0 16
18 16 15 16 21 25 19 18 21 17 23 19 20 15 16 0
