14
7
150 7 128 114 36 15 43 40 154 95 127 74 18 87
0 16 24 19 23 23 22 21 24 18 20 16 25 15 17 16
16 0 19 25 19 23 17 19 23 18 19 17 22 25 17 22
24 19 0 19 18 24 16 24 19 20 24 18 16 23 23 25
19 25 19 0 25 25 17 20 18 20 25 18 16 25 18 24
23 19 18 25 0 21 21 23 18 20 25 20 20 20 23 20
23 23 24 25 21 0 16 21 16 23 25 18 16 21 15 21
22 17 16 17 21 16 0 20 18 21 18 17 18 24 24 16
21 19 24 20 23 21 20 0 23 21 21 16 24 22 24 17
24 23 19 18 18 16 18 23 0 19 17 22 17 25 15 15
18 18 20 20 20 23 21 21 19 0 15 23 23 16 18 16
20 19 24 25 25 25 18 21 17 15 0 22 17 23 21 19
16 17 18 18 20 18 17 16 22 23 22 0 25 19 15 18
25 22 16 16 20 16 18 24 17 23 17 25 0 15 20 17
15 25 23 25 20 21 24 22 25 16 23 19 15 0 21 18
17 17 23 18 23 15 24 24 15 18 21 15 20 21 0 25
16 22 25 24 20 21 16 17 15 16 19 18 17 18 25 0
