14
16
7 101 102 2 68 32 94 88 82 1 76 107 106 4
0 15 18 15 23 16 22 15 15 20 15 20 15 18 20 25
15 0 24 19 19 25 24 24 20 23 16 22 19 22 22 22
18 24 0 19 21 20 18 17 18 21 21 24 24 15 16 19
15 19 19 0 21 19 24 24 15 20 21 22 18 18 17 24
23 19 21 21 0 23 21 24 23 24 20 22 21 25 18 24
16 25 20 19 23 0 16 20 20 23 20 23 19 25 21 17
22 24 18 24 21 16 0 23 18 15 17 19 22 21 15 22
15 24 17 24 24 20 23 0 21 15 23 19 15 21 21 21
15 20 18 15 23 20 18 21 0 22 18 23 24 20 20 20
20 23 21 20 24 23 15 15 22 0 23 21 15 22 22 18
15 16 21 21 20 20 17 23 18 23 0 17 16 17 15 24
20 22 24 22 22 23 19 19 23 21 17 0 15 17 19 23
15 19 24 18 21 19 22 15 24 15 16 15 0 16 25 16
18 22 15 18 25 25 21 21 20 22 17 17 16 0 23 24
20 22 16 17 18 21 15 21 20 22 15 19 25 23 0 18
25 22 19 24 24 17 22 21 20 18 24 23 16 24 18 0
