14
8
46 19 95 42 69 101 102 117 79 57 51 36 44 110
0 20 24 25 20 22 16 22 22 24 24 17 22 17 18 23
20 0 15 18 25 16 24 20 25 18 20 19 24 16 18 21
24 15 0 18 24 21 20 17 25 20 18 19 24 22 20 20
25 18 18 0 19 19 24 18 23 17 25 20 19 23 23 19
20 25 24 19 0 16 15 25 16 22 16 24 22 16 16 21
22 16 21 19 16 0 17 16 22 19 25 25 24 21 22 25
16 24 20 24 15 17 0 17 17 16 23 16 18 23 18 18
22 20 17 18 25 16 17 0 17 20 18 19 15 25 16 22
22 25 25 23 16 22 17 17 0 15 20 23 24 25 18 17
24 18 20 17 22 19 16 20 15 0 23 17 17 20 17 15
24 20 18 25 16 25 23 18 20 23 0 19 16 24 25 23
17 19 19 20 24 25 16 19 23 17 19 0 25 15 21 17
22 24 24 19 22 24 18 15 24 17 16 25 0 25 20 19
17 16 22 23 16 21 23 25 25 20 24 15 25 0 20 17
18 18 20 23 16 22 18 16 18 17 25 21 20 20 0 15
23 21 20 19 21 25 18 22 17 15 23 17 19 17 15 0
