14
4
54 4 58 48 79 30 30 25 76 12 77 70 78 74
0 19 24 21 17 19 24 21 22 18 21 15 17 16 19 24
19 0 18 21 16 15 21 24 20 19 16 22 16 17 15 19
24 18 0 22 22 20 22 18 17 15 19 24 16 22 20 21
21 21 22 0 23 20 17 24 23 23 25 16 21 23 19 21
17 16 22 23 0 23 20 15 21 24 25 21 17 15 19 24
19 15 20 20 23 0 23 20 23 23 24 19 19 23 17 21
24 21 22 17 20 23 0 17 24 17 24 24 17 24 24 15
21 24 18 24 15 20 17 0 20 17 20 22 25 24 18 23
22 20 17 23 21 23 24 20 0 17 22 19 20 20 15 19
18 19 15 23 24 23 17 17 17 0 24 25 15 24 16 23
21 16 19 25 25 24 24 20 22 24 0 18 25 18 24 21
15 22 24 16 21 19 24 22 19 25 18 0 20 25 20 17
17 16 16 21 17 19 17 25 20 15 25 20 0 15 20 16
16 17 22 23 15 23 24 24 20 24 18 25 15 0 16 20
19 15 20 19 19 17 24 18 15 16 24 20 20 16 0 23
24 19 21 21 24 21 15 23 19 23 21 17 16 20 23 0
