14
26
17 24 8 25 15 12 19 22 37 17 20 38 9 8 9 9 22 14 31 6 14 33 37 7 21 28
14 1 12 5 38 4 15 28 18 37 29 3 10 8 6 32 28 23 27 23 5 25 38 9 3 17
40 1 27 40 1 9 23 13 15 21 6 18 8 13 14 5 8 23 13 28 14 23 35 10 39 22
35 27 35 19 10 32 1 5 9 12 40 31 9 26 16 21 38 30 25 27 4 19 40 17 37 28
6 3 12 13 17 17 13 17 16 11 32 17 36 20 26 30 32 26 37 1 36 1 15 24 26 39
10 21 3 22 1 8 7 7 1 15 8 30 19 39 29 8 7 37 38 12 30 38 38 12 20 14
28 11 4 36 13 13 4 14 32 14 8 8 17 5 7 12 10 32 7 39 25 9 33 29 14 17
18 39 6 16 12 32 27 28 18 13 2 1 10 34 2 36 18 36 21 32 16 33 6 38 33 23
37 1 40 10 10 28 22 30 12 34 20 14 23 40 5 13 25 38 25 20 32 24 37 33 20 25
38 30 36 40 11 10 36 7 33 38 4 22 24 19 14 21 14 1 30 6 26 18 13 9 7 2
37 36 7 11 38 1 3 8 30 4 23 37 33 7 14 8 9 10 30 21 18 13 38 37 8 10
32 26 35 24 40 22 25 27 12 40 34 17 7 16 26 34 30 16 11 39 13 27 7 25 16 29
31 17 29 16 7 17 28 20 38 13 27 36 30 11 15 21 39 3 11 2 11 38 20 26 15 27
15 38 11 11 36 16 26 21 17 20 6 2 15 39 26 10 22 26 7 31 22 31 27 25 1 24
0 20 25 20 16 23 21 25 18 18 21 18 19 19 16 23
20 0 15 23 22 16 23 16 24 15 20 16 24 25 20 21
25 15 0 25 15 19 22 17 22 21 16 22 20 18 20 15
20 23 25 0 18 19 25 20 24 24 21 18 20 16 15 24
16 22 15 18 0 15 21 15 17 16 22 23 18 20 24 19
23 16 19 19 15 0 24 18 23 23 25 18 23 20 25 25
21 23 22 25 21 24 0 21 21 16 16 21 19 15 17 24
25 16 17 20 15 18 21 0 22 20 21 19 25 23 24 15
18 24 22 24 17 23 21 22 0 25 19 17 19 18 25 25
18 15 21 24 16 23 16 20 25 0 24 17 16 19 20 15
21 20 16 21 22 25 16 21 19 24 0 17 21 21 22 23
18 16 22 18 23 18 21 19 17 17 17 0 22 19 22 18
19 24 20 20 18 23 19 25 19 16 21 22 0 18 23 19
19 25 18 16 20 20 15 23 18 19 21 19 18 0 19 22
16 20 20 15 24 25 17 24 25 20 22 22 23 19 0 15
23 21 15 24 19 25 24 15 25 15 23 18 19 22 15 0
