14
13
37 20 20 38 9 30 31 40 32 29 39 32 28 15
0 24 17 20 21 15 17 18 21 16 17 16 21 21 16 20
24 0 22 19 19 16 19 23 21 25 16 15 23 20 15 18
17 22 0 25 16 16 20 22 25 19 23 19 23 17 23 24
20 19 25 0 23 24 19 22 16 24 22 18 25 22 23 23
21 19 16 23 0 22 23 25 17 25 17 21 17 22 25 25
15 16 16 24 22 0 21 22 22 22 23 24 21 23 22 15
17 19 20 19 23 21 0 15 18 19 24 19 16 20 17 19
18 23 22 22 25 22 15 0 19 15 17 22 17 19 16 18
21 21 25 16 17 22 18 19 0 23 25 17 22 16 19 21
16 25 19 24 25 22 19 15 23 0 23 24 23 23 20 18
17 16 23 22 17 23 24 17 25 23 0 15 24 25 24 22
16 15 19 18 21 24 19 22 17 24 15 0 15 23 15 21
21 23 23 25 17 21 16 17 22 23 24 15 0 24 18 23
21 20 17 22 22 23 20 19 16 23 25 23 24 0 20 20
16 15 23 23 25 22 17 16 19 20 24 15 18 20 0 19
20 18 24 23 25 15 19 18 21 18 22 21 23 20 19 0
