14
14
16 35 52 19 37 18 10 10 8 33 22 46 79 45
0 22 16 19 24 16 15 19 20 20 15 20 20 23 16 19
22 0 20 19 15 20 16 16 22 19 15 21 24 19 24 15
16 20 0 25 25 20 20 17 19 23 25 24 19 22 23 25
19 19 25 0 15 21 22 18 21 18 20 16 21 21 21 25
24 15 25 15 0 23 18 25 23 23 23 16 21 25 17 20
16 20 20 21 23 0 16 21 16 17 17 20 15 19 16 16
15 16 20 22 18 16 0 16 24 22 18 18 20 16 17 24
19 16 17 18 25 21 16 0 25 23 21 18 19 25 23 18
20 22 19 21 23 16 24 25 0 16 19 19 15 20 15 24
20 19 23 18 23 17 22 23 16 0 15 25 23 19 21 23
15 15 25 20 23 17 18 21 19 15 0 20 17 25 24 17
20 21 24 16 16 20 18 18 19 25 20 0 20 19 22 17
20 24 19 21 21 15 20 19 15 23 17 20 0 23 21 19
23 19 22 21 25 19 16 25 20 19 25 19 23 0 21 25
16 24 23 21 17 16 17 23 15 21 24 22 21 21 0 25
19 15 25 25 20 16 24 18 24 23 17 17 19 25 25 0
