14
18
1 73 155 140 13 70 48 47 94 40 128 55 101 81 103 113 40 139
91 25 96 98 39 123 107 111 126 159 149 59 66 79 48 128 69 124
79 122 158 17 46 83 111 25 76 33 64 66 132 126 52 3 94 26
79 129 111 150 92 115 133 32 153 94 71 155 25 83 6 99 95 80
159 95 117 6 85 109 100 86 75 4 32 10 17 118 38 126 24 120
16 51 100 147 122 33 134 64 13 65 6 35 8 124 141 62 83 13
13 6 45 146 114 29 94 48 130 47 66 70 153 52 69 41 111 7
60 124 77 84 47 153 17 140 38 67 157 90 146 71 22 137 5 137
149 8 92 97 7 14 108 62 136 125 155 111 120 39 30 147 149 67
117 151 79 157 19 27 103 91 107 137 133 153 49 65 32 90 152 14
141 62 89 83 33 122 109 54 116 16 147 38 124 143 2 62 31 38
122 137 151 111 155 99 7 81 92 67 64 150 44 64 79 21 81 148
124 100 33 40 158 22 19 39 49 128 10 96 156 1 82 158 89 156
74 157 12 16 5 116 142 99 51 62 109 113 123 160 41 102 18 84
0 17 22 23 18 22 22 20 24 15 15 23 16 24 16 21
17 0 18 19 16 25 25 21 15 20 19 20 15 20 18 18
22 18 0 20 19 18 21 24 18 20 21 22 15 15 25 15
23 19 20 0 24 21 17 18 15 22 19 17 25 15 25 15
18 16 19 24 0 18 20 24 20 24 25 18 22 15 19 17
22 25 18 21 18 0 19 19 21 20 25 16 15 16 18 19
22 25 21 17 20 19 0 21 20 16 18 18 16 25 15 20
20 21 24 18 24 19 21 0 20 23 16 20 25 19 24 16
24 15 18 15 20 21 20 20 0 15 22 22 17 17 17 18
15 20 20 22 24 20 16 23 15 0 23 22 22 22 19 17
15 19 21 19 25 25 18 16 22 23 0 19 15 19 22 20
23 20 22 17 18 16 18 20 22 22 19 0 15 20 22 25
16 15 15 25 22 15 16 25 17 22 15 15 0 25 24 25
24 20 15 15 15 16 25 19 17 22 19 20 25 0 16 15
16 18 25 25 19 18 15 24 17 19 22 22 24 16 0 15
21 18 15 15 17 19 20 16 18 17 20 25 25 15 15 0
