14
5
2 16 30 34 19 18 17 36 35 37 13 32 25 6
0 16 21 19 19 24 21 19 23 24 24 16 18 19 23 20
16 0 20 22 17 18 20 25 18 23 22 23 18 23 16 15
21 20 0 22 18 25 18 23 21 22 17 19 17 16 21 22
19 22 22 0 19 16 15 17 24 24 15 23 21 19 15 15
19 17 18 19 0 17 16 21 19 23 25 20 18 22 20 19
24 18 25 16 17 0 22 19 17 18 19 23 15 15 17 16
21 20 18 15 16 22 0 19 18 16 19 20 17 17 17 25
19 25 23 17 21 19 19 0 24 25 22 21 17 16 19 22
23 18 21 24 19 17 18 24 0 21 22 22 21 20 18 24
24 23 22 24 23 18 16 25 21 0 24 17 19 23 22 16
24 22 17 15 25 19 19 22 22 24 0 23 16 18 17 16
16 23 19 23 20 23 20 21 22 17 23 0 23 17 23 23
18 18 17 21 18 15 17 17 21 19 16 23 0 22 15 15
19 23 16 19 22 15 17 16 20 23 18 17 22 0 25 20
23 16 21 15 20 17 17 19 18 22 17 23 15 25 0 24
20 15 22 15 19 16 25 22 24 16 16 23 15 20 24 0
