14
15
24 63 55 53 56 34 60 28 38 34 47 34 21 32
0 20 24 15 20 21 24 20 15 17 23 22 25 21 17 23
20 0 21 23 16 16 25 20 15 15 24 19 23 18 23 20
24 21 0 21 24 15 15 22 19 18 20 16 24 20 24 20
15 23 21 0 25 20 21 22 25 19 19 22 19 17 20 15
20 16 24 25 0 20 22 16 15 24 18 25 22 20 19 16
21 16 15 20 20 0 25 23 18 23 24 16 24 19 16 21
24 25 15 21 22 25 0 24 18 20 20 16 24 17 21 24
20 20 22 22 16 23 24 0 17 16 18 17 24 18 17 21
15 15 19 25 15 18 18 17 0 22 19 22 18 20 25 20
17 15 18 19 24 23 20 16 22 0 22 22 22 20 16 24
23 24 20 19 18 24 20 18 19 22 0 21 18 23 19 22
22 19 16 22 25 16 16 17 22 22 21 0 23 22 20 21
25 23 24 19 22 24 24 24 18 22 18 23 0 24 24 22
21 18 20 17 20 19 17 18 20 20 23 22 24 0 24 18
17 23 24 20 19 16 21 17 25 16 19 20 24 24 0 22
23 20 20 15 16 21 24 21 20 24 22 21 22 18 22 0
