14
26
32 99 82 116 3 90 49 65 30 114 86 13 21 26 94 72 76 46 16 100 45 99 79 83 53 117
50 21 80 25 108 76 47 87 108 59 11 55 87 103 76 12 92 30 95 3 70 64 66 71 32 9
44 4 106 2 111 95 108 52 44 56 1 118 115 46 81 1 105 4 24 63 61 40 29 92 29 86
47 109 65 78 16 39 4 98 52 74 2 13 96 36 31 51 33 57 92 53 47 22 46 84 29 110
76 76 47 9 40 58 106 79 3 5 93 50 75 101 23 109 58 87 53 107 116 2 67 83 65 104
111 89 33 85 27 101 100 61 103 61 119 64 98 82 79 56 68 38 2 9 45 15 106 46 6 70
81 7 10 51 17 18 108 64 13 98 108 40 67 83 8 9 50 93 2 98 106 26 54 99 29 1
1 22 35 114 115 115 31 1 60 54 32 23 105 115 96 99 85 89 34 14 32 105 48 75 89 114
46 41 49 118 16 32 32 76 17 107 44 4 69 103 83 10 107 13 88 24 31 45 83 114 5 36
109 98 99 2 35 89 72 74 48 84 13 111 81 38 108 82 48 10 68 45 30 21 100 101 104 77
71 106 65 112 109 28 38 76 34 22 85 67 97 55 39 6 6 102 95 94 82 101 118 75 32 118
93 1 66 11 79 93 78 53 39 119 77 15 21 86 42 81 102 33 57 83 96 107 14 22 73 3
105 58 114 18 25 103 53 90 14 41 83 120 101 78 111 56 15 39 86 106 62 76 36 98 3 89
66 38 64 27 107 29 29 37 91 62 12 88 28 22 29 103 13 96 85 17 90 14 108 112 56 109
0 24 18 20 15 20 22 16 16 23 21 18 15 20 25 25
24 0 20 21 24 15 23 17 15 24 21 15 18 16 18 18
18 20 0 23 20 20 15 18 21 16 18 24 16 15 22 23
20 21 23 0 18 21 19 15 25 22 19 20 22 15 17 18
15 24 20 18 0 16 15 19 21 16 18 25 16 16 18 17
20 15 20 21 16 0 24 22 24 17 18 17 16 23 24 24
22 23 15 19 15 24 0 15 17 18 25 15 15 22 20 21
16 17 18 15 19 22 15 0 19 18 16 23 21 16 25 23
16 15 21 25 21 24 17 19 0 18 19 17 18 21 16 25
23 24 16 22 16 17 18 18 18 0 20 18 17 24 23 16
21 21 18 19 18 18 25 16 19 20 0 15 22 18 22 19
18 15 24 20 25 17 15 23 17 18 15 0 22 25 15 15
15 18 16 22 16 16 15 21 18 17 22 22 0 15 24 23
20 16 15 15 16 23 22 16 21 24 18 25 15 0 17 20
25 18 22 17 18 24 20 25 16 23 22 15 24 17 0 23
25 18 23 18 17 24 21 23 25 16 19 15 23 20 23 0
