14
7
15 4 8 74 59 8 66 10 76 8 50 65 16 34
0 21 16 17 17 18 20 23 17 17 18 17 16 22 24 16
21 0 22 18 17 16 23 24 20 16 18 25 15 17 18 21
16 22 0 22 16 21 20 21 16 20 18 15 20 15 23 15
17 18 22 0 21 18 18 22 24 23 23 21 16 24 21 18
17 17 16 21 0 18 16 20 23 16 15 18 21 18 19 17
18 16 21 18 18 0 15 22 25 20 21 24 18 19 21 22
20 23 20 18 16 15 0 18 25 19 17 16 23 23 16 19
23 24 21 22 20 22 18 0 23 19 21 25 25 20 22 16
17 20 16 24 23 25 25 23 0 20 18 24 18 23 17 17
17 16 20 23 16 20 19 19 20 0 15 20 24 15 20 19
18 18 18 23 15 21 17 21 18 15 0 25 18 15 23 18
17 25 15 21 18 24 16 25 24 20 25 0 18 20 22 24
16 15 20 16 21 18 23 25 18 24 18 18 0 21 20 16
22 17 15 24 18 19 23 20 23 15 15 20 21 0 23 21
24 18 23 21 19 21 16 22 17 20 23 22 20 23 0 25
16 21 15 18 17 22 19 16 17 19 18 24 16 21 25 0
