14
22
38 95 14 145 80 115 119 36 12 108 61 33 112 50 102 51 157 36 126 159 156 59
4 46 151 142 112 124 154 39 61 15 61 143 58 60 147 96 112 70 74 61 19 91
52 5 86 52 144 19 69 121 105 91 39 52 26 26 46 42 100 10 160 29 68 56
130 78 155 25 95 111 88 37 124 89 58 84 40 151 3 157 80 17 69 104 14 12
87 122 57 158 99 90 26 34 76 83 46 92 85 157 114 129 40 114 101 61 114 79
92 26 109 3 31 18 61 3 16 80 109 10 104 97 7 143 52 34 111 45 118 18
99 10 86 27 144 119 86 42 42 134 156 158 159 1 31 107 4 39 115 56 32 34
15 106 141 7 158 28 11 112 105 34 142 38 157 105 119 126 87 129 103 8 88 118
120 144 67 68 36 66 13 41 17 3 112 12 64 95 71 73 12 58 82 23 97 48
71 97 47 121 143 80 107 9 40 56 151 140 22 105 71 19 144 25 95 19 81 93
36 42 51 115 106 26 98 4 75 17 129 96 80 145 45 131 13 119 127 150 119 55
138 63 37 39 34 83 27 50 106 97 158 25 95 71 33 93 134 129 121 102 133 155
88 91 105 160 117 77 54 96 79 116 41 20 85 7 58 30 13 53 126 93 31 7
46 89 152 85 96 65 119 101 157 63 21 158 160 142 141 61 45 146 152 135 30 13
0 18 16 17 19 19 16 22 18 21 20 24 15 24 20 22
18 0 16 20 24 17 25 21 15 23 15 17 15 23 22 24
16 16 0 18 22 19 18 21 17 22 20 16 20 23 24 23
17 20 18 0 19 15 17 16 17 15 25 21 18 19 25 21
19 24 22 19 0 21 25 25 15 16 23 25 17 24 21 18
19 17 19 15 21 0 20 20 18 24 25 23 24 23 24 24
16 25 18 17 25 20 0 16 15 18 24 22 20 24 22 21
22 21 21 16 25 20 16 0 24 21 19 23 16 20 15 15
18 15 17 17 15 18 15 24 0 22 15 20 25 24 24 21
21 23 22 15 16 24 18 21 22 0 16 24 16 17 21 22
20 15 20 25 23 25 24 19 15 16 0 18 18 23 22 21
24 17 16 21 25 23 22 23 20 24 18 0 22 16 25 22
15 15 20 18 17 24 20 16 25 16 18 22 0 18 19 21
24 23 23 19 24 23 24 20 24 17 23 16 18 0 16 23
20 22 24 25 21 24 22 15 24 21 22 25 19 16 0 24
22 24 23 21 18 24 21 15 21 22 21 22 21 23 24 0
