14
12
11 24 17 12 23 40 17 15 2 4 19 37 6 26
0 23 15 16 19 20 21 20 17 24 18 23 19 16 25 20
23 0 25 16 20 18 25 22 23 22 19 22 15 19 20 20
15 25 0 23 23 20 24 22 18 19 21 24 21 15 24 21
16 16 23 0 16 25 25 22 15 22 17 24 19 22 20 25
19 20 23 16 0 25 22 18 25 24 16 20 24 19 16 20
20 18 20 25 25 0 20 22 17 19 24 17 16 20 25 20
21 25 24 25 22 20 0 23 18 17 16 17 20 20 21 19
20 22 22 22 18 22 23 0 21 16 19 20 15 25 23 18
17 23 18 15 25 17 18 21 0 19 22 24 25 25 21 25
24 22 19 22 24 19 17 16 19 0 15 21 22 24 19 16
18 19 21 17 16 24 16 19 22 15 0 18 15 19 22 15
23 22 24 24 20 17 17 20 24 21 18 0 18 20 22 21
19 15 21 19 24 16 20 15 25 22 15 18 0 17 20 20
16 19 15 22 19 20 20 25 25 24 19 20 17 0 22 25
25 20 24 20 16 25 21 23 21 19 22 22 20 22 0 21
20 20 21 25 20 20 19 18 25 16 15 21 20 25 21 0
