14
24
120 5 82 121 123 153 112 43 97 75 106 114 54 127 85 53 112 153 40 112 151 142 74 154
124 127 102 111 133 85 156 31 133 115 3 160 126 10 26 102 89 35 106 56 2 108 98 110
6 115 33 55 133 20 106 153 92 99 98 8 152 81 47 122 112 48 25 120 157 111 40 75
119 62 99 121 134 148 153 156 97 100 26 122 71 135 1 75 64 9 47 13 153 126 159 116
37 107 117 34 81 145 4 13 129 136 105 30 85 130 59 78 125 31 63 67 55 30 57 158
12 61 118 26 156 19 33 151 97 147 41 22 104 96 52 53 51 139 57 150 2 139 105 117
68 121 100 159 30 81 130 76 63 40 10 25 88 114 15 160 89 106 80 155 117 131 27 77
11 80 74 67 39 61 8 134 16 29 143 111 106 54 37 80 135 119 27 6 56 40 13 145
43 25 49 24 100 61 5 22 143 135 38 136 41 83 79 157 64 17 48 136 73 138 150 33
125 3 46 50 105 13 143 75 142 72 40 115 39 10 137 156 127 65 89 56 124 121 109 45
121 139 43 24 67 105 50 78 25 48 119 72 110 6 155 68 123 118 34 14 21 31 153 92
60 47 8 39 18 119 112 118 62 133 52 126 121 6 142 122 1 43 155 2 67 66 15 135
66 146 82 41 64 37 124 28 18 140 40 55 21 133 139 7 29 33 94 55 72 159 40 104
85 96 12 24 56 104 108 43 34 93 143 144 113 87 48 34 78 122 12 70 137 127 123 62
0 25 23 16 25 17 15 22 24 16 15 19 24 25 16 22
25 0 19 23 17 17 23 19 19 15 25 19 21 19 16 20
23 19 0 16 23 21 25 18 23 15 20 18 23 19 24 18
16 23 16 0 17 16 20 20 17 19 18 21 17 22 19 17
25 17 23 17 0 25 17 16 24 19 19 18 25 24 17 23
17 17 21 16 25 0 24 16 16 16 20 24 20 16 18 17
15 23 25 20 17 24 0 22 22 17 21 21 24 23 18 15
22 19 18 20 16 16 22 0 15 20 24 19 17 15 25 25
24 19 23 17 24 16 22 15 0 22 21 22 24 24 16 16
16 15 15 19 19 16 17 20 22 0 18 21 24 19 18 21
15 25 20 18 19 20 21 24 21 18 0 20 16 24 20 21
19 19 18 21 18 24 21 19 22 21 20 0 21 15 16 21
24 21 23 17 25 20 24 17 24 24 16 21 0 16 22 24
25 19 19 22 24 16 23 15 24 19 24 15 16 0 17 15
16 16 24 19 17 18 18 25 16 18 20 16 22 17 0 24
22 20 18 17 23 17 15 25 16 21 21 21 24 15 24 0
