14
5
17 24 8 25 15 12 19 22 37 17 20 38 9 8
0 25 17 17 20 18 22 16 18 25 23 24 16 20 21 18
25 0 15 17 16 24 25 15 18 21 19 24 22 15 17 16
17 15 0 16 22 21 20 21 20 16 21 24 17 15 19 24
17 17 16 0 15 21 24 15 17 20 25 18 18 20 16 19
20 16 22 15 0 16 25 18 18 16 16 25 20 18 21 18
18 24 21 21 16 0 20 23 17 24 20 23 21 23 19 17
22 25 20 24 25 20 0 22 15 16 17 17 24 22 17 21
16 15 21 15 18 23 22 0 18 25 20 24 22 21 21 15
18 18 20 17 18 17 15 18 0 19 24 19 24 21 16 25
25 21 16 20 16 24 16 25 19 0 15 17 18 19 19 25
23 19 21 25 16 20 17 20 24 15 0 18 25 19 18 17
24 24 24 18 25 23 17 24 19 17 18 0 22 19 23 19
16 22 17 18 20 21 24 22 24 18 25 22 0 21 22 22
20 15 15 20 18 23 22 21 21 19 19 19 21 0 21 24
21 17 19 16 21 19 17 21 16 19 18 23 22 21 0 15
18 16 24 19 18 17 21 15 25 25 17 19 22 24 15 0
