14
20
65 47 13 69 44 10 1 21 41 65 56 17 69 79 7 76 8 23 76 31
62 3 77 41 33 71 66 51 35 33 78 56 9 51 60 33 12 14 7 79
21 7 32 23 12 5 51 27 62 63 3 15 78 56 76 17 51 5 76 76
62 49 15 48 60 17 66 46 72 14 73 36 22 67 59 68 7 48 17 8
74 72 80 53 29 26 4 27 23 77 64 3 37 18 73 48 33 21 58 66
70 79 13 49 43 14 78 39 41 24 30 60 80 23 3 63 57 79 73 64
24 65 49 67 53 61 38 14 26 57 62 71 25 19 45 31 75 74 74 53
27 41 49 22 76 15 36 77 65 5 71 7 32 19 13 3 58 74 32 8
66 66 54 41 24 34 20 18 77 3 36 64 4 73 67 57 22 31 34 67
32 54 7 17 4 11 21 48 36 71 37 11 44 28 64 80 5 71 68 80
45 64 44 22 54 16 17 41 36 40 52 66 67 7 5 74 24 38 66 10
59 31 23 79 76 1 56 75 11 80 78 3 23 57 13 52 29 15 42 34
48 37 33 3 39 30 64 33 54 59 21 52 65 6 72 69 75 20 43 1
71 64 12 44 68 56 77 29 71 13 1 59 56 65 14 28 15 59 17 14
0 21 22 20 17 18 21 22 22 22 24 20 21 21 21 16
21 0 22 19 15 25 23 18 24 25 25 20 23 17 23 23
22 22 0 17 16 24 25 22 24 24 19 19 22 24 18 25
20 19 17 0 17 15 15 24 21 19 22 24 16 25 21 19
17 15 16 17 0 23 21 22 16 22 22 22 20 21 25 21
18 25 24 15 23 0 19 21 24 15 24 23 22 24 16 20
21 23 25 15 21 19 0 16 18 20 16 19 21 19 18 16
22 18 22 24 22 21 16 0 17 16 17 22 21 19 21 22
22 24 24 21 16 24 18 17 0 25 20 23 25 15 17 17
22 25 24 19 22 15 20 16 25 0 20 24 24 24 18 25
24 25 19 22 22 24 16 17 20 20 0 20 16 18 24 19
20 20 19 24 22 23 19 22 23 24 20 0 17 16 16 18
21 23 22 16 20 22 21 21 25 24 16 17 0 23 15 22
21 17 24 25 21 24 19 19 15 24 18 16 23 0 22 20
21 23 18 21 25 16 18 21 17 18 24 16 15 22 0 18
16 23 25 19 21 20 16 22 17 25 19 18 22 20 18 0
