14
6
19 33 1 26 2 6
30 11 31 40 29 18
31 35 26 4 5 6
8 39 30 14 28 18
27 24 17 5 32 20
23 33 7 4 14 10
36 19 24 21 7 25
13 6 30 27 18 20
24 36 36 39 1 25
14 39 29 31 36 16
24 11 16 38 34 38
17 10 17 36 37 27
31 4 11 35 13 8
1 21 37 40 20 25
0 21 23 18 25 22 17 17 22 15 24 24 19 20 22 19
21 0 20 22 15 16 19 17 24 25 19 24 20 18 25 18
23 20 0 24 24 16 24 23 22 23 18 24 22 16 19 20
18 22 24 0 15 22 18 21 22 17 18 23 15 18 15 17
25 15 24 15 0 21 21 19 24 24 20 17 17 18 24 24
22 16 16 22 21 0 23 15 21 19 19 17 16 18 20 17
17 19 24 18 21 23 0 19 24 24 21 20 18 20 15 22
17 17 23 21 19 15 19 0 24 16 17 23 22 20 18 25
22 24 22 22 24 21 24 24 0 15 21 22 18 16 19 19
15 25 23 17 24 19 24 16 15 0 16 16 20 25 22 16
24 19 18 18 20 19 21 17 21 16 0 15 25 22 22 17
24 24 24 23 17 17 20 23 22 16 15 0 24 18 18 21
19 20 22 15 17 16 18 22 18 20 25 24 0 17 23 22
20 18 16 18 18 18 20 20 16 25 22 18 17 0 18 24
22 25 19 15 24 20 15 18 19 22 22 18 23 18 0 15
19 18 20 17 24 17 22 25 19 16 17 21 22 24 15 0
