14
8
89 47 34 93 59 27 33 134
98 125 51 41 9 147 35 83
46 35 34 145 44 21 138 129
31 85 129 158 12 39 132 79
46 46 129 42 84 77 48 54
35 102 77 12 52 147 127 81
92 105 25 52 53 158 12 6
37 151 78 149 1 89 109 45
7 140 91 29 140 88 45 62
111 13 84 27 47 25 98 142
102 160 78 98 149 21 19 127
142 110 155 61 109 105 63 43
91 12 129 99 22 73 106 48
152 123 60 27 65 17 116 38
0 20 19 19 21 16 21 19 19 23 17 16 23 22 16 16
20 0 19 20 19 24 25 23 16 23 19 23 23 22 24 18
19 19 0 20 25 23 17 22 16 19 17 20 23 21 19 21
19 20 20 0 17 22 21 17 17 21 19 25 17 21 21 23
21 19 25 17 0 18 24 22 23 24 16 22 20 18 20 25
16 24 23 22 18 0 22 24 17 21 22 24 18 15 15 22
21 25 17 21 24 22 0 17 16 18 23 16 20 24 18 18
19 23 22 17 22 24 17 0 25 17 19 21 20 25 20 16
19 16 16 17 23 17 16 25 0 19 24 21 18 22 18 17
23 23 19 21 24 21 18 17 19 0 23 25 16 22 17 20
17 19 17 19 16 22 23 19 24 23 0 25 22 15 23 19
16 23 20 25 22 24 16 21 21 25 25 0 20 16 15 20
23 23 23 17 20 18 20 20 18 16 22 20 0 19 25 15
22 22 21 21 18 15 24 25 22 22 15 16 19 0 21 22
16 24 19 21 20 15 18 20 18 17 23 15 25 21 0 25
16 18 21 23 25 22 18 16 17 20 19 20 15 22 25 0
