14
4
36 50 31 43 2 42 71 34 46 10 61 42 99 80
0 22 22 21 16 19 22 25 16 23 25 22 20 25 17 16
22 0 18 25 18 22 18 20 25 17 17 15 17 20 21 18
22 18 0 24 15 24 21 25 25 17 15 19 21 25 19 20
21 25 24 0 25 16 20 23 18 25 24 19 24 22 20 21
16 18 15 25 0 18 25 16 17 20 23 21 24 18 17 15
19 22 24 16 18 0 22 20 24 18 24 20 23 21 19 21
22 18 21 20 25 22 0 17 15 24 22 19 21 19 24 25
25 20 25 23 16 20 17 0 20 24 23 22 18 18 25 18
16 25 25 18 17 24 15 20 0 24 17 15 25 21 15 22
23 17 17 25 20 18 24 24 24 0 15 23 20 18 20 21
25 17 15 24 23 24 22 23 17 15 0 18 19 24 21 20
22 15 19 19 21 20 19 22 15 23 18 0 20 24 22 17
20 17 21 24 24 23 21 18 25 20 19 20 0 19 21 15
25 20 25 22 18 21 19 18 21 18 24 24 19 0 21 25
17 21 19 20 17 19 24 25 15 20 21 22 21 21 0 16
16 18 20 21 15 21 25 18 22 21 20 17 15 25 16 0
