14
12
23 20 24 25 7 5 39 40 13 30 15 6 27 24
0 22 15 22 24 24 19 22 25 20 18 22 24 19 22 24
22 0 21 20 20 19 15 21 18 21 23 23 24 25 19 22
15 21 0 16 21 22 24 20 16 15 25 17 16 19 15 18
22 20 16 0 22 17 21 23 25 19 20 16 21 17 17 18
24 20 21 22 0 15 22 17 20 19 25 24 22 22 19 25
24 19 22 17 15 0 16 25 24 21 17 22 19 24 20 20
19 15 24 21 22 16 0 21 24 23 15 18 24 23 18 17
22 21 20 23 17 25 21 0 20 15 25 17 24 15 24 15
25 18 16 25 20 24 24 20 0 25 18 21 19 24 21 20
20 21 15 19 19 21 23 15 25 0 19 17 16 17 19 16
18 23 25 20 25 17 15 25 18 19 0 19 25 23 24 21
22 23 17 16 24 22 18 17 21 17 19 0 20 24 25 24
24 24 16 21 22 19 24 24 19 16 25 20 0 24 23 19
19 25 19 17 22 24 23 15 24 17 23 24 24 0 19 16
22 19 15 17 19 20 18 24 21 19 24 25 23 19 0 23
24 22 18 18 25 20 17 15 20 16 21 24 19 16 23 0
