14
11
17 40 62 47 70 32 9 58 48 65 2 19 51 76
0 16 23 20 16 24 22 15 24 17 17 15 19 16 24 18
16 0 23 25 20 15 22 16 22 16 15 22 21 21 18 23
23 23 0 19 17 20 17 16 20 19 18 23 16 21 16 16
20 25 19 0 20 25 16 20 22 20 20 18 24 18 23 17
16 20 17 20 0 22 22 21 22 24 18 20 18 25 19 19
24 15 20 25 22 0 21 23 21 25 25 21 23 19 18 19
22 22 17 16 22 21 0 24 17 15 23 15 23 23 16 22
15 16 16 20 21 23 24 0 25 22 24 24 18 19 22 17
24 22 20 22 22 21 17 25 0 23 18 15 16 15 20 20
17 16 19 20 24 25 15 22 23 0 20 24 18 17 16 23
17 15 18 20 18 25 23 24 18 20 0 19 22 18 21 19
15 22 23 18 20 21 15 24 15 24 19 0 16 21 21 25
19 21 16 24 18 23 23 18 16 18 22 16 0 24 21 24
16 21 21 18 25 19 23 19 15 17 18 21 24 0 17 16
24 18 16 23 19 18 16 22 20 16 21 21 21 17 0 21
18 23 16 17 19 19 22 17 20 23 19 25 24 16 21 0
