14
22
9 27 2 24 6 21 5 37 27 4 12 15 22 21 18 17 21 35 31 31 12 1
15 18 24 22 34 40 25 15 30 13 29 39 11 20 29 39 3 17 36 20 20 21
35 12 26 12 13 23 13 6 12 14 2 37 32 1 21 5 17 4 17 16 30 13
12 22 4 14 36 9 23 32 37 34 29 11 26 8 21 40 25 3 38 16 15 18
6 8 34 8 19 16 22 17 20 30 36 25 31 6 14 7 30 7 23 8 19 16
34 38 15 12 20 25 10 24 14 21 34 26 3 17 2 28 2 18 8 16 9 13
2 24 33 1 26 23 40 1 11 17 11 29 22 22 33 6 10 9 24 21 14 5
10 11 19 22 37 22 35 28 30 26 29 6 21 38 7 30 9 12 22 16 22 28
36 23 22 30 30 8 18 26 31 26 40 13 15 23 5 13 32 16 34 16 2 34
10 4 20 8 2 15 12 39 18 5 12 22 24 2 15 25 37 23 23 26 15 6
18 17 16 15 3 16 27 6 36 12 7 14 36 32 29 1 6 40 11 25 24 15
19 13 31 9 28 36 38 38 21 2 14 32 34 29 32 32 6 40 29 9 32 12
31 12 11 4 24 37 36 35 19 11 25 21 38 35 24 1 22 16 25 37 40 30
32 18 11 2 10 40 4 39 31 39 6 11 1 13 35 16 5 36 34 18 31 20
0 16 18 24 20 22 23 24 18 25 22 20 16 25 25 17
16 0 18 23 23 22 15 17 19 21 20 20 19 22 15 18
18 18 0 15 18 15 18 18 24 23 16 22 20 25 21 19
24 23 15 0 17 24 17 15 20 22 19 22 18 18 16 16
20 23 18 17 0 24 18 24 15 19 21 15 25 16 23 20
22 22 15 24 24 0 18 18 19 18 21 23 21 24 25 21
23 15 18 17 18 18 0 20 17 23 20 18 15 21 18 25
24 17 18 15 24 18 20 0 19 25 25 21 24 24 19 15
18 19 24 20 15 19 17 19 0 25 19 17 22 22 18 19
25 21 23 22 19 18 23 25 25 0 16 22 25 23 15 15
22 20 16 19 21 21 20 25 19 16 0 17 25 15 22 18
20 20 22 22 15 23 18 21 17 22 17 0 24 20 25 22
16 19 20 18 25 21 15 24 22 25 25 24 0 16 15 24
25 22 25 18 16 24 21 24 22 23 15 20 16 0 25 19
25 15 21 16 23 25 18 19 18 15 22 25 15 25 0 15
17 18 19 16 20 21 25 15 19 15 18 22 24 19 15 0
