14
11
116 78 71 14 28 22 2 107 78 13 83 60 45 98
0 15 18 18 23 21 20 23 15 25 16 24 15 24 25 23
15 0 23 18 18 23 25 21 22 21 18 15 21 15 17 22
18 23 0 17 21 20 21 16 20 24 22 25 21 15 15 21
18 18 17 0 20 21 17 25 25 17 20 18 16 20 19 25
23 18 21 20 0 25 15 16 22 22 20 24 24 15 22 23
21 23 20 21 25 0 25 24 18 25 22 18 17 16 22 18
20 25 21 17 15 25 0 18 23 22 20 16 22 25 17 22
23 21 16 25 16 24 18 0 16 16 21 23 25 23 24 21
15 22 20 25 22 18 23 16 0 16 25 19 21 20 21 15
25 21 24 17 22 25 22 16 16 0 25 15 19 25 18 15
16 18 22 20 20 22 20 21 25 25 0 15 20 19 16 18
24 15 25 18 24 18 16 23 19 15 15 0 22 20 15 21
15 21 21 16 24 17 22 25 21 19 20 22 0 20 19 21
24 15 15 20 15 16 25 23 20 25 19 20 20 0 18 25
25 17 15 19 22 22 17 24 21 18 16 15 19 18 0 24
23 22 21 25 23 18 22 21 15 15 18 21 21 25 24 0
