14
9
160 64 34 132 22 75 117 144 120 66 58 43 67 148
0 21 16 24 19 19 24 18 23 25 16 24 18 19 23 20
21 0 16 21 16 16 15 23 23 23 15 19 23 17 15 19
16 16 0 15 25 21 16 16 19 15 21 22 16 18 20 21
24 21 15 0 15 17 16 15 17 16 22 22 16 17 17 20
19 16 25 15 0 19 16 21 22 18 17 22 22 17 19 15
19 16 21 17 19 0 25 22 19 15 24 21 18 15 25 23
24 15 16 16 16 25 0 22 19 16 21 16 23 19 19 20
18 23 16 15 21 22 22 0 25 19 18 24 20 22 24 20
23 23 19 17 22 19 19 25 0 22 17 23 24 20 25 20
25 23 15 16 18 15 16 19 22 0 17 18 18 25 25 18
16 15 21 22 17 24 21 18 17 17 0 16 16 25 18 25
24 19 22 22 22 21 16 24 23 18 16 0 16 17 20 17
18 23 16 16 22 18 23 20 24 18 16 16 0 22 22 17
19 17 18 17 17 15 19 22 20 25 25 17 22 0 22 25
23 15 20 17 19 25 19 24 25 25 18 20 22 22 0 19
20 19 21 20 15 23 20 20 20 18 25 17 17 25 19 0
