14
16
7 19 33 24 3 40 23 7 8 37 40 2 21 22 29 34
23 12 1 36 1 23 39 26 5 28 9 33 20 13 37 33
30 22 25 9 21 23 15 37 5 13 18 2 2 39 24 35
1 11 5 11 21 34 25 10 38 6 22 25 37 13 20 13
27 10 37 26 29 12 37 34 33 34 38 31 38 9 33 21
34 36 36 16 17 39 36 12 22 16 17 1 21 21 15 15
7 34 3 33 1 27 21 26 1 6 28 23 35 17 4 12
40 17 20 27 30 29 13 21 17 40 27 29 20 22 25 24
27 37 23 35 27 40 14 25 18 19 1 28 35 24 5 18
26 40 12 36 34 4 24 17 36 1 24 14 40 23 30 27
31 31 36 23 19 2 27 28 19 13 20 26 10 16 29 39
8 9 35 25 8 10 32 35 14 19 28 5 22 34 7 34
27 16 23 35 25 39 22 16 38 1 27 4 16 12 9 20
27 38 29 38 8 25 29 29 9 31 5 2 3 7 21 27
0 16 20 15 21 16 15 20 20 23 19 15 25 24 17 17
16 0 19 25 20 18 23 17 21 21 23 22 19 17 23 23
20 19 0 20 15 18 22 24 15 18 17 21 24 24 16 21
15 25 20 0 23 17 22 18 17 19 21 18 22 23 20 23
21 20 15 23 0 17 24 21 19 18 20 15 23 19 23 19
16 18 18 17 17 0 17 17 23 23 18 17 24 20 19 25
15 23 22 22 24 17 0 19 16 24 22 17 21 24 20 20
20 17 24 18 21 17 19 0 16 21 22 23 17 16 21 24
20 21 15 17 19 23 16 16 0 19 15 21 17 21 15 24
23 21 18 19 18 23 24 21 19 0 25 17 17 18 25 19
19 23 17 21 20 18 22 22 15 25 0 18 15 24 18 16
15 22 21 18 15 17 17 23 21 17 18 0 15 25 22 21
25 19 24 22 23 24 21 17 17 17 15 15 0 23 17 17
24 17 24 23 19 20 24 16 21 18 24 25 23 0 18 24
17 23 16 20 23 19 20 21 15 25 18 22 17 18 0 19
17 23 21 23 19 25 20 24 24 19 16 21 17 24 19 0
