14
10
18 22 3 68 55 61 10 76 48 34 17 43 32 58
0 18 16 20 23 21 20 24 16 21 18 17 22 19 18 25
18 0 18 23 18 25 16 23 16 20 25 20 25 25 21 22
16 18 0 25 23 20 21 24 18 19 19 20 25 23 25 16
20 23 25 0 21 19 18 21 23 20 17 18 20 18 16 24
23 18 23 21 0 15 21 23 18 24 21 20 17 15 18 25
21 25 20 19 15 0 18 24 21 15 19 15 15 18 20 22
20 16 21 18 21 18 0 17 24 21 17 16 16 16 19 24
24 23 24 21 23 24 17 0 19 24 20 18 22 25 23 23
16 16 18 23 18 21 24 19 0 18 24 21 22 17 15 24
21 20 19 20 24 15 21 24 18 0 17 24 25 15 22 25
18 25 19 17 21 19 17 20 24 17 0 24 19 24 16 18
17 20 20 18 20 15 16 18 21 24 24 0 22 24 19 23
22 25 25 20 17 15 16 22 22 25 19 22 0 19 15 24
19 25 23 18 15 18 16 25 17 15 24 24 19 0 25 15
18 21 25 16 18 20 19 23 15 22 16 19 15 25 0 16
25 22 16 24 25 22 24 23 24 25 18 23 24 15 16 0
