14
26
2 16 30 34 19 18 17 36 35 37 13 32 25 6 7 25 18 19 40 27 19 33 37 39 8 13
19 34 24 23 30 10 14 22 14 36 31 34 14 33 8 4 30 16 14 33 28 29 9 18 9 6
27 31 20 7 3 10 38 37 3 36 25 20 4 2 9 8 25 20 35 22 13 31 24 18 30 19
11 13 20 33 2 3 10 6 19 15 5 17 24 9 9 12 39 29 27 9 7 17 29 27 29 31
25 22 15 37 40 10 18 34 31 5 33 7 16 10 6 35 9 36 34 29 1 1 22 37 4 6
11 29 8 4 37 1 9 34 12 38 35 27 35 21 29 6 33 25 18 24 30 27 2 27 29 35
33 23 32 26 8 29 39 6 8 7 22 19 18 4 4 17 5 23 9 12 24 26 7 29 5 1
25 37 15 7 31 2 28 20 2 3 11 9 6 8 23 12 12 18 26 39 40 25 18 12 35 29
22 31 15 21 39 38 5 22 10 23 29 25 4 1 13 27 25 28 18 37 33 19 9 24 31 13
6 18 16 14 35 38 27 1 22 16 13 38 6 9 16 2 5 26 14 34 20 19 14 30 5 17
18 30 26 15 22 39 29 17 27 39 12 29 26 31 1 3 35 11 20 30 25 26 9 10 15 21
24 6 6 10 33 22 24 11 9 32 40 26 4 27 40 2 40 16 10 18 35 40 27 39 15 11
22 32 34 10 39 28 22 5 26 16 30 18 20 1 28 28 15 23 35 14 16 30 3 32 26 18
25 9 26 22 28 3 31 32 32 35 33 34 30 6 9 24 4 2 18 4 12 15 36 24 4 23
0 20 23 23 17 22 19 22 16 16 17 20 15 15 25 19
20 0 25 18 19 22 21 18 15 15 20 18 15 20 18 15
23 25 0 21 21 20 16 17 15 18 19 18 20 16 22 16
23 18 21 0 16 25 25 21 18 19 22 22 22 17 18 18
17 19 21 16 0 16 20 18 17 15 16 17 17 18 20 16
22 22 20 25 16 0 19 17 20 17 19 16 17 24 25 16
19 21 16 25 20 19 0 17 25 19 20 16 20 19 22 20
22 18 17 21 18 17 17 0 18 17 21 17 20 20 17 25
16 15 15 18 17 20 25 18 0 21 20 16 23 17 21 16
16 15 18 19 15 17 19 17 21 0 16 18 17 22 18 20
17 20 19 22 16 19 20 21 20 16 0 18 19 22 21 25
20 18 18 22 17 16 16 17 16 18 18 0 24 25 25 22
15 15 20 22 17 17 20 20 23 17 19 24 0 16 23 16
15 20 16 17 18 24 19 20 17 22 22 25 16 0 24 25
25 18 22 18 20 25 22 17 21 18 21 25 23 24 0 24
19 15 16 18 16 16 20 25 16 20 25 22 16 25 24 0
