14
22
14 13 23 41 9 49 53 63 80 23 68 58 80 13 67 67 72 12 44 38 75 28
37 52 15 61 59 27 65 74 21 1 79 25 62 19 14 14 40 37 50 7 13 68
59 46 22 67 73 55 39 15 67 70 39 70 72 63 14 67 55 48 31 56 24 64
45 1 16 29 60 42 22 10 41 22 61 11 6 64 63 14 2 20 60 7 26 24
47 68 4 18 54 68 43 69 9 26 44 22 71 15 29 29 76 30 78 53 28 47
57 13 1 30 64 66 5 4 34 47 28 13 45 36 23 27 41 26 11 28 64 53
32 13 32 20 11 39 30 9 75 56 14 2 65 9 49 52 33 44 67 61 10 8
22 72 37 11 58 48 3 4 3 18 46 29 26 4 68 44 12 69 58 51 47 13
79 32 41 51 52 47 76 47 49 3 6 61 36 46 64 23 49 42 59 79 36 46
22 72 9 71 16 76 62 18 14 66 25 13 2 18 6 49 65 64 2 25 32 62
68 16 18 36 51 1 53 2 61 14 59 60 73 12 27 31 40 18 2 74 26 6
8 31 7 31 10 77 23 14 22 24 18 58 4 18 57 46 63 36 36 16 45 76
45 31 71 47 13 47 65 2 17 10 75 67 26 17 21 22 7 70 17 41 77 19
40 41 20 65 63 19 19 7 66 65 2 20 28 20 30 20 3 73 16 60 56 71
0 22 17 15 19 17 18 18 16 18 25 25 20 19 16 25
22 0 16 16 18 24 20 25 25 23 18 16 16 22 24 21
17 16 0 15 22 21 24 18 22 23 25 18 16 22 25 24
15 16 15 0 19 15 18 23 15 19 19 23 19 23 23 23
19 18 22 19 0 15 15 16 19 24 15 15 18 18 18 22
17 24 21 15 15 0 16 20 16 15 24 19 16 22 16 25
18 20 24 18 15 16 0 16 25 23 25 25 16 25 22 18
18 25 18 23 16 20 16 0 15 24 23 20 15 22 23 20
16 25 22 15 19 16 25 15 0 23 25 22 19 21 22 17
18 23 23 19 24 15 23 24 23 0 21 25 17 22 25 19
25 18 25 19 15 24 25 23 25 21 0 24 24 15 24 19
25 16 18 23 15 19 25 20 22 25 24 0 24 16 18 20
20 16 16 19 18 16 16 15 19 17 24 24 0 19 17 23
19 22 22 23 18 22 25 22 21 22 15 16 19 0 16 16
16 24 25 23 18 16 22 23 22 25 24 18 17 16 0 24
25 21 24 23 22 25 18 20 17 19 19 20 23 16 24 0
