14
8
123 38 158 60 29 5 149 137
20 85 39 118 74 14 66 30
146 124 159 65 139 145 2 29
32 62 32 108 109 115 152 105
73 77 75 25 45 155 44 60
17 131 111 101 140 140 28 112
31 115 107 43 19 138 66 138
60 126 71 158 74 125 123 51
36 109 79 153 76 95 50 72
77 130 130 33 53 26 82 124
147 127 10 14 52 9 94 116
68 127 42 139 93 101 43 150
137 66 108 8 62 106 15 121
37 27 63 52 134 5 131 33
0 24 23 17 19 16 21 23 24 25 22 20 19 15 20 18
24 0 23 17 21 15 23 25 21 21 23 24 23 16 15 21
23 23 0 23 19 20 25 23 16 20 17 17 21 23 18 16
17 17 23 0 20 24 16 25 25 21 25 22 19 22 16 21
19 21 19 20 0 22 15 22 18 15 17 25 24 22 15 19
16 15 20 24 22 0 16 23 15 18 24 16 25 19 25 18
21 23 25 16 15 16 0 15 24 24 21 16 24 15 23 19
23 25 23 25 22 23 15 0 17 20 21 17 18 15 24 23
24 21 16 25 18 15 24 17 0 17 25 17 25 23 15 25
25 21 20 21 15 18 24 20 17 0 20 18 23 20 20 20
22 23 17 25 17 24 21 21 25 20 0 24 20 17 23 18
20 24 17 22 25 16 16 17 17 18 24 0 20 23 16 16
19 23 21 19 24 25 24 18 25 23 20 20 0 19 16 21
15 16 23 22 22 19 15 15 23 20 17 23 19 0 23 24
20 15 18 16 15 25 23 24 15 20 23 16 16 23 0 21
18 21 16 21 19 18 19 23 25 20 18 16 21 24 21 0
