14
10
59 112 100 113 84 112 14 11 40 40
141 53 159 111 4 154 21 20 20 111
80 32 103 109 24 8 28 9 134 58
28 1 101 156 154 99 68 119 125 152
131 98 55 89 82 56 22 152 68 140
81 150 117 135 25 102 132 121 42 77
83 159 137 105 65 135 101 79 59 155
10 86 89 70 141 95 109 22 90 4
89 53 62 41 57 16 111 63 96 137
142 131 88 120 39 140 38 76 12 32
120 154 105 130 137 152 34 110 17 70
12 144 93 121 50 3 21 123 71 19
115 154 26 28 118 123 85 160 63 101
125 112 159 8 51 118 41 126 157 140
0 23 21 15 23 21 25 15 21 21 18 22 22 17 16 17
23 0 20 17 18 21 24 21 23 17 23 18 25 15 21 24
21 20 0 22 22 15 15 17 19 18 15 21 19 17 15 17
15 17 22 0 17 21 24 22 20 17 23 16 21 19 18 22
23 18 22 17 0 17 17 24 23 22 25 19 17 15 20 17
21 21 15 21 17 0 17 19 24 18 19 24 15 23 18 16
25 24 15 24 17 17 0 16 15 19 19 23 16 22 21 21
15 21 17 22 24 19 16 0 19 16 19 19 17 23 21 16
21 23 19 20 23 24 15 19 0 19 21 16 22 21 23 18
21 17 18 17 22 18 19 16 19 0 19 19 22 21 22 15
18 23 15 23 25 19 19 19 21 19 0 18 24 16 25 20
22 18 21 16 19 24 23 19 16 19 18 0 20 17 22 15
22 25 19 21 17 15 16 17 22 22 24 20 0 18 23 18
17 15 17 19 15 23 22 23 21 21 16 17 18 0 19 18
16 21 15 18 20 18 21 21 23 22 25 22 23 19 0 21
17 24 17 22 17 16 21 16 18 15 20 15 18 18 21 0
