14
26
66 156 113 107 52 97 100 124 54 96 149 84 69 106 52 128 101 89 116 159 31 23 53 38 103 46
132 35 86 25 151 1 91 20 98 60 83 104 141 45 92 57 98 134 120 31 55 144 22 61 18 29
100 132 16 12 129 159 94 93 155 48 82 64 81 74 80 33 83 70 129 96 144 145 141 159 114 129
143 1 89 66 146 154 21 147 37 50 85 158 105 90 56 38 66 47 33 99 25 128 36 65 56 65
39 27 92 77 121 5 127 130 23 108 7 135 131 60 19 17 147 91 36 143 143 152 132 2 144 148
40 33 148 48 128 119 115 83 54 116 66 94 23 86 87 82 77 141 39 90 136 61 73 160 87 131
151 1 90 145 29 88 51 114 85 57 95 35 122 90 33 54 39 131 88 31 114 44 126 77 154 64
133 12 48 131 104 90 45 140 141 57 90 22 132 141 48 12 49 8 157 87 59 74 133 21 124 22
74 134 126 22 119 92 106 122 123 101 85 42 49 96 68 93 46 48 157 138 113 63 82 21 86 33
66 75 151 49 26 30 114 55 50 52 104 140 59 59 55 137 58 32 120 129 71 130 78 56 146 134
28 107 111 143 109 131 33 51 15 64 53 15 26 11 154 54 55 118 57 2 94 88 57 22 117 142
64 47 13 112 135 92 97 60 18 135 89 29 12 58 141 104 157 55 69 150 22 78 157 16 128 59
2 127 157 12 74 105 84 11 75 95 58 60 104 158 102 158 82 2 12 59 24 1 83 113 69 46
86 10 153 65 49 153 68 138 133 133 152 124 25 5 20 25 137 100 9 157 156 60 89 65 147 153
0 22 22 21 21 15 17 22 24 18 23 21 16 19 21 20
22 0 19 22 17 21 19 16 21 15 17 22 21 17 18 16
22 19 0 23 15 18 15 21 25 25 15 22 21 24 15 15
21 22 23 0 21 20 24 25 21 17 22 21 15 21 23 20
21 17 15 21 0 16 16 24 15 20 22 24 22 21 15 23
15 21 18 20 16 0 17 20 16 15 25 17 24 16 19 23
17 19 15 24 16 17 0 22 22 16 24 20 17 23 15 24
22 16 21 25 24 20 22 0 24 18 25 20 23 19 15 20
24 21 25 21 15 16 22 24 0 16 20 25 19 21 24 24
18 15 25 17 20 15 16 18 16 0 19 17 20 25 15 25
23 17 15 22 22 25 24 25 20 19 0 23 25 17 19 18
21 22 22 21 24 17 20 20 25 17 23 0 16 21 19 21
16 21 21 15 22 24 17 23 19 20 25 16 0 16 25 17
19 17 24 21 21 16 23 19 21 25 17 21 16 0 20 21
21 18 15 23 15 19 15 15 24 15 19 19 25 20 0 15
20 16 15 20 23 23 24 20 24 25 18 21 17 21 15 0
