14
15
98 72 12 116 101 36 115 1 92 120 9 81 13 53
0 23 25 16 19 22 15 21 16 15 16 17 21 24 19 25
23 0 21 25 25 16 15 23 21 21 19 17 17 15 17 19
25 21 0 24 23 21 20 23 23 22 15 22 15 23 25 20
16 25 24 0 23 20 16 15 20 21 16 22 23 21 17 19
19 25 23 23 0 19 22 25 25 20 25 18 19 22 22 25
22 16 21 20 19 0 23 25 18 15 15 17 25 19 18 15
15 15 20 16 22 23 0 22 25 21 16 19 25 20 18 17
21 23 23 15 25 25 22 0 16 15 15 17 22 18 15 18
16 21 23 20 25 18 25 16 0 18 22 19 17 18 16 15
15 21 22 21 20 15 21 15 18 0 22 17 15 25 24 15
16 19 15 16 25 15 16 15 22 22 0 21 20 17 22 25
17 17 22 22 18 17 19 17 19 17 21 0 21 23 21 25
21 17 15 23 19 25 25 22 17 15 20 21 0 22 20 22
24 15 23 21 22 19 20 18 18 25 17 23 22 0 16 20
19 17 25 17 22 18 18 15 16 24 22 21 20 16 0 18
25 19 20 19 25 15 17 18 15 15 25 25 22 20 18 0
