14
6
89 111 33 26 26 90 27 68 116 1 90 18 25 64
0 15 16 20 16 16 15 22 22 21 22 24 17 17 21 16
15 0 22 22 17 16 23 20 17 16 21 16 18 15 24 19
16 22 0 19 15 24 23 15 23 24 25 21 22 22 21 22
20 22 19 0 21 24 18 17 25 18 22 25 22 23 15 22
16 17 15 21 0 23 20 20 17 15 16 25 21 23 15 19
16 16 24 24 23 0 23 16 23 16 20 20 21 20 21 16
15 23 23 18 20 23 0 25 19 22 23 19 23 25 15 23
22 20 15 17 20 16 25 0 23 21 24 15 24 22 22 24
22 17 23 25 17 23 19 23 0 16 22 23 15 19 17 25
21 16 24 18 15 16 22 21 16 0 20 23 16 21 24 15
22 21 25 22 16 20 23 24 22 20 0 17 19 24 25 16
24 16 21 25 25 20 19 15 23 23 17 0 20 20 21 19
17 18 22 22 21 21 23 24 15 16 19 20 0 24 17 24
17 15 22 23 23 20 25 22 19 21 24 20 24 0 22 19
21 24 21 15 15 21 15 22 17 24 25 21 17 22 0 17
16 19 22 22 19 16 23 24 25 15 16 19 24 19 17 0
