14
16
57 60 4 9 57 30 28 67 5 42 17 25 78 17
0 22 16 25 18 22 16 24 20 18 23 25 20 15 20 25
22 0 20 24 22 17 15 21 23 23 20 24 25 16 15 15
16 20 0 25 20 15 17 23 19 22 22 19 16 23 24 21
25 24 25 0 22 19 24 18 16 20 20 16 24 21 23 24
18 22 20 22 0 24 22 24 18 17 25 20 19 21 21 15
22 17 15 19 24 0 19 22 15 23 25 23 15 20 23 16
16 15 17 24 22 19 0 16 18 15 20 25 24 22 22 25
24 21 23 18 24 22 16 0 19 18 21 23 23 25 23 23
20 23 19 16 18 15 18 19 0 23 23 21 21 22 24 25
18 23 22 20 17 23 15 18 23 0 20 19 25 21 18 20
23 20 22 20 25 25 20 21 23 20 0 23 17 22 22 25
25 24 19 16 20 23 25 23 21 19 23 0 17 18 22 15
20 25 16 24 19 15 24 23 21 25 17 17 0 24 25 24
15 16 23 21 21 20 22 25 22 21 22 18 24 0 19 24
20 15 24 23 21 23 22 23 24 18 22 22 25 19 0 15
25 15 21 24 15 16 25 23 25 20 25 15 24 24 15 0
