14
11
31 24 38 49 10 35 34 6 37 2 75 20 13 39
0 25 25 18 17 25 15 15 21 16 20 15 24 22 21 17
25 0 15 22 19 21 18 20 25 20 15 17 21 20 16 18
25 15 0 24 25 17 15 24 22 19 16 19 24 19 18 18
18 22 24 0 21 25 18 24 21 25 22 21 20 20 21 24
17 19 25 21 0 21 20 17 24 17 15 22 23 18 24 15
25 21 17 25 21 0 22 24 24 23 17 17 18 19 17 16
15 18 15 18 20 22 0 25 22 17 16 24 23 15 23 15
15 20 24 24 17 24 25 0 23 19 17 22 22 20 16 19
21 25 22 21 24 24 22 23 0 20 19 17 21 18 15 18
16 20 19 25 17 23 17 19 20 0 15 25 16 18 25 18
20 15 16 22 15 17 16 17 19 15 0 21 24 19 20 22
15 17 19 21 22 17 24 22 17 25 21 0 24 23 24 17
24 21 24 20 23 18 23 22 21 16 24 24 0 23 18 16
22 20 19 20 18 19 15 20 18 18 19 23 23 0 20 25
21 16 18 21 24 17 23 16 15 25 20 24 18 20 0 17
17 18 18 24 15 16 15 19 18 18 22 17 16 25 17 0
