14
4
129 7 75 127
52 112 55 115
108 145 160 119
136 131 112 40
20 93 78 149
57 44 103 118
49 26 151 24
5 88 70 117
135 107 66 26
103 23 143 43
81 58 30 116
82 107 58 107
133 138 109 50
132 87 22 42
0 19 24 18 19 19 25 20 17 23 15 24 24 18 23 16
19 0 18 24 17 22 24 17 15 24 25 17 17 22 24 25
24 18 0 21 18 21 20 21 17 17 18 22 17 23 21 22
18 24 21 0 15 16 25 23 20 16 18 24 15 22 21 17
19 17 18 15 0 24 18 20 16 18 17 15 16 20 19 24
19 22 21 16 24 0 23 23 20 25 22 18 21 23 24 19
25 24 20 25 18 23 0 23 21 18 23 19 15 23 21 25
20 17 21 23 20 23 23 0 18 22 22 19 23 20 18 19
17 15 17 20 16 20 21 18 0 18 21 17 23 23 17 23
23 24 17 16 18 25 18 22 18 0 22 16 21 16 20 20
15 25 18 18 17 22 23 22 21 22 0 15 22 19 25 23
24 17 22 24 15 18 19 19 17 16 15 0 16 25 23 16
24 17 17 15 16 21 15 23 23 21 22 16 0 21 23 22
18 22 23 22 20 23 23 20 23 16 19 25 21 0 20 23
23 24 21 21 19 24 21 18 17 20 25 23 23 20 0 15
16 25 22 17 24 19 25 19 23 20 23 16 22 23 15 0
