14
7
28 80 73 59 12 2 91 85 113 108 99 84 93 94
0 19 19 22 24 17 24 21 25 23 24 23 24 16 19 16
19 0 21 17 25 22 24 15 22 15 24 18 20 24 21 19
19 21 0 23 22 18 15 16 18 22 15 24 16 15 20 18
22 17 23 0 23 23 16 25 19 24 18 25 20 19 23 25
24 25 22 23 0 15 18 19 16 20 15 23 16 23 24 19
17 22 18 23 15 0 19 23 18 23 18 18 22 18 24 21
24 24 15 16 18 19 0 18 17 22 17 24 16 20 25 23
21 15 16 25 19 23 18 0 24 24 19 17 16 19 18 16
25 22 18 19 16 18 17 24 0 21 23 23 25 17 16 21
23 15 22 24 20 23 22 24 21 0 24 25 23 24 20 21
24 24 15 18 15 18 17 19 23 24 0 21 22 19 20 15
23 18 24 25 23 18 24 17 23 25 21 0 16 19 18 21
24 20 16 20 16 22 16 16 25 23 22 16 0 21 19 20
16 24 15 19 23 18 20 19 17 24 19 19 21 0 18 18
19 21 20 23 24 24 25 18 16 20 20 18 19 18 0 18
16 19 18 25 19 21 23 16 21 21 15 21 20 18 18 0
