14
12
114 38 103 66 100 6 8 38 66 54 9 3
108 8 6 34 38 37 5 32 21 45 76 16
29 117 38 35 45 7 83 80 5 79 45 105
81 33 114 97 56 57 35 119 98 29 79 9
80 41 74 79 32 63 4 65 73 95 90 72
39 51 64 34 29 100 80 55 111 21 12 111
71 8 23 3 106 50 84 40 107 22 72 20
13 112 112 16 86 12 102 40 69 14 107 2
50 64 18 16 25 21 65 22 100 102 31 80
91 99 91 14 66 102 29 45 109 14 72 91
115 96 44 36 59 59 77 27 76 18 8 58
16 33 103 105 20 113 103 45 102 20 32 2
67 48 98 68 118 110 40 22 68 92 32 92
34 110 58 9 16 37 74 51 89 37 4 30
0 18 17 20 18 20 19 22 23 15 20 19 18 20 17 16
18 0 25 20 16 21 15 17 24 25 16 18 16 17 21 21
17 25 0 24 23 21 25 25 16 25 21 23 19 16 17 22
20 20 24 0 22 23 25 23 25 20 21 17 21 16 23 24
18 16 23 22 0 19 21 24 18 22 22 23 20 21 15 18
20 21 21 23 19 0 23 20 20 19 15 18 20 21 16 16
19 15 25 25 21 23 0 17 23 21 25 24 17 15 25 21
22 17 25 23 24 20 17 0 19 25 25 15 17 15 23 15
23 24 16 25 18 20 23 19 0 20 17 24 23 18 25 23
15 25 25 20 22 19 21 25 20 0 20 19 25 17 16 21
20 16 21 21 22 15 25 25 17 20 0 18 21 15 15 18
19 18 23 17 23 18 24 15 24 19 18 0 23 21 19 19
18 16 19 21 20 20 17 17 23 25 21 23 0 24 16 16
20 17 16 16 21 21 15 15 18 17 15 21 24 0 15 23
17 21 17 23 15 16 25 23 25 16 15 19 16 15 0 20
16 21 22 24 18 16 21 15 23 21 18 19 16 23 20 0
