14
24
108 64 49 15 85 84 54 98 13 66 48 8 102 22 9 19 119 13 91 96 31 20 1 28
95 19 90 113 88 84 64 57 99 45 75 100 3 120 22 6 30 17 53 38 15 53 75 24
90 9 26 73 76 119 95 13 19 81 52 84 14 49 48 64 42 106 106 54 87 64 94 94
57 94 25 14 95 16 72 15 62 13 20 16 49 24 29 60 53 90 10 41 54 114 60 106
16 57 16 75 45 106 79 15 78 106 13 16 78 99 66 91 22 114 18 101 95 97 47 73
12 47 68 10 98 16 20 33 1 70 4 79 90 105 98 17 48 70 99 104 30 59 54 26
92 96 119 54 38 36 108 98 94 38 55 54 66 41 45 59 82 56 80 117 9 14 71 25
54 65 1 1 28 49 82 102 55 37 54 113 31 57 39 93 20 81 106 38 40 92 118 95
90 35 28 59 4 79 83 11 69 31 119 41 31 91 27 32 26 15 43 75 4 13 89 115
50 118 90 29 58 6 69 36 34 40 25 33 84 52 27 67 55 5 71 54 25 72 113 30
109 79 99 47 61 25 93 10 17 119 13 79 102 34 34 78 97 75 37 83 40 13 58 14
31 117 34 91 73 8 15 69 19 45 68 47 51 89 91 106 106 21 32 114 33 54 113 82
115 25 24 79 96 99 84 17 16 44 68 111 99 8 99 96 8 71 1 56 111 74 31 72
5 68 105 6 105 43 53 113 62 106 29 70 50 46 20 24 29 94 24 117 101 67 87 74
0 24 16 15 19 15 15 25 20 16 21 22 17 19 24 16
24 0 19 18 17 22 22 19 16 22 25 18 23 19 25 22
16 19 0 23 15 21 24 21 21 16 16 22 21 23 23 22
15 18 23 0 25 20 15 19 16 20 23 25 15 16 25 20
19 17 15 25 0 20 16 19 15 21 16 22 15 19 23 25
15 22 21 20 20 0 24 24 25 24 17 22 21 22 21 20
15 22 24 15 16 24 0 16 24 15 24 17 24 23 25 23
25 19 21 19 19 24 16 0 20 18 22 19 22 17 24 21
20 16 21 16 15 25 24 20 0 19 17 19 23 17 17 20
16 22 16 20 21 24 15 18 19 0 17 24 25 15 18 17
21 25 16 23 16 17 24 22 17 17 0 17 17 20 16 19
22 18 22 25 22 22 17 19 19 24 17 0 25 19 18 25
17 23 21 15 15 21 24 22 23 25 17 25 0 20 16 24
19 19 23 16 19 22 23 17 17 15 20 19 20 0 17 24
24 25 23 25 23 21 25 24 17 18 16 18 16 17 0 21
16 22 22 20 25 20 23 21 20 17 19 25 24 24 21 0
