14
7
7 7 30 7 30 14 27 3 17 27 32 16 8 30
0 21 16 20 25 21 21 22 22 18 16 20 16 21 17 16
21 0 15 17 19 15 20 22 17 25 24 21 20 22 18 20
16 15 0 15 16 24 25 15 20 23 15 22 23 16 22 21
20 17 15 0 19 18 17 19 19 22 16 15 17 16 25 24
25 19 16 19 0 25 25 16 19 15 15 24 25 20 21 15
21 15 24 18 25 0 24 23 24 15 18 16 22 19 15 20
21 20 25 17 25 24 0 24 25 21 16 21 19 17 21 18
22 22 15 19 16 23 24 0 15 23 16 25 23 21 22 21
22 17 20 19 19 24 25 15 0 17 19 25 22 15 24 18
18 25 23 22 15 15 21 23 17 0 17 20 15 18 15 20
16 24 15 16 15 18 16 16 19 17 0 15 21 21 15 15
20 21 22 15 24 16 21 25 25 20 15 0 16 22 22 22
16 20 23 17 25 22 19 23 22 15 21 16 0 15 19 19
21 22 16 16 20 19 17 21 15 18 21 22 15 0 23 20
17 18 22 25 21 15 21 22 24 15 15 22 19 23 0 23
16 20 21 24 15 20 18 21 18 20 15 22 19 20 23 0
