14
22
22 29 24 31 39 28 31 39 16 36 25 32 3 30 8 38 10 40 35 21 7 25
24 24 5 10 18 1 6 32 27 37 26 33 10 30 35 24 19 3 15 35 8 35
12 12 33 16 31 33 34 39 25 20 25 38 35 26 23 25 31 17 29 5 22 11
36 23 8 23 28 19 2 37 20 34 18 25 20 9 12 22 15 15 21 33 18 31
18 7 40 16 26 29 32 21 31 29 6 12 18 34 20 11 33 16 14 25 40 7
20 9 36 34 37 18 21 31 31 23 20 32 3 16 20 28 20 12 40 24 3 7
25 7 20 5 24 22 2 3 8 7 16 2 27 22 29 1 1 12 23 9 14 30
30 25 37 8 24 21 36 3 12 12 2 19 6 29 24 1 4 11 15 34 7 28
7 26 32 34 35 33 27 12 23 40 35 24 15 40 22 24 1 40 14 21 20 2
28 38 21 9 16 22 25 40 29 33 30 31 19 14 7 6 35 23 28 6 27 2
20 20 39 18 24 27 40 34 35 12 20 15 12 20 3 22 36 6 14 9 17 37
26 5 34 26 23 30 19 4 38 13 5 15 33 12 9 37 11 20 33 36 17 7
25 13 34 13 16 10 8 16 27 29 12 33 32 23 21 21 7 38 7 23 18 23
38 19 3 16 14 39 19 28 23 6 16 9 13 23 9 1 27 19 4 19 38 10
0 24 18 21 22 24 16 15 18 22 22 25 19 18 20 23
24 0 21 22 24 17 18 25 21 17 17 17 17 20 24 20
18 21 0 19 20 24 19 20 15 20 22 18 24 21 17 22
21 22 19 0 21 19 19 19 22 21 22 16 16 23 21 19
22 24 20 21 0 23 21 23 19 15 16 22 18 20 18 20
24 17 24 19 23 0 25 20 21 19 19 15 18 18 24 19
16 18 19 19 21 25 0 21 16 18 18 18 18 16 16 25
15 25 20 19 23 20 21 0 17 18 16 25 19 15 15 15
18 21 15 22 19 21 16 17 0 16 20 19 19 25 24 20
22 17 20 21 15 19 18 18 16 0 15 18 24 21 18 19
22 17 22 22 16 19 18 16 20 15 0 15 18 15 15 25
25 17 18 16 22 15 18 25 19 18 15 0 16 16 22 18
19 17 24 16 18 18 18 19 19 24 18 16 0 24 22 15
18 20 21 23 20 18 16 15 25 21 15 16 24 0 18 22
20 24 17 21 18 24 16 15 24 18 15 22 22 18 0 21
23 20 22 19 20 19 25 15 20 19 25 18 15 22 21 0
