14
14
116 55 86 71 41 101 111 138 115 135 119 78 154 17
0 17 17 15 15 18 15 18 23 19 22 18 17 25 23 17
17 0 24 23 21 15 16 16 17 25 16 15 18 16 20 24
17 24 0 21 20 18 25 20 21 15 18 24 25 16 20 25
15 23 21 0 24 19 20 18 19 18 16 25 16 18 22 22
15 21 20 24 0 21 20 16 16 21 18 23 17 20 25 22
18 15 18 19 21 0 21 20 17 16 24 25 21 16 19 25
15 16 25 20 20 21 0 23 17 18 25 24 20 21 20 23
18 16 20 18 16 20 23 0 15 22 25 21 19 15 17 15
23 17 21 19 16 17 17 15 0 17 23 20 19 21 19 24
19 25 15 18 21 16 18 22 17 0 19 18 20 19 20 17
22 16 18 16 18 24 25 25 23 19 0 15 21 18 24 17
18 15 24 25 23 25 24 21 20 18 15 0 16 18 23 21
17 18 25 16 17 21 20 19 19 20 21 16 0 17 15 24
25 16 16 18 20 16 21 15 21 19 18 18 17 0 24 19
23 20 20 22 25 19 20 17 19 20 24 23 15 24 0 16
17 24 25 22 22 25 23 15 24 17 17 21 24 19 16 0
