14
16
65 113 111 21 103 79 38 34 117 94 42 47 100 79 106 106
75 63 49 79 79 32 42 119 89 18 70 116 83 66 100 64
41 4 45 52 68 18 99 24 40 55 18 51 8 74 40 108
79 57 74 63 94 57 39 21 58 29 30 115 116 47 46 54
3 32 81 77 66 15 99 88 29 118 73 120 28 10 79 100
103 112 64 22 102 120 66 77 59 101 116 104 71 64 115 108
110 113 27 64 103 4 5 60 23 81 23 3 107 82 92 10
16 118 12 117 17 51 119 45 87 38 52 18 67 79 82 28
67 71 48 31 110 5 53 68 68 7 118 55 22 63 34 30
72 110 27 61 83 60 54 116 80 9 90 49 38 83 66 119
95 70 106 4 70 61 103 23 52 72 16 25 64 9 32 20
53 104 71 72 10 38 69 60 96 115 71 102 50 92 19 21
110 10 48 70 82 82 112 47 96 63 94 57 67 104 31 53
57 103 101 34 57 76 33 12 17 12 91 97 18 52 32 24
0 22 24 24 20 19 25 23 15 16 17 17 16 24 24 24
22 0 19 23 19 23 17 25 23 16 21 19 22 24 21 19
24 19 0 21 23 19 18 16 21 25 18 25 18 16 18 22
24 23 21 0 17 22 16 17 22 15 21 22 15 24 25 16
20 19 23 17 0 16 16 18 22 22 17 24 16 18 16 25
19 23 19 22 16 0 24 22 25 15 19 17 19 16 15 21
25 17 18 16 16 24 0 19 25 19 21 18 23 25 21 18
23 25 16 17 18 22 19 0 18 23 20 18 21 18 17 19
15 23 21 22 22 25 25 18 0 18 17 24 25 24 21 21
16 16 25 15 22 15 19 23 18 0 22 21 22 18 21 25
17 21 18 21 17 19 21 20 17 22 0 15 16 16 25 19
17 19 25 22 24 17 18 18 24 21 15 0 19 24 22 18
16 22 18 15 16 19 23 21 25 22 16 19 0 15 25 17
24 24 16 24 18 16 25 18 24 18 16 24 15 0 25 16
24 21 18 25 16 15 21 17 21 21 25 22 25 25 0 20
24 19 22 16 25 21 18 19 21 25 19 18 17 16 20 0
