14
26
156 110 48 111 33 87 90 72 30 108 100 19 82 36 93 70 38 13 57 115 41 136 20 133 53 78
61 95 109 134 147 114 60 67 121 70 133 70 106 40 1 40 71 26 158 142 91 149 84 63 126 157
62 108 71 13 152 1 70 10 61 69 102 33 112 141 147 39 27 80 116 159 149 132 38 70 118 132
49 89 144 5 40 149 124 1 38 93 151 145 83 135 130 156 92 7 158 92 149 10 52 36 47 38
75 2 157 98 138 60 73 27 67 47 12 147 96 30 158 40 120 130 39 79 4 96 38 126 47 100
13 158 89 16 30 101 103 3 102 17 149 152 125 156 68 21 152 144 137 97 78 54 99 144 36 85
126 106 23 81 157 40 73 55 24 57 157 128 6 9 44 85 10 132 68 58 10 86 116 81 89 112
95 50 36 144 82 28 41 93 64 146 99 68 25 47 151 50 116 57 146 137 100 9 39 64 99 125
134 144 91 125 103 94 55 68 36 154 81 69 95 28 96 33 66 27 145 22 28 26 116 7 54 148
87 107 2 105 128 120 149 43 105 114 43 145 91 45 113 41 90 156 13 141 60 103 57 13 45 32
61 133 102 153 56 41 53 107 49 24 148 32 144 2 12 151 8 52 92 12 154 65 13 88 80 40
31 95 146 87 25 152 124 137 87 18 139 91 104 100 147 126 86 45 99 50 9 134 43 42 152 6
146 49 65 66 42 151 126 17 130 83 148 93 106 106 19 18 21 66 38 124 60 6 72 72 35 78
133 116 40 144 128 30 67 28 98 132 150 53 160 137 6 133 35 138 143 104 130 15 110 5 135 121
0 21 24 23 16 20 25 20 18 25 25 19 19 22 20 17
21 0 20 23 25 23 17 25 20 15 24 21 17 19 23 18
24 20 0 16 17 19 19 23 18 22 24 22 22 17 22 21
23 23 16 0 16 18 25 22 18 20 23 21 17 15 17 19
16 25 17 16 0 20 18 25 15 16 22 21 16 22 18 17
20 23 19 18 20 0 17 19 24 19 22 17 25 15 23 25
25 17 19 25 18 17 0 24 19 25 21 23 15 25 23 23
20 25 23 22 25 19 24 0 15 15 17 24 25 15 20 24
18 20 18 18 15 24 19 15 0 16 16 15 18 21 21 19
25 15 22 20 16 19 25 15 16 0 19 25 15 25 23 20
25 24 24 23 22 22 21 17 16 19 0 15 17 17 22 16
19 21 22 21 21 17 23 24 15 25 15 0 25 20 19 22
19 17 22 17 16 25 15 25 18 15 17 25 0 15 20 23
22 19 17 15 22 15 25 15 21 25 17 20 15 0 18 18
20 23 22 17 18 23 23 20 21 23 22 19 20 18 0 17
17 18 21 19 17 25 23 24 19 20 16 22 23 18 17 0
