14
10
36 61 38 20 21 27 55 23 9 38
18 33 23 56 72 33 28 62 65 45
50 69 51 13 52 1 76 49 48 28
69 73 8 21 20 55 43 70 7 31
3 24 40 49 61 45 40 24 25 27
69 3 21 1 8 8 78 10 35 32
71 10 64 72 31 5 66 12 8 47
31 48 41 79 44 52 2 78 56 53
66 78 74 3 59 30 49 73 30 61
6 38 39 31 28 37 24 65 1 56
28 36 39 32 58 13 53 20 51 35
30 38 62 43 55 23 73 51 53 51
2 46 48 16 41 79 54 73 26 65
62 70 12 4 23 79 38 2 46 61
0 22 22 20 20 22 18 23 23 19 16 20 19 25 22 22
22 0 24 25 19 23 15 17 16 21 19 22 15 23 23 24
22 24 0 25 21 25 23 21 18 23 19 17 18 19 16 24
20 25 25 0 21 17 22 25 22 20 24 18 15 25 16 23
20 19 21 21 0 23 24 15 19 25 15 16 25 22 19 25
22 23 25 17 23 0 19 23 15 15 17 18 17 23 24 18
18 15 23 22 24 19 0 25 16 21 23 17 15 24 16 18
23 17 21 25 15 23 25 0 17 18 24 20 23 25 25 19
23 16 18 22 19 15 16 17 0 15 24 21 16 17 21 16
19 21 23 20 25 15 21 18 15 0 17 19 23 25 25 24
16 19 19 24 15 17 23 24 24 17 0 19 23 16 20 16
20 22 17 18 16 18 17 20 21 19 19 0 15 17 25 18
19 15 18 15 25 17 15 23 16 23 23 15 0 20 19 24
25 23 19 25 22 23 24 25 17 25 16 17 20 0 20 16
22 23 16 16 19 24 16 25 21 25 20 25 19 20 0 20
22 24 24 23 25 18 18 19 16 24 16 18 24 16 20 0
