14
12
45 29 48 19 39 30 46 4 45 5 34 12
73 34 12 38 24 59 25 1 7 36 46 27
6 33 25 28 38 9 37 72 73 44 17 75
62 31 41 56 68 47 67 69 18 78 44 66
71 17 32 10 28 7 80 35 59 49 12 47
21 12 3 70 65 56 46 47 58 49 79 23
62 23 20 14 25 67 77 22 8 14 3 67
15 63 21 72 18 32 6 74 36 34 67 37
18 1 77 7 7 3 70 59 7 64 26 4
18 75 23 17 35 4 25 22 77 17 80 58
75 79 78 55 39 27 57 74 33 67 14 69
10 10 26 19 58 53 64 73 26 29 47 7
68 54 75 63 11 76 5 27 35 68 26 64
17 3 77 36 25 79 21 13 2 57 74 37
0 25 16 21 15 25 15 15 19 21 25 18 18 18 19 17
25 0 17 24 23 20 19 22 19 15 18 20 25 18 18 21
16 17 0 25 16 15 17 20 16 22 17 18 18 19 19 16
21 24 25 0 20 15 22 19 19 23 19 21 21 20 17 15
15 23 16 20 0 22 17 20 17 21 23 23 17 16 24 17
25 20 15 15 22 0 17 17 15 20 17 18 24 18 18 17
15 19 17 22 17 17 0 22 21 20 23 21 24 15 22 23
15 22 20 19 20 17 22 0 23 17 23 15 16 19 18 18
19 19 16 19 17 15 21 23 0 23 18 21 18 23 15 23
21 15 22 23 21 20 20 17 23 0 18 22 21 23 22 22
25 18 17 19 23 17 23 23 18 18 0 17 20 18 18 21
18 20 18 21 23 18 21 15 21 22 17 0 25 21 17 20
18 25 18 21 17 24 24 16 18 21 20 25 0 21 17 25
18 18 19 20 16 18 15 19 23 23 18 21 21 0 15 18
19 18 19 17 24 18 22 18 15 22 18 17 17 15 0 16
17 21 16 15 17 17 23 18 23 22 21 20 25 18 16 0
