14
11
13 17 4 4 25 34 28 29 36 26 8 37 21 33
0 16 16 25 18 16 20 17 17 19 19 23 18 23 25 22
16 0 19 25 21 22 22 22 24 22 22 24 15 20 25 24
16 19 0 18 22 15 25 16 23 25 17 16 25 19 17 15
25 25 18 0 19 24 22 25 19 25 16 15 17 17 19 23
18 21 22 19 0 21 23 17 17 21 19 20 18 20 17 23
16 22 15 24 21 0 15 21 22 23 21 22 21 23 24 19
20 22 25 22 23 15 0 18 16 25 24 23 23 17 17 17
17 22 16 25 17 21 18 0 16 23 25 19 18 21 22 23
17 24 23 19 17 22 16 16 0 19 17 19 18 20 23 15
19 22 25 25 21 23 25 23 19 0 17 23 20 22 18 16
19 22 17 16 19 21 24 25 17 17 0 22 20 24 20 17
23 24 16 15 20 22 23 19 19 23 22 0 18 16 23 17
18 15 25 17 18 21 23 18 18 20 20 18 0 16 16 23
23 20 19 17 20 23 17 21 20 22 24 16 16 0 19 20
25 25 17 19 17 24 17 22 23 18 20 23 16 19 0 23
22 24 15 23 23 19 17 23 15 16 17 17 23 20 23 0
