14
12
24 158 27 112 89 40 149 154 61 50 17 1
26 130 146 118 74 120 60 38 152 53 22 135
35 155 30 85 27 120 30 49 108 38 37 129
90 16 57 75 23 81 122 102 81 44 149 135
38 31 99 159 140 159 139 106 24 15 106 7
115 91 20 156 44 18 153 89 110 136 50 149
102 48 97 12 58 71 85 125 48 85 44 113
76 68 13 18 143 120 146 107 51 4 9 52
145 117 28 151 127 135 66 121 124 159 97 105
120 68 26 28 94 63 24 16 67 64 17 109
118 122 101 40 40 36 27 48 155 15 21 82
137 59 111 65 45 140 61 29 69 28 132 135
16 79 43 78 127 109 121 27 90 123 136 23
130 99 77 72 134 128 95 143 51 144 102 80
0 23 20 25 19 19 21 21 23 21 20 22 16 23 19 17
23 0 17 22 23 23 22 24 23 16 19 16 19 15 18 15
20 17 0 16 21 19 17 19 19 22 25 24 18 25 24 16
25 22 16 0 18 18 18 17 24 24 15 19 20 24 20 17
19 23 21 18 0 24 23 19 17 24 16 18 23 24 21 21
19 23 19 18 24 0 17 20 21 23 23 16 21 24 23 22
21 22 17 18 23 17 0 25 24 25 18 23 22 23 19 22
21 24 19 17 19 20 25 0 17 19 17 17 18 24 21 21
23 23 19 24 17 21 24 17 0 24 23 19 25 16 18 22
21 16 22 24 24 23 25 19 24 0 16 25 16 16 18 21
20 19 25 15 16 23 18 17 23 16 0 20 25 19 20 19
22 16 24 19 18 16 23 17 19 25 20 0 22 21 18 21
16 19 18 20 23 21 22 18 25 16 25 22 0 21 25 18
23 15 25 24 24 24 23 24 16 16 19 21 21 0 20 24
19 18 24 20 21 23 19 21 18 18 20 18 25 20 0 24
17 15 16 17 21 22 22 21 22 21 19 21 18 24 24 0
