14
13
98 153 143 99 155 71 47 1 86 145 90 19 101 119
0 23 19 20 20 16 15 17 25 24 18 19 16 25 23 20
23 0 25 15 24 17 16 25 20 23 17 22 24 21 16 23
19 25 0 20 16 17 21 20 16 25 21 16 15 22 15 19
20 15 20 0 23 24 18 20 15 22 25 21 22 23 16 21
20 24 16 23 0 16 21 16 15 18 20 19 15 22 15 22
16 17 17 24 16 0 15 20 18 18 18 24 16 15 20 21
15 16 21 18 21 15 0 23 24 21 17 24 23 17 20 24
17 25 20 20 16 20 23 0 17 15 21 15 17 18 15 17
25 20 16 15 15 18 24 17 0 20 25 16 23 17 21 24
24 23 25 22 18 18 21 15 20 0 19 23 21 25 16 15
18 17 21 25 20 18 17 21 25 19 0 19 18 21 25 18
19 22 16 21 19 24 24 15 16 23 19 0 18 19 18 25
16 24 15 22 15 16 23 17 23 21 18 18 0 17 23 19
25 21 22 23 22 15 17 18 17 25 21 19 17 0 15 23
23 16 15 16 15 20 20 15 21 16 25 18 23 15 0 16
20 23 19 21 22 21 24 17 24 15 18 25 19 23 16 0
