14
26
82 33 57 9 71 43 76 11 91 76 33 65 26 70 35 44 53 97 39 51 61 65 95 6 114 42
73 48 67 69 13 38 40 109 116 95 70 100 95 84 94 64 60 31 102 89 102 32 92 34 87 64
117 18 47 42 85 110 104 57 11 52 39 61 16 47 48 60 61 86 57 70 87 51 24 49 43 52
60 115 90 54 60 1 74 80 20 44 95 54 61 108 72 105 117 46 107 9 11 68 4 79 72 53
87 4 91 73 66 26 62 111 120 19 40 42 62 54 112 117 46 99 65 85 7 50 60 29 117 46
33 100 68 16 38 79 91 25 20 55 70 103 69 120 58 111 100 84 34 22 4 70 98 112 112 51
40 104 43 38 89 28 71 53 76 69 48 58 22 35 83 3 32 119 34 66 52 61 30 7 70 102
14 18 112 112 96 118 80 24 118 12 39 3 57 63 92 106 56 15 80 47 84 31 47 117 8 59
6 104 116 41 80 92 21 82 64 84 48 109 58 49 41 116 10 21 67 80 18 65 62 65 33 62
55 40 28 107 35 101 69 33 105 96 6 64 89 118 93 52 80 64 14 114 120 82 10 9 82 43
3 119 34 115 59 29 101 104 64 8 20 95 61 7 49 4 53 75 3 11 9 112 80 76 56 105
37 84 25 11 58 47 44 78 51 3 57 34 55 18 89 41 52 4 98 99 56 76 2 79 6 104
38 62 116 86 77 69 120 75 8 27 68 2 13 68 23 5 45 96 93 50 58 79 42 58 91 30
62 50 58 76 58 74 27 103 62 107 12 63 14 111 99 46 84 72 37 61 62 78 73 27 34 93
0 19 24 18 25 17 16 23 23 21 21 16 19 25 19 24
19 0 24 18 17 20 15 18 22 19 24 22 23 22 16 22
24 24 0 20 25 15 21 20 18 17 15 22 16 23 25 20
18 18 20 0 19 17 18 15 16 16 23 24 19 19 25 17
25 17 25 19 0 17 15 17 25 17 16 17 15 21 17 18
17 20 15 17 17 0 19 18 20 24 16 18 16 18 24 20
16 15 21 18 15 19 0 21 17 23 17 25 24 23 24 24
23 18 20 15 17 18 21 0 24 25 16 16 24 15 24 22
23 22 18 16 25 20 17 24 0 19 17 19 23 16 21 22
21 19 17 16 17 24 23 25 19 0 20 15 21 23 15 19
21 24 15 23 16 16 17 16 17 20 0 20 23 24 15 17
16 22 22 24 17 18 25 16 19 15 20 0 25 20 24 16
19 23 16 19 15 16 24 24 23 21 23 25 0 24 23 21
25 22 23 19 21 18 23 15 16 23 24 20 24 0 16 19
19 16 25 25 17 24 24 24 21 15 15 24 23 16 0 19
24 22 20 17 18 20 24 22 22 19 17 16 21 19 19 0
