14
24
6 20 28 32 6 18 18 37 5 21 14 12 26 34 14 21 16 14 37 13 1 31 25 5
20 15 30 38 33 34 37 40 13 35 11 22 36 6 7 40 24 33 4 12 4 36 10 38
4 18 6 14 21 18 37 14 7 12 17 17 31 40 13 11 27 33 25 25 37 34 4 34
12 33 12 18 20 3 39 20 23 31 26 9 2 7 40 19 26 31 30 6 6 6 18 39
26 19 29 14 3 26 17 26 17 15 29 34 18 33 9 1 18 37 36 8 2 10 10 40
23 35 19 40 27 9 29 28 30 36 4 22 20 24 23 14 39 19 29 3 1 15 27 10
32 13 38 3 4 15 21 9 31 9 30 25 4 13 16 10 24 32 10 35 6 31 4 14
8 14 7 17 28 27 14 13 18 4 30 11 28 2 20 29 33 35 10 37 1 4 1 20
26 9 11 4 40 32 37 14 3 33 4 20 23 4 13 10 30 30 19 36 16 24 33 31
40 29 25 11 36 2 39 5 20 13 23 16 22 2 6 25 23 24 9 25 11 29 35 31
38 30 29 10 32 35 12 3 1 16 16 30 39 23 29 10 20 2 16 4 17 4 6 39
2 21 9 32 24 12 5 39 2 21 4 37 24 8 26 20 24 22 13 36 9 9 8 19
1 8 13 22 23 31 20 10 33 19 28 9 34 14 36 8 2 28 28 28 2 9 33 5
9 10 20 5 7 30 31 37 5 19 34 26 1 6 6 40 3 6 15 12 8 32 15 35
0 19 17 18 19 17 16 19 17 23 17 22 23 17 19 21
19 0 23 15 24 15 15 24 24 16 19 22 17 15 16 16
17 23 0 18 19 16 25 21 24 16 18 15 24 20 25 21
18 15 18 0 15 22 25 16 24 24 15 20 19 19 20 19
19 24 19 15 0 20 24 18 23 19 24 21 19 23 25 20
17 15 16 22 20 0 23 16 17 18 21 19 21 16 16 17
16 15 25 25 24 23 0 20 23 20 18 22 16 15 16 17
19 24 21 16 18 16 20 0 20 15 16 15 21 25 18 22
17 24 24 24 23 17 23 20 0 20 24 22 16 21 21 21
23 16 16 24 19 18 20 15 20 0 20 15 18 15 25 25
17 19 18 15 24 21 18 16 24 20 0 20 18 16 16 16
22 22 15 20 21 19 22 15 22 15 20 0 17 17 19 17
23 17 24 19 19 21 16 21 16 18 18 17 0 18 20 17
17 15 20 19 23 16 15 25 21 15 16 17 18 0 25 17
19 16 25 20 25 16 16 18 21 25 16 19 20 25 0 24
21 16 21 19 20 17 17 22 21 25 16 17 17 17 24 0
