14
7
78 80 108 44 61 98 59 62 52 51 94 112 86 86
0 15 23 22 15 22 18 25 24 19 21 23 22 20 25 19
15 0 19 23 16 22 19 18 15 22 23 19 21 19 22 20
23 19 0 21 16 21 17 18 24 16 18 17 25 15 24 25
22 23 21 0 16 17 17 25 24 16 21 24 19 21 20 23
15 16 16 16 0 24 18 25 21 24 18 18 18 19 19 15
22 22 21 17 24 0 16 24 17 25 24 16 18 21 25 18
18 19 17 17 18 16 0 22 25 18 21 16 21 21 15 21
25 18 18 25 25 24 22 0 24 18 18 16 19 24 24 22
24 15 24 24 21 17 25 24 0 24 18 22 21 18 15 22
19 22 16 16 24 25 18 18 24 0 25 25 20 24 15 16
21 23 18 21 18 24 21 18 18 25 0 20 22 18 18 20
23 19 17 24 18 16 16 16 22 25 20 0 16 19 25 16
22 21 25 19 18 18 21 19 21 20 22 16 0 20 18 22
20 19 15 21 19 21 21 24 18 24 18 19 20 0 20 20
25 22 24 20 19 25 15 24 15 15 18 25 18 20 0 21
19 20 25 23 15 18 21 22 22 16 20 16 22 20 21 0
