14
4
28 6 40 36
1 39 1 4
21 22 34 29
21 34 36 9
11 38 34 5
12 6 1 28
24 35 31 1
27 13 36 19
14 23 35 32
30 31 17 9
29 2 12 6
35 28 5 27
3 39 20 13
20 36 7 17
0 19 22 21 18 21 19 17 17 23 22 25 22 23 15 17
19 0 24 21 24 19 21 23 16 15 18 25 19 19 24 15
22 24 0 17 24 15 15 24 21 17 23 25 15 18 18 17
21 21 17 0 20 18 23 16 20 21 18 16 23 16 16 20
18 24 24 20 0 21 18 16 23 22 24 18 24 23 23 21
21 19 15 18 21 0 21 25 24 24 19 23 19 17 23 24
19 21 15 23 18 21 0 20 22 21 19 19 20 16 17 23
17 23 24 16 16 25 20 0 18 19 20 16 20 22 19 20
17 16 21 20 23 24 22 18 0 17 17 25 23 22 19 24
23 15 17 21 22 24 21 19 17 0 20 15 15 20 17 19
22 18 23 18 24 19 19 20 17 20 0 17 20 15 15 21
25 25 25 16 18 23 19 16 25 15 17 0 24 21 15 21
22 19 15 23 24 19 20 20 23 15 20 24 0 25 20 15
23 19 18 16 23 17 16 22 22 20 15 21 25 0 17 17
15 24 18 16 23 23 17 19 19 17 15 15 20 17 0 22
17 15 17 20 21 24 23 20 24 19 21 21 15 17 22 0
