14
20
158 93 118 4 146 52 21 27 158 89 13 52 43 16 24 102 66 103 76 85
116 61 111 145 40 155 160 80 81 153 76 28 9 126 97 13 75 136 109 51
31 8 19 86 5 87 35 15 121 69 59 140 73 53 26 68 40 118 118 86
56 81 78 69 2 57 39 67 51 39 91 36 11 104 1 146 106 113 5 93
145 131 75 81 87 66 4 101 55 14 36 96 110 111 65 148 92 48 126 114
159 39 62 146 14 68 120 124 149 22 77 157 144 37 76 58 95 62 92 66
157 66 42 58 36 136 94 134 27 18 5 138 75 95 40 135 125 150 54 67
46 92 36 108 87 113 30 70 48 56 78 51 61 61 67 123 39 9 43 150
10 4 155 15 130 137 148 12 25 31 83 70 35 33 92 112 138 47 89 43
147 2 132 98 54 49 125 83 107 71 39 86 83 126 71 144 58 29 51 30
155 101 126 27 110 79 141 59 87 39 149 126 125 3 73 54 76 139 69 154
84 62 125 142 49 57 126 19 145 78 127 25 149 56 97 49 128 54 103 63
88 129 17 147 99 26 22 148 138 96 107 67 128 6 24 142 107 34 133 111
58 129 113 89 16 124 64 12 18 82 122 111 135 50 44 67 10 82 44 116
0 19 15 19 16 23 20 18 19 20 23 25 18 20 24 16
19 0 21 18 21 24 23 17 18 15 15 18 25 24 25 15
15 21 0 21 23 18 22 16 16 18 24 18 19 20 22 22
19 18 21 0 20 17 17 20 25 17 25 24 21 23 23 18
16 21 23 20 0 15 16 19 16 15 20 22 24 22 21 17
23 24 18 17 15 0 17 25 20 23 21 19 16 24 20 23
20 23 22 17 16 17 0 17 23 21 15 24 16 18 22 16
18 17 16 20 19 25 17 0 17 21 16 24 21 18 17 16
19 18 16 25 16 20 23 17 0 21 18 15 20 16 17 25
20 15 18 17 15 23 21 21 21 0 17 23 21 23 21 15
23 15 24 25 20 21 15 16 18 17 0 19 16 17 17 22
25 18 18 24 22 19 24 24 15 23 19 0 21 20 16 21
18 25 19 21 24 16 16 21 20 21 16 21 0 20 25 23
20 24 20 23 22 24 18 18 16 23 17 20 20 0 15 19
24 25 22 23 21 20 22 17 17 21 17 16 25 15 0 25
16 15 22 18 17 23 16 16 25 15 22 21 23 19 25 0
