14
5
26 21 16 7 25 27 31 26 7 2 37 30 20 25
0 22 25 20 23 22 24 16 20 20 19 25 25 18 22 25
22 0 25 18 19 17 25 24 21 15 23 19 20 17 25 20
25 25 0 17 23 19 25 24 19 17 25 19 16 20 22 18
20 18 17 0 21 20 24 21 19 17 17 15 20 21 23 20
23 19 23 21 0 20 21 15 16 20 24 25 24 16 18 20
22 17 19 20 20 0 21 20 18 19 25 21 23 17 25 20
24 25 25 24 21 21 0 16 16 23 16 20 21 24 22 15
16 24 24 21 15 20 16 0 23 21 19 15 15 19 25 22
20 21 19 19 16 18 16 23 0 22 25 15 25 20 19 21
20 15 17 17 20 19 23 21 22 0 24 16 24 23 21 19
19 23 25 17 24 25 16 19 25 24 0 22 20 19 18 16
25 19 19 15 25 21 20 15 15 16 22 0 20 19 15 18
25 20 16 20 24 23 21 15 25 24 20 20 0 19 18 18
18 17 20 21 16 17 24 19 20 23 19 19 19 0 15 23
22 25 22 23 18 25 22 25 19 21 18 15 18 15 0 19
25 20 18 20 20 20 15 22 21 19 16 18 18 23 19 0
