14
14
48 31 107 51 36 98 57 59 71 15 12 119 73 120
25 10 82 113 63 87 16 106 2 120 71 2 102 8
104 80 76 115 107 92 30 13 22 92 60 13 19 87
69 56 45 9 57 101 41 55 48 47 103 110 106 47
120 53 82 5 1 86 72 15 76 22 62 81 62 6
21 97 37 75 85 105 113 42 5 79 97 114 108 87
65 88 79 107 6 114 62 58 59 60 91 49 85 26
65 11 59 115 65 57 42 5 29 68 48 74 13 117
106 48 108 83 104 35 12 46 85 9 87 17 108 46
10 57 39 70 11 84 37 41 94 61 68 86 30 7
114 10 106 81 81 70 16 46 48 65 118 2 1 13
59 70 36 85 31 35 94 40 11 92 18 106 102 13
28 114 114 77 120 56 78 1 71 87 2 116 114 110
49 94 106 31 50 113 37 8 11 93 47 11 25 70
0 15 17 23 24 25 17 22 17 25 21 15 21 21 22 16
15 0 21 19 16 18 17 17 21 18 22 18 23 22 20 22
17 21 0 24 22 25 20 18 25 23 25 19 25 17 16 23
23 19 24 0 22 25 19 23 24 17 19 17 17 15 15 19
24 16 22 22 0 20 20 17 16 23 19 25 18 17 20 17
25 18 25 25 20 0 17 24 17 21 15 24 24 18 25 19
17 17 20 19 20 17 0 15 22 24 23 20 20 23 23 16
22 17 18 23 17 24 15 0 24 25 20 19 18 19 22 25
17 21 25 24 16 17 22 24 0 18 18 22 22 19 18 21
25 18 23 17 23 21 24 25 18 0 20 15 21 16 19 23
21 22 25 19 19 15 23 20 18 20 0 20 21 21 17 23
15 18 19 17 25 24 20 19 22 15 20 0 15 22 19 16
21 23 25 17 18 24 20 18 22 21 21 15 0 20 25 20
21 22 17 15 17 18 23 19 19 16 21 22 20 0 20 16
22 20 16 15 20 25 23 22 18 19 17 19 25 20 0 22
16 22 23 19 17 19 16 25 21 23 23 16 20 16 22 0
