14
15
152 142 34 74 81 39 134 62 78 21 35 73 94 133
0 17 15 19 17 15 19 25 23 22 20 22 22 15 25 19
17 0 24 15 21 25 16 25 18 21 22 22 25 20 15 21
15 24 0 24 24 20 21 23 23 18 21 16 21 16 20 16
19 15 24 0 20 20 24 19 15 22 19 17 22 16 25 19
17 21 24 20 0 18 19 23 18 21 15 25 23 19 21 25
15 25 20 20 18 0 20 23 23 20 19 23 23 23 23 19
19 16 21 24 19 20 0 17 23 17 24 17 16 24 25 25
25 25 23 19 23 23 17 0 24 20 22 19 21 19 17 23
23 18 23 15 18 23 23 24 0 18 25 24 15 23 22 20
22 21 18 22 21 20 17 20 18 0 15 21 17 18 17 17
20 22 21 19 15 19 24 22 25 15 0 21 25 16 23 18
22 22 16 17 25 23 17 19 24 21 21 0 15 18 17 20
22 25 21 22 23 23 16 21 15 17 25 15 0 22 24 24
15 20 16 16 19 23 24 19 23 18 16 18 22 0 15 18
25 15 20 25 21 23 25 17 22 17 23 17 24 15 0 23
19 21 16 19 25 19 25 23 20 17 18 20 24 18 23 0
