14
11
52 60 80 64 143 78 90 27 90 68 42 101 86 55
0 24 19 16 24 22 16 18 24 20 22 15 22 20 20 22
24 0 17 16 20 19 15 25 18 17 17 21 22 22 16 20
19 17 0 20 21 18 22 21 17 16 25 18 19 16 17 15
16 16 20 0 21 25 22 19 25 15 15 15 16 18 16 16
24 20 21 21 0 16 15 20 20 15 15 19 25 20 22 20
22 19 18 25 16 0 22 25 20 22 24 15 22 25 18 17
16 15 22 22 15 22 0 21 23 16 17 22 22 25 22 21
18 25 21 19 20 25 21 0 22 22 19 15 23 20 23 18
24 18 17 25 20 20 23 22 0 21 18 24 23 22 25 16
20 17 16 15 15 22 16 22 21 0 22 22 19 17 23 21
22 17 25 15 15 24 17 19 18 22 0 25 21 21 17 23
15 21 18 15 19 15 22 15 24 22 25 0 19 17 20 25
22 22 19 16 25 22 22 23 23 19 21 19 0 16 19 17
20 22 16 18 20 25 25 20 22 17 21 17 16 0 22 23
20 16 17 16 22 18 22 23 25 23 17 20 19 22 0 24
22 20 15 16 20 17 21 18 16 21 23 25 17 23 24 0
