14
18
93 18 30 98 89 89 28 13 14 26 47 87 29 66 101 57 72 80
118 66 75 90 114 89 99 82 79 99 38 105 2 10 90 35 2 116
26 49 51 105 9 6 74 47 26 74 24 105 114 46 77 93 118 34
111 41 111 45 114 12 52 24 42 16 88 10 44 16 26 102 117 61
52 100 22 52 80 75 78 29 42 42 35 62 25 55 36 109 85 48
89 86 43 98 71 91 92 116 48 63 50 43 79 7 32 55 25 12
69 11 60 5 77 10 22 12 72 47 45 110 58 72 8 60 50 112
87 69 67 29 27 74 47 97 115 63 80 107 37 24 14 100 16 22
60 106 68 36 49 15 110 118 40 68 8 1 22 74 66 26 2 108
89 34 108 24 74 97 70 42 79 45 34 85 97 38 31 23 7 49
37 94 65 95 26 48 10 111 58 80 89 69 51 75 105 16 10 96
56 105 78 23 86 103 20 112 20 88 12 33 52 58 109 71 110 71
61 4 78 110 105 79 37 74 79 66 76 52 17 88 100 10 119 86
101 66 88 117 71 1 40 60 15 95 56 114 118 5 17 3 28 57
0 24 24 17 23 16 24 18 22 21 22 22 15 22 15 15
24 0 25 16 17 16 24 24 19 21 18 15 16 15 23 22
24 25 0 19 21 19 25 17 17 23 20 24 18 15 23 24
17 16 19 0 20 21 15 24 24 22 16 18 20 23 19 21
23 17 21 20 0 23 15 19 21 20 18 25 16 19 20 17
16 16 19 21 23 0 22 19 23 25 18 23 18 16 21 23
24 24 25 15 15 22 0 16 18 18 19 25 18 19 15 19
18 24 17 24 19 19 16 0 22 25 17 25 18 17 23 18
22 19 17 24 21 23 18 22 0 21 19 23 21 19 20 25
21 21 23 22 20 25 18 25 21 0 16 21 25 21 19 17
22 18 20 16 18 18 19 17 19 16 0 18 21 23 19 16
22 15 24 18 25 23 25 25 23 21 18 0 15 17 21 21
15 16 18 20 16 18 18 18 21 25 21 15 0 25 25 19
22 15 15 23 19 16 19 17 19 21 23 17 25 0 21 17
15 23 23 19 20 21 15 23 20 19 19 21 25 21 0 16
15 22 24 21 17 23 19 18 25 17 16 21 19 17 16 0
