14
10
3 116 53 27 17 114 84 47 66 38 15 51 93 105
0 25 20 22 24 25 25 18 16 22 23 25 21 22 22 17
25 0 15 20 20 22 24 24 25 22 23 24 15 21 20 21
20 15 0 18 16 16 18 25 15 16 19 16 18 15 23 20
22 20 18 0 21 21 22 19 18 17 20 17 21 17 25 17
24 20 16 21 0 22 15 20 23 15 25 19 16 22 20 24
25 22 16 21 22 0 22 17 16 25 16 18 20 24 22 20
25 24 18 22 15 22 0 16 15 24 22 18 24 20 25 23
18 24 25 19 20 17 16 0 17 24 25 21 22 19 16 17
16 25 15 18 23 16 15 17 0 20 25 25 22 24 16 20
22 22 16 17 15 25 24 24 20 0 25 24 17 16 20 22
23 23 19 20 25 16 22 25 25 25 0 25 22 20 22 22
25 24 16 17 19 18 18 21 25 24 25 0 24 22 17 16
21 15 18 21 16 20 24 22 22 17 22 24 0 18 22 16
22 21 15 17 22 24 20 19 24 16 20 22 18 0 16 21
22 20 23 25 20 22 25 16 16 20 22 17 22 16 0 21
17 21 20 17 24 20 23 17 20 22 22 16 16 21 21 0
