14
20
84 114 3 88 5 70 51 118 86 18 76 22 117 68 27 46 78 89 32 60
22 83 2 19 51 120 96 67 94 112 12 83 15 104 36 29 113 30 9 15
11 116 11 95 10 79 24 23 71 11 64 107 16 47 21 101 1 11 58 89
60 5 17 106 98 42 6 14 13 4 75 119 116 50 79 114 29 2 27 19
104 31 92 87 10 111 89 96 44 16 38 11 108 52 110 12 22 50 13 106
25 44 24 49 23 102 65 65 29 71 102 70 106 30 8 48 105 19 54 62
76 37 69 114 88 57 95 58 5 54 7 40 50 32 69 113 34 59 40 5
38 116 67 10 62 88 88 24 112 28 95 83 80 89 12 106 117 50 19 65
105 76 17 50 99 39 87 85 8 51 42 45 23 103 83 10 18 83 57 103
22 118 66 39 4 89 56 4 15 120 46 75 116 99 40 111 70 41 46 115
31 71 5 91 12 109 21 108 119 35 59 97 89 32 118 21 84 100 97 51
32 61 86 114 71 72 36 87 12 118 82 68 119 107 84 45 36 119 35 103
18 26 57 18 87 44 40 32 27 3 8 26 18 75 112 39 44 82 88 74
101 6 111 101 113 120 37 22 64 35 68 72 17 2 15 85 106 82 5 16
0 21 24 22 20 19 21 16 18 22 16 19 16 16 25 17
21 0 19 19 16 21 16 22 20 17 24 22 25 25 16 25
24 19 0 15 23 23 15 16 21 16 24 23 19 23 18 17
22 19 15 0 16 19 23 22 24 16 18 16 21 15 19 23
20 16 23 16 0 18 16 23 16 25 19 22 21 16 19 21
19 21 23 19 18 0 22 25 22 19 22 22 22 16 15 17
21 16 15 23 16 22 0 23 21 17 19 16 24 18 21 21
16 22 16 22 23 25 23 0 23 17 24 16 15 18 15 15
18 20 21 24 16 22 21 23 0 16 17 25 21 19 23 17
22 17 16 16 25 19 17 17 16 0 15 15 19 17 25 25
16 24 24 18 19 22 19 24 17 15 0 25 15 17 20 17
19 22 23 16 22 22 16 16 25 15 25 0 16 23 23 19
16 25 19 21 21 22 24 15 21 19 15 16 0 23 21 18
16 25 23 15 16 16 18 18 19 17 17 23 23 0 16 23
25 16 18 19 19 15 21 15 23 25 20 23 21 16 0 19
17 25 17 23 21 17 21 15 17 25 17 19 18 23 19 0
