14
20
7 14 34 9 33 35 24 23 12 12 18 40 37 36 11 22 2 9 26 6
18 29 26 17 16 25 34 31 16 19 34 13 32 31 10 35 20 24 39 11
25 2 27 14 36 7 30 19 35 17 25 5 32 13 29 7 7 18 24 14
14 29 39 7 19 19 39 21 24 31 17 22 35 31 15 5 31 39 1 32
5 20 11 1 29 25 9 36 24 38 33 36 16 29 29 14 15 2 11 26
24 9 24 1 33 22 28 11 36 13 5 24 19 17 38 31 36 29 35 12
27 10 18 3 9 28 27 38 14 7 33 17 31 22 24 27 31 24 13 13
18 24 34 7 18 27 16 40 34 19 15 5 38 28 36 4 8 25 19 3
24 19 5 30 7 8 6 27 23 3 23 20 15 15 2 34 24 5 32 4
3 34 12 12 37 27 7 12 22 40 25 10 8 6 20 2 40 8 14 9
21 17 35 4 27 24 13 18 6 6 19 12 35 25 14 32 10 20 2 12
5 40 35 22 25 7 31 1 2 16 8 5 35 40 35 37 35 15 33 13
15 35 3 36 12 1 25 8 25 37 7 7 11 33 13 35 39 14 33 39
12 1 13 21 10 26 1 38 10 8 36 17 23 21 37 15 40 34 27 26
0 17 16 15 15 19 22 17 22 20 23 15 25 16 23 23
17 0 25 17 24 23 18 18 21 20 25 24 15 19 17 20
16 25 0 25 25 19 19 20 21 20 17 18 19 25 15 24
15 17 25 0 18 20 19 17 18 20 23 19 25 24 18 18
15 24 25 18 0 16 25 24 23 17 20 18 24 23 17 17
19 23 19 20 16 0 25 19 19 19 21 19 25 25 21 16
22 18 19 19 25 25 0 20 20 16 22 16 17 15 15 21
17 18 20 17 24 19 20 0 23 24 16 17 21 15 15 18
22 21 21 18 23 19 20 23 0 22 22 21 20 17 19 21
20 20 20 20 17 19 16 24 22 0 22 17 22 17 22 22
23 25 17 23 20 21 22 16 22 22 0 16 24 19 19 15
15 24 18 19 18 19 16 17 21 17 16 0 16 19 17 15
25 15 19 25 24 25 17 21 20 22 24 16 0 21 17 23
16 19 25 24 23 25 15 15 17 17 19 19 21 0 23 22
23 17 15 18 17 21 15 15 19 22 19 17 17 23 0 18
23 20 24 18 17 16 21 18 21 22 15 15 23 22 18 0
