14
24
26 79 3 25 64 63 58 14 64 29 45 70 21 24 57 18 34 44 76 31 17 76 75 64
2 46 9 6 11 58 79 16 49 5 40 29 15 57 51 22 64 50 4 24 36 18 52 23
48 45 49 71 70 45 68 3 30 73 6 32 14 50 70 64 80 6 46 50 16 1 64 6
26 13 66 42 70 19 40 15 67 51 30 25 54 19 18 39 18 40 52 7 44 47 9 3
12 66 50 12 36 68 79 7 4 65 35 22 3 38 22 4 40 9 71 32 47 44 51 24
80 4 39 60 36 58 6 7 29 21 14 45 15 79 8 25 23 77 35 80 62 10 25 76
66 78 69 46 70 45 5 70 38 23 73 66 12 27 2 53 26 36 50 74 15 30 53 64
14 4 22 15 10 66 4 59 5 28 30 22 4 18 41 30 25 50 14 21 66 14 67 31
42 40 45 20 42 38 75 8 31 72 4 40 70 58 51 71 20 47 29 75 25 2 77 43
54 37 56 55 22 43 75 30 54 51 1 5 48 57 54 71 73 29 12 52 56 12 73 20
44 36 24 29 44 57 51 74 41 43 16 66 60 21 11 31 60 49 13 39 20 9 55 73
78 15 60 24 66 30 32 33 42 29 12 48 68 5 41 17 16 17 5 10 33 38 62 62
10 79 47 27 25 37 33 52 68 24 75 4 43 27 76 8 60 28 73 46 37 7 11 24
4 43 44 50 45 26 24 69 26 70 61 23 18 43 21 71 13 70 14 64 12 66 77 49
0 19 20 19 18 15 16 16 19 22 17 21 20 24 24 20
19 0 25 21 18 25 19 23 23 16 19 24 21 15 24 22
20 25 0 20 21 15 20 23 25 16 23 22 23 15 15 23
19 21 20 0 16 16 20 22 15 23 25 21 21 18 16 19
18 18 21 16 0 24 18 18 17 22 25 20 16 15 19 18
15 25 15 16 24 0 15 19 18 21 22 24 24 24 15 18
16 19 20 20 18 15 0 20 15 19 25 22 23 22 18 23
16 23 23 22 18 19 20 0 21 21 24 16 16 16 23 24
19 23 25 15 17 18 15 21 0 15 22 24 20 15 16 21
22 16 16 23 22 21 19 21 15 0 25 17 15 20 21 17
17 19 23 25 25 22 25 24 22 25 0 21 17 18 22 16
21 24 22 21 20 24 22 16 24 17 21 0 21 19 22 18
20 21 23 21 16 24 23 16 20 15 17 21 0 22 20 15
24 15 15 18 15 24 22 16 15 20 18 19 22 0 22 16
24 24 15 16 19 15 18 23 16 21 22 22 20 22 0 19
20 22 23 19 18 18 23 24 21 17 16 18 15 16 19 0
