15
12
37 58 58 8 6 12 52 8 2 61 43 33
7 28 68 78 79 22 9 37 56 71 22 6
72 80 27 12 3 76 8 19 13 79 63 73
24 10 62 55 41 17 48 63 25 37 31 29
14 29 46 27 10 45 31 13 74 28 39 54
43 4 2 28 70 17 15 63 41 3 28 66
72 63 28 65 32 23 43 20 71 7 58 11
69 34 2 38 34 75 10 50 34 69 45 70
29 17 44 27 9 9 24 40 32 62 77 20
78 38 47 16 62 48 39 11 16 38 45 9
47 68 77 36 37 15 52 2 50 17 38 74
2 46 20 48 43 14 29 74 4 20 39 37
28 34 28 53 58 13 7 23 15 57 59 72
19 18 20 65 64 43 7 28 38 65 74 79
58 46 23 17 42 20 31 32 40 11 3 39
0 16 24 25 16 21 17 15 20 18 17 18 15 25 25 24 20
16 0 16 25 19 18 25 17 23 17 22 23 20 18 18 18 23
24 16 0 22 20 18 23 24 23 17 25 18 18 25 19 20 25
25 25 22 0 16 21 25 24 18 21 22 24 16 20 23 17 25
16 19 20 16 0 19 23 20 19 17 17 16 17 18 24 15 15
21 18 18 21 19 0 18 21 24 24 16 23 20 17 24 25 22
17 25 23 25 23 18 0 21 15 25 24 15 21 25 19 16 24
15 17 24 24 20 21 21 0 17 20 20 20 17 18 19 17 24
20 23 23 18 19 24 15 17 0 19 18 20 25 15 20 15 22
18 17 17 21 17 24 25 20 19 0 18 25 15 24 24 16 19
17 22 25 22 17 16 24 20 18 18 0 22 20 16 23 15 22
18 23 18 24 16 23 15 20 20 25 22 0 25 20 16 19 24
15 20 18 16 17 20 21 17 25 15 20 25 0 22 19 20 16
25 18 25 20 18 17 25 18 15 24 16 20 22 0 25 23 16
25 18 19 23 24 24 19 19 20 24 23 16 19 25 0 17 25
24 18 20 17 15 25 16 17 15 16 15 19 20 23 17 0 20
20 23 25 25 15 22 24 24 22 19 22 24 16 16 25 20 0
