15
9
3 8 7 23 13 26 27 2 6 30 9 4 32 37 11
0 17 16 19 22 22 15 21 16 23 25 19 16 23 19 23 24
17 0 20 21 22 21 15 19 20 21 22 17 21 16 18 25 19
16 20 0 20 23 23 16 17 25 20 21 15 22 17 24 18 21
19 21 20 0 17 17 19 18 22 15 16 15 22 23 21 25 18
22 22 23 17 0 19 20 22 20 24 19 21 15 16 18 17 23
22 21 23 17 19 0 15 22 18 17 19 19 21 16 24 22 18
15 15 16 19 20 15 0 15 23 19 18 21 16 23 16 18 16
21 19 17 18 22 22 15 0 24 21 24 24 15 19 17 22 25
16 20 25 22 20 18 23 24 0 21 24 20 21 15 19 22 25
23 21 20 15 24 17 19 21 21 0 23 22 15 15 24 21 20
25 22 21 16 19 19 18 24 24 23 0 17 24 24 19 21 17
19 17 15 15 21 19 21 24 20 22 17 0 24 22 23 18 15
16 21 22 22 15 21 16 15 21 15 24 24 0 19 22 15 20
23 16 17 23 16 16 23 19 15 15 24 22 19 0 25 20 15
19 18 24 21 18 24 16 17 19 24 19 23 22 25 0 18 24
23 25 18 25 17 22 18 22 22 21 21 18 15 20 18 0 23
24 19 21 18 23 18 16 25 25 20 17 15 20 15 24 23 0
