15
20
132 96 75 136 53 30 84 84 144 91 47 145 151 22 99 125 129 97 156 38
33 4 24 25 137 81 58 132 67 68 155 60 44 160 16 17 51 81 113 1
14 34 16 53 154 49 131 23 149 12 120 43 91 69 123 157 89 101 149 82
46 89 63 1 106 29 77 103 119 146 70 154 101 60 18 33 74 51 18 142
31 88 5 61 147 20 3 15 33 37 57 62 104 46 147 9 15 111 77 113
117 30 23 144 150 9 82 92 1 29 76 92 153 123 74 63 13 105 113 58
33 12 9 119 137 64 84 41 24 79 129 159 12 19 29 159 120 14 61 76
78 103 76 26 132 59 79 141 142 82 85 132 54 42 139 57 118 11 84 49
69 97 6 123 111 73 36 82 25 59 48 128 89 107 92 61 56 50 154 28
77 56 135 112 127 125 21 46 71 107 4 48 128 19 41 126 15 3 70 7
153 71 36 83 109 93 14 134 105 106 52 88 74 149 53 116 152 12 151 89
36 20 159 28 146 121 5 112 83 11 91 51 55 100 72 142 55 10 6 110
138 38 82 70 131 133 38 67 114 142 104 139 147 75 108 38 7 104 41 49
85 93 119 139 4 42 155 110 26 143 145 43 159 35 129 151 10 71 5 129
129 59 125 12 142 147 51 125 10 28 152 59 79 24 140 41 46 15 88 155
0 20 20 15 24 21 22 20 24 20 20 20 25 15 24 23 15
20 0 18 18 15 15 18 17 19 25 15 23 18 19 15 24 19
20 18 0 17 24 16 18 17 20 16 23 17 16 24 18 23 22
15 18 17 0 17 22 24 15 18 21 18 15 15 15 25 15 22
24 15 24 17 0 20 23 23 15 19 19 22 18 19 25 23 17
21 15 16 22 20 0 19 17 23 21 23 24 22 20 24 18 22
22 18 18 24 23 19 0 21 20 17 22 15 23 16 19 20 20
20 17 17 15 23 17 21 0 20 23 17 22 21 18 25 19 21
24 19 20 18 15 23 20 20 0 25 25 21 16 25 24 22 22
20 25 16 21 19 21 17 23 25 0 16 22 18 25 25 23 15
20 15 23 18 19 23 22 17 25 16 0 21 22 18 20 17 15
20 23 17 15 22 24 15 22 21 22 21 0 16 25 18 16 24
25 18 16 15 18 22 23 21 16 18 22 16 0 19 22 20 21
15 19 24 15 19 20 16 18 25 25 18 25 19 0 20 20 16
24 15 18 25 25 24 19 25 24 25 20 18 22 20 0 20 25
23 24 23 15 23 18 20 19 22 23 17 16 20 20 20 0 20
15 19 22 22 17 22 20 21 22 15 15 24 21 16 25 20 0
