15
24
37 3 1 16 22 13 2 2 23 17 5 9 15 17 40 13 23 3 8 20 4 4 1 3
9 4 28 27 4 11 27 34 20 31 34 8 13 26 38 31 31 10 3 32 15 8 3 32
25 4 30 22 3 26 18 4 11 31 16 30 21 22 3 11 27 24 11 15 16 36 14 7
29 22 21 22 27 38 28 36 6 7 26 15 5 4 8 5 21 14 26 7 4 3 9 33
17 34 2 30 21 9 26 24 22 32 35 36 22 10 2 22 25 3 6 17 13 5 34 9
4 1 2 21 31 24 37 34 12 10 23 3 38 19 23 22 17 10 3 9 10 26 35 11
22 28 39 16 10 35 34 13 7 29 3 32 9 21 34 35 33 13 7 22 23 26 21 34
26 4 18 10 14 7 31 38 20 11 37 13 5 5 15 28 2 38 2 1 12 3 39 23
19 19 7 31 23 15 19 16 11 11 22 7 18 25 9 25 33 25 28 16 29 22 40 35
3 22 1 6 31 34 26 5 27 12 26 13 24 22 15 16 25 8 36 21 40 29 25 21
18 11 22 1 35 8 27 37 18 6 23 30 39 32 26 29 29 18 34 37 5 12 15 33
30 36 37 20 39 1 15 7 7 10 25 15 10 20 16 24 12 3 10 22 8 24 8 22
33 29 35 18 5 19 1 34 12 10 31 13 36 16 29 12 11 37 39 33 24 30 16 27
35 38 32 1 3 23 23 27 14 21 40 26 17 14 10 18 16 28 15 18 26 32 1 21
35 33 32 3 24 40 20 23 7 3 12 22 10 27 12 18 29 14 6 19 32 30 30 6
0 22 19 17 18 20 15 20 19 16 18 23 20 25 18 23 21
22 0 21 16 17 18 16 19 25 21 23 19 17 23 23 19 15
19 21 0 21 16 22 21 24 21 24 23 20 22 20 24 24 16
17 16 21 0 21 21 20 16 25 20 20 22 16 16 17 25 15
18 17 16 21 0 25 18 17 25 24 15 23 17 20 24 18 16
20 18 22 21 25 0 22 15 16 23 23 16 15 22 15 19 19
15 16 21 20 18 22 0 18 21 16 21 24 25 17 20 15 23
20 19 24 16 17 15 18 0 20 24 15 19 17 20 21 17 16
19 25 21 25 25 16 21 20 0 20 20 23 15 18 22 18 23
16 21 24 20 24 23 16 24 20 0 18 22 23 21 20 18 18
18 23 23 20 15 23 21 15 20 18 0 19 22 21 21 24 21
23 19 20 22 23 16 24 19 23 22 19 0 18 17 17 23 25
20 17 22 16 17 15 25 17 15 23 22 18 0 16 20 23 15
25 23 20 16 20 22 17 20 18 21 21 17 16 0 23 22 18
18 23 24 17 24 15 20 21 22 20 21 17 20 23 0 22 20
23 19 24 25 18 19 15 17 18 18 24 23 23 22 22 0 24
21 15 16 15 16 19 23 16 23 18 21 25 15 18 20 24 0
