15
20
35 20 27 36 17 21 16 20 16 1 40 30 22 37 13 24 9 35 33 7
22 16 10 6 31 9 16 3 24 2 20 2 19 6 36 8 10 26 34 39
39 6 22 23 28 32 8 23 15 23 8 19 6 38 11 6 7 34 18 10
4 35 16 7 14 28 21 39 30 8 2 39 39 31 28 5 4 12 4 32
4 34 15 15 40 10 5 38 17 9 31 10 13 16 30 10 2 10 32 29
40 5 31 4 4 9 22 19 7 16 37 8 26 38 3 5 12 22 33 38
30 18 27 1 39 16 23 23 35 7 29 17 6 14 4 20 10 18 15 22
22 12 38 9 1 36 2 16 14 31 4 8 33 36 6 21 23 7 2 4
28 15 1 17 24 27 14 20 35 30 38 38 10 35 11 9 37 21 24 29
35 31 18 5 18 39 6 15 28 28 15 14 1 13 28 6 39 35 35 20
23 6 10 31 31 5 35 23 5 26 22 9 19 3 20 39 26 20 21 19
31 10 31 36 5 29 14 33 28 6 2 17 13 3 22 31 17 40 22 10
25 19 33 4 9 16 28 11 34 21 6 1 1 19 32 15 4 28 24 17
21 1 35 14 22 22 11 4 14 13 36 14 38 10 14 15 13 28 38 39
38 10 26 23 33 16 15 4 35 21 17 28 16 2 13 19 6 39 39 17
0 24 15 15 19 19 18 15 22 23 25 18 25 25 18 25 22
24 0 24 20 21 24 20 23 19 15 24 22 22 22 15 22 17
15 24 0 17 24 19 21 24 15 19 17 17 17 16 18 15 16
15 20 17 0 20 16 16 22 19 16 20 20 16 18 25 22 22
19 21 24 20 0 22 18 20 25 16 23 17 23 18 21 17 25
19 24 19 16 22 0 17 21 17 19 16 15 19 16 23 16 15
18 20 21 16 18 17 0 21 25 22 18 16 17 17 20 23 17
15 23 24 22 20 21 21 0 16 16 23 18 18 20 19 22 19
22 19 15 19 25 17 25 16 0 22 19 16 21 23 15 18 24
23 15 19 16 16 19 22 16 22 0 23 18 22 21 15 19 18
25 24 17 20 23 16 18 23 19 23 0 21 21 19 22 23 21
18 22 17 20 17 15 16 18 16 18 21 0 25 19 22 17 22
25 22 17 16 23 19 17 18 21 22 21 25 0 17 16 17 17
25 22 16 18 18 16 17 20 23 21 19 19 17 0 24 16 20
18 15 18 25 21 23 20 19 15 15 22 22 16 24 0 23 16
25 22 15 22 17 16 23 22 18 19 23 17 17 16 23 0 24
22 17 16 22 25 15 17 19 24 18 21 22 17 20 16 24 0
