15
18
37 69 27 52 68 2 10 75 24 34 37 80 21 19 58 47 51 2
27 19 56 64 3 20 58 50 3 78 32 59 39 6 75 19 13 11
17 8 66 4 52 1 21 33 50 11 28 64 35 79 41 12 25 2
36 1 70 18 58 24 14 20 28 67 12 16 71 36 79 75 21 55
24 41 64 49 63 23 12 63 74 68 35 50 24 21 34 53 62 3
69 30 46 19 35 8 27 70 21 73 59 30 76 21 6 6 47 69
78 73 77 2 78 2 29 11 70 28 27 17 4 50 14 14 61 8
60 11 68 9 18 22 62 58 42 63 30 34 54 3 24 24 37 20
64 63 45 21 21 50 19 23 38 62 8 48 78 60 66 6 48 78
22 49 31 29 43 11 64 51 1 56 10 73 16 21 67 28 27 65
62 7 13 64 51 69 20 53 43 61 77 69 39 11 37 36 32 37
71 24 60 63 5 65 29 11 30 37 13 19 73 21 32 22 48 44
11 49 61 32 15 50 5 66 65 34 22 10 40 35 33 23 75 72
56 5 28 48 65 49 66 23 64 74 2 47 7 65 70 34 32 42
37 43 1 76 55 73 76 71 5 53 59 15 18 7 1 31 30 50
0 15 18 20 25 18 21 22 17 23 21 16 21 24 15 17 24
15 0 21 20 17 18 16 20 16 24 22 16 23 25 23 18 25
18 21 0 18 19 23 15 16 16 17 18 15 15 18 23 22 17
20 20 18 0 24 15 24 19 21 16 16 15 18 23 25 23 18
25 17 19 24 0 25 23 21 24 23 20 25 16 15 24 23 23
18 18 23 15 25 0 20 25 22 20 24 15 21 23 24 23 20
21 16 15 24 23 20 0 20 17 19 24 15 19 22 21 21 22
22 20 16 19 21 25 20 0 16 19 21 25 25 25 15 16 21
17 16 16 21 24 22 17 16 0 17 21 15 23 21 20 17 22
23 24 17 16 23 20 19 19 17 0 24 19 24 19 21 25 15
21 22 18 16 20 24 24 21 21 24 0 16 24 21 23 23 22
16 16 15 15 25 15 15 25 15 19 16 0 23 21 16 16 21
21 23 15 18 16 21 19 25 23 24 24 23 0 20 20 15 20
24 25 18 23 15 23 22 25 21 19 21 21 20 0 15 20 20
15 23 23 25 24 24 21 15 20 21 23 16 20 15 0 21 21
17 18 22 23 23 23 21 16 17 25 23 16 15 20 21 0 25
24 25 17 18 23 20 22 21 22 15 22 21 20 20 21 25 0
