15
12
16 109 88 130 156 89 79 79 156 82 74 113
160 103 127 152 117 88 46 150 74 21 82 27
154 83 57 51 5 127 132 117 102 115 151 134
73 152 83 10 119 140 82 31 104 127 77 88
136 104 72 53 122 34 145 22 90 118 61 100
80 80 90 78 68 1 100 13 142 85 89 139
96 34 132 99 141 8 150 72 100 142 56 134
42 116 81 81 12 151 23 120 6 51 16 78
116 68 45 30 1 67 106 132 55 143 72 75
55 89 135 51 93 38 84 57 154 159 53 6
39 132 80 27 141 120 75 100 13 145 3 30
110 64 153 79 155 32 41 90 52 12 29 10
95 111 4 39 68 146 71 98 35 117 93 127
30 10 10 127 43 70 105 65 121 88 130 84
115 81 31 29 20 154 15 109 11 92 115 43
0 23 21 21 25 16 20 23 17 25 18 22 24 17 23 18 24
23 0 22 16 24 18 18 17 25 23 19 20 25 17 25 21 19
21 22 0 20 16 23 17 23 24 25 17 19 24 15 18 22 19
21 16 20 0 22 17 22 22 23 19 16 25 17 15 17 23 18
25 24 16 22 0 24 15 17 15 18 15 16 15 18 20 15 20
16 18 23 17 24 0 20 19 20 22 17 16 19 21 19 19 23
20 18 17 22 15 20 0 23 21 25 18 18 24 25 18 15 16
23 17 23 22 17 19 23 0 25 19 19 22 20 25 15 25 23
17 25 24 23 15 20 21 25 0 24 16 19 15 19 21 21 22
25 23 25 19 18 22 25 19 24 0 22 16 25 17 18 25 23
18 19 17 16 15 17 18 19 16 22 0 21 23 19 23 18 20
22 20 19 25 16 16 18 22 19 16 21 0 23 25 17 21 22
24 25 24 17 15 19 24 20 15 25 23 23 0 15 19 18 17
17 17 15 15 18 21 25 25 19 17 19 25 15 0 24 20 23
23 25 18 17 20 19 18 15 21 18 23 17 19 24 0 23 17
18 21 22 23 15 19 15 25 21 25 18 21 18 20 23 0 21
24 19 19 18 20 23 16 23 22 23 20 22 17 23 17 21 0
