15
6
22 122 3 90 16 58 38 72 53 32 13 159 2 126 18
0 23 23 24 15 16 22 17 22 19 23 23 17 20 24 15 21
23 0 15 21 17 15 15 20 19 21 24 18 15 17 21 15 17
23 15 0 23 20 22 23 18 24 21 25 17 17 24 21 20 21
24 21 23 0 18 22 19 22 22 24 20 20 20 15 15 21 17
15 17 20 18 0 24 17 23 20 17 19 16 22 21 24 16 16
16 15 22 22 24 0 17 21 20 17 17 22 19 23 24 20 16
22 15 23 19 17 17 0 22 17 19 24 17 16 25 15 15 16
17 20 18 22 23 21 22 0 24 23 23 24 25 21 17 15 15
22 19 24 22 20 20 17 24 0 24 17 24 22 25 16 24 22
19 21 21 24 17 17 19 23 24 0 18 24 20 15 19 23 19
23 24 25 20 19 17 24 23 17 18 0 19 18 25 19 18 17
23 18 17 20 16 22 17 24 24 24 19 0 23 25 23 24 17
17 15 17 20 22 19 16 25 22 20 18 23 0 22 25 19 17
20 17 24 15 21 23 25 21 25 15 25 25 22 0 17 19 15
24 21 21 15 24 24 15 17 16 19 19 23 25 17 0 17 16
15 15 20 21 16 20 15 15 24 23 18 24 19 19 17 0 16
21 17 21 17 16 16 16 15 22 19 17 17 17 15 16 16 0
