15
24
158 140 17 153 28 28 108 45 21 39 115 153 5 15 114 16 52 112 60 101 100 58 117 140
113 9 53 44 70 81 105 139 73 71 108 157 91 128 21 71 56 42 18 77 72 30 11 30
150 77 53 132 43 92 77 152 93 78 10 95 42 63 132 159 60 83 154 65 134 121 132 80
147 22 28 53 119 139 152 53 156 86 110 112 123 123 17 151 153 22 1 66 76 48 66 76
89 117 7 158 132 17 151 114 25 114 154 19 34 131 12 137 96 11 148 29 144 104 127 126
90 145 33 116 116 79 12 149 25 37 11 124 63 147 53 57 103 138 70 46 120 46 155 120
138 159 83 158 34 41 73 115 112 126 126 59 123 148 83 115 145 105 77 55 65 144 5 117
27 110 70 123 152 1 97 121 89 75 48 60 14 25 98 13 151 85 55 27 28 117 29 92
84 42 142 24 123 26 19 42 61 158 25 107 79 44 30 67 110 159 81 5 107 103 53 134
152 70 4 2 91 139 160 145 145 75 76 102 151 151 21 152 109 94 30 85 7 104 52 160
85 159 9 45 53 95 59 144 152 125 82 78 96 92 43 95 160 3 133 12 49 58 76 41
60 110 69 85 107 132 56 135 72 24 146 32 85 50 102 5 41 87 133 21 55 3 150 109
52 91 8 137 31 112 6 52 56 14 64 84 154 77 115 18 124 51 19 32 10 21 71 63
32 63 145 123 48 46 52 54 5 144 42 80 60 37 80 75 46 90 115 117 114 52 111 26
68 99 1 113 120 147 43 71 10 10 95 15 25 126 84 77 40 56 134 102 146 101 48 46
0 22 24 15 20 20 17 21 17 25 15 17 23 19 17 18 18
22 0 23 16 21 20 19 20 23 23 25 15 17 23 16 24 19
24 23 0 19 17 18 24 24 16 25 15 23 21 19 21 19 24
15 16 19 0 19 19 16 17 16 15 21 16 17 16 25 23 24
20 21 17 19 0 15 16 24 18 17 19 15 22 19 15 16 19
20 20 18 19 15 0 20 21 17 23 15 18 24 22 25 21 24
17 19 24 16 16 20 0 16 22 20 19 20 18 21 19 20 18
21 20 24 17 24 21 16 0 25 18 16 22 19 17 16 16 21
17 23 16 16 18 17 22 25 0 20 22 21 23 22 23 15 15
25 23 25 15 17 23 20 18 20 0 20 20 22 16 20 15 17
15 25 15 21 19 15 19 16 22 20 0 21 20 18 25 19 18
17 15 23 16 15 18 20 22 21 20 21 0 22 23 17 19 23
23 17 21 17 22 24 18 19 23 22 20 22 0 22 16 20 16
19 23 19 16 19 22 21 17 22 16 18 23 22 0 25 21 17
17 16 21 25 15 25 19 16 23 20 25 17 16 25 0 16 16
18 24 19 23 16 21 20 16 15 15 19 19 20 21 16 0 17
18 19 24 24 19 24 18 21 15 17 18 23 16 17 16 17 0
