15
13
3 48 14 20 19 69 27 22 67 75 47 62 48 40 17
0 20 22 20 19 22 20 19 18 23 25 21 23 16 21 25 25
20 0 15 19 18 16 22 18 16 20 19 17 16 18 20 24 25
22 15 0 25 20 21 17 17 24 25 16 24 16 16 19 18 17
20 19 25 0 17 20 16 15 15 25 16 23 25 17 25 16 20
19 18 20 17 0 22 21 16 16 24 22 23 15 20 19 22 17
22 16 21 20 22 0 20 17 20 18 16 25 21 16 24 20 25
20 22 17 16 21 20 0 15 21 17 19 25 23 20 21 23 24
19 18 17 15 16 17 15 0 19 23 22 21 25 15 18 18 23
18 16 24 15 16 20 21 19 0 19 19 22 25 18 24 22 18
23 20 25 25 24 18 17 23 19 0 21 25 23 23 15 17 24
25 19 16 16 22 16 19 22 19 21 0 16 19 18 24 25 15
21 17 24 23 23 25 25 21 22 25 16 0 20 21 15 22 17
23 16 16 25 15 21 23 25 25 23 19 20 0 16 19 15 21
16 18 16 17 20 16 20 15 18 23 18 21 16 0 22 20 19
21 20 19 25 19 24 21 18 24 15 24 15 19 22 0 17 25
25 24 18 16 22 20 23 18 22 17 25 22 15 20 17 0 21
25 25 17 20 17 25 24 23 18 24 15 17 21 19 25 21 0
