15
15
7 18 21 95 109 51 62 74 105 16 4 6 96 90 21
0 19 17 22 25 18 25 22 23 23 22 24 24 16 16 25 25
19 0 21 24 20 25 22 15 25 23 20 20 18 15 18 18 22
17 21 0 19 20 16 20 21 17 25 15 19 22 25 15 22 15
22 24 19 0 21 19 23 16 25 15 19 23 20 17 18 25 16
25 20 20 21 0 16 15 25 16 19 20 15 21 20 23 21 15
18 25 16 19 16 0 23 23 22 15 23 24 19 24 17 24 18
25 22 20 23 15 23 0 24 22 24 24 21 17 21 23 17 22
22 15 21 16 25 23 24 0 20 22 20 16 17 15 15 16 21
23 25 17 25 16 22 22 20 0 22 20 22 16 16 18 24 18
23 23 25 15 19 15 24 22 22 0 15 25 24 16 18 19 24
22 20 15 19 20 23 24 20 20 15 0 21 23 22 15 17 24
24 20 19 23 15 24 21 16 22 25 21 0 15 16 20 25 23
24 18 22 20 21 19 17 17 16 24 23 15 0 16 24 22 23
16 15 25 17 20 24 21 15 16 16 22 16 16 0 21 24 21
16 18 15 18 23 17 23 15 18 18 15 20 24 21 0 15 21
25 18 22 25 21 24 17 16 24 19 17 25 22 24 15 0 24
25 22 15 16 15 18 22 21 18 24 24 23 23 21 21 24 0
