15
7
76 5 27 5 43 2 30 45 4 68 30 49 54 48 38
0 23 17 22 25 25 17 23 15 25 21 23 19 21 16 15 21
23 0 25 16 20 24 18 16 15 19 24 23 18 16 25 22 16
17 25 0 25 25 25 25 24 18 19 15 17 19 20 20 16 25
22 16 25 0 24 18 23 15 23 25 23 24 16 21 22 22 16
25 20 25 24 0 19 22 18 25 16 25 15 16 22 24 19 22
25 24 25 18 19 0 22 18 16 20 16 21 22 23 16 25 22
17 18 25 23 22 22 0 15 16 16 21 16 25 22 19 23 16
23 16 24 15 18 18 15 0 24 22 16 17 21 15 22 24 15
15 15 18 23 25 16 16 24 0 20 25 17 16 16 25 23 15
25 19 19 25 16 20 16 22 20 0 25 21 20 21 18 21 24
21 24 15 23 25 16 21 16 25 25 0 16 25 25 25 21 20
23 23 17 24 15 21 16 17 17 21 16 0 25 19 22 21 25
19 18 19 16 16 22 25 21 16 20 25 25 0 25 18 20 18
21 16 20 21 22 23 22 15 16 21 25 19 25 0 15 21 21
16 25 20 22 24 16 19 22 25 18 25 22 18 15 0 18 22
15 22 16 22 19 25 23 24 23 21 21 21 20 21 18 0 24
21 16 25 16 22 22 16 15 15 24 20 25 18 21 22 24 0
