15
12
1 24 59 118 46 113 119 103 45 54 98 12
22 67 82 75 93 19 120 44 77 79 41 63
64 33 34 59 73 109 85 23 6 100 101 5
43 60 51 75 59 115 81 54 77 94 12 11
25 67 120 2 113 63 72 52 78 102 24 59
100 60 51 29 87 35 58 8 12 103 46 37
49 20 10 29 22 41 5 35 10 100 19 27
84 2 86 4 25 24 10 43 67 62 54 13
42 54 92 57 26 104 27 112 108 42 90 41
3 6 37 80 114 57 27 70 7 114 102 44
24 23 118 40 66 31 15 33 100 52 3 24
58 117 116 38 6 98 110 92 76 21 64 96
40 117 107 4 13 1 19 63 109 41 86 67
90 8 110 92 117 40 13 62 15 85 102 31
22 9 35 60 44 90 51 83 25 95 9 82
0 17 18 21 25 23 21 18 25 20 24 19 17 21 16 25 15
17 0 24 18 18 19 22 18 23 16 18 21 25 15 24 22 25
18 24 0 23 24 22 19 20 18 20 17 20 21 18 25 16 24
21 18 23 0 16 17 16 23 16 23 18 19 25 25 20 18 15
25 18 24 16 0 15 22 22 16 23 19 20 15 15 18 21 17
23 19 22 17 15 0 19 15 23 22 22 16 17 18 22 15 22
21 22 19 16 22 19 0 23 23 22 22 23 19 21 22 24 16
18 18 20 23 22 15 23 0 15 23 21 23 18 24 23 19 20
25 23 18 16 16 23 23 15 0 16 22 15 17 19 25 22 18
20 16 20 23 23 22 22 23 16 0 20 15 23 20 17 17 25
24 18 17 18 19 22 22 21 22 20 0 15 18 20 25 19 18
19 21 20 19 20 16 23 23 15 15 15 0 16 17 20 15 19
17 25 21 25 15 17 19 18 17 23 18 16 0 25 21 19 17
21 15 18 25 15 18 21 24 19 20 20 17 25 0 25 18 22
16 24 25 20 18 22 22 23 25 17 25 20 21 25 0 23 23
25 22 16 18 21 15 24 19 22 17 19 15 19 18 23 0 24
15 25 24 15 17 22 16 20 18 25 18 19 17 22 23 24 0
