15
24
29 7 13 14 22 28 2 1 21 26 24 24 37 38 9 6 21 3 30 23 23 28 1 29
23 19 31 40 9 11 38 25 20 14 15 40 4 1 24 22 19 23 16 25 2 23 27 34
8 39 10 22 14 33 4 20 13 23 19 17 12 33 10 19 9 2 40 16 8 19 31 40
14 13 22 28 6 38 21 14 12 24 15 3 17 26 21 14 18 38 30 11 24 3 25 32
32 4 10 3 28 13 15 40 27 31 1 22 17 22 24 14 23 20 9 25 24 18 38 17
2 20 18 4 28 4 24 29 8 39 34 21 3 24 33 40 23 19 38 22 28 14 39 23
32 17 27 32 36 13 34 16 37 17 37 3 32 10 7 25 8 13 34 21 10 25 28 25
6 23 27 23 11 3 30 14 34 7 35 9 10 34 19 16 35 34 24 25 9 11 6 13
4 7 4 10 16 19 26 17 11 5 39 23 1 21 28 11 26 10 16 18 39 17 23 36
33 7 13 13 9 20 39 37 16 10 22 17 6 15 16 26 20 31 12 35 19 27 16 27
38 4 30 5 9 26 37 17 39 8 22 39 16 3 15 9 9 39 21 8 14 15 39 30
35 35 8 19 10 9 10 8 11 25 21 20 35 9 32 15 22 5 38 14 17 36 2 21
35 18 33 40 19 11 35 22 13 16 8 18 39 7 31 12 40 14 25 11 26 11 34 27
36 38 3 23 19 6 32 9 8 34 36 6 21 28 39 26 18 5 25 17 24 34 7 9
22 16 34 23 20 34 5 22 8 23 23 7 19 9 37 8 9 34 1 37 11 8 15 22
0 23 25 19 24 20 25 20 21 15 18 25 21 17 24 20 25
23 0 22 15 15 15 19 24 18 16 24 19 23 17 15 21 23
25 22 0 18 15 20 15 20 25 16 24 23 19 24 24 21 17
19 15 18 0 22 20 25 22 18 21 18 19 20 23 23 18 25
24 15 15 22 0 16 15 17 22 18 21 15 18 18 22 15 24
20 15 20 20 16 0 15 16 18 16 23 23 25 25 22 22 15
25 19 15 25 15 15 0 15 15 16 19 19 23 23 20 23 18
20 24 20 22 17 16 15 0 24 16 21 23 19 20 15 24 15
21 18 25 18 22 18 15 24 0 17 24 18 21 17 16 23 20
15 16 16 21 18 16 16 16 17 0 22 24 19 17 21 24 19
18 24 24 18 21 23 19 21 24 22 0 17 25 25 18 23 22
25 19 23 19 15 23 19 23 18 24 17 0 19 24 19 17 20
21 23 19 20 18 25 23 19 21 19 25 19 0 19 15 24 21
17 17 24 23 18 25 23 20 17 17 25 24 19 0 22 24 16
24 15 24 23 22 22 20 15 16 21 18 19 15 22 0 25 25
20 21 21 18 15 22 23 24 23 24 23 17 24 24 25 0 23
25 23 17 25 24 15 18 15 20 19 22 20 21 16 25 23 0
