15
9
27 27 6 11 45 21 3 38 19 37 4 30 4 20 45
0 25 25 23 24 23 23 23 21 19 19 23 20 16 22 23 16
25 0 16 23 22 24 20 22 21 15 16 25 24 22 19 25 15
25 16 0 24 21 24 17 15 24 18 21 19 17 15 16 19 21
23 23 24 0 16 16 18 24 18 21 19 16 19 23 17 24 17
24 22 21 16 0 18 21 17 16 22 15 16 24 18 16 21 21
23 24 24 16 18 0 24 18 25 15 18 20 16 17 18 15 21
23 20 17 18 21 24 0 18 25 25 23 24 22 25 20 25 16
23 22 15 24 17 18 18 0 19 17 21 22 20 18 15 21 16
21 21 24 18 16 25 25 19 0 20 19 24 20 21 23 25 21
19 15 18 21 22 15 25 17 20 0 19 17 17 22 22 18 22
19 16 21 19 15 18 23 21 19 19 0 23 24 25 25 22 22
23 25 19 16 16 20 24 22 24 17 23 0 17 25 18 17 25
20 24 17 19 24 16 22 20 20 17 24 17 0 17 18 17 16
16 22 15 23 18 17 25 18 21 22 25 25 17 0 16 24 17
22 19 16 17 16 18 20 15 23 22 25 18 18 16 0 15 24
23 25 19 24 21 15 25 21 25 18 22 17 17 24 15 0 20
16 15 21 17 21 21 16 16 21 22 22 25 16 17 24 20 0
