15
8
36 35 71 45 45 63 39 39 12 16 65 34 64 42 32
0 23 25 22 15 19 25 20 19 18 21 19 19 24 22 17 25
23 0 21 15 18 16 18 24 25 21 23 16 24 22 20 23 21
25 21 0 18 19 19 20 23 15 24 16 20 21 19 23 25 18
22 15 18 0 16 19 16 20 18 15 21 18 24 20 17 25 24
15 18 19 16 0 15 20 22 15 25 15 23 18 24 20 24 15
19 16 19 19 15 0 20 25 15 25 17 25 24 17 16 23 23
25 18 20 16 20 20 0 19 25 17 19 22 18 15 25 17 17
20 24 23 20 22 25 19 0 16 21 20 16 23 21 23 18 18
19 25 15 18 15 15 25 16 0 17 20 18 23 19 24 18 24
18 21 24 15 25 25 17 21 17 0 19 15 25 16 15 19 17
21 23 16 21 15 17 19 20 20 19 0 22 17 21 24 15 22
19 16 20 18 23 25 22 16 18 15 22 0 15 16 15 22 20
19 24 21 24 18 24 18 23 23 25 17 15 0 20 22 22 24
24 22 19 20 24 17 15 21 19 16 21 16 20 0 22 23 15
22 20 23 17 20 16 25 23 24 15 24 15 22 22 0 23 22
17 23 25 25 24 23 17 18 18 19 15 22 22 23 23 0 18
25 21 18 24 15 23 17 18 24 17 22 20 24 15 22 18 0
