15
14
79 9 21 19 67 58 77 64 11 51 11 13 57 2 71
0 20 16 16 25 24 19 16 25 25 21 17 20 18 25 16 16
20 0 18 22 19 20 22 16 19 23 23 16 25 18 25 16 16
16 18 0 24 22 18 15 19 21 20 15 24 20 16 19 18 25
16 22 24 0 15 17 21 25 21 23 17 19 19 16 25 24 19
25 19 22 15 0 15 17 18 24 24 19 22 17 25 22 15 16
24 20 18 17 15 0 18 23 19 23 22 20 15 24 23 25 24
19 22 15 21 17 18 0 18 15 21 15 20 20 16 15 23 21
16 16 19 25 18 23 18 0 18 15 17 23 15 17 15 21 25
25 19 21 21 24 19 15 18 0 17 23 17 19 15 25 25 18
25 23 20 23 24 23 21 15 17 0 22 25 15 18 16 23 15
21 23 15 17 19 22 15 17 23 22 0 22 19 25 23 24 18
17 16 24 19 22 20 20 23 17 25 22 0 17 18 21 20 17
20 25 20 19 17 15 20 15 19 15 19 17 0 15 22 17 19
18 18 16 16 25 24 16 17 15 18 25 18 15 0 22 25 22
25 25 19 25 22 23 15 15 25 16 23 21 22 22 0 23 21
16 16 18 24 15 25 23 21 25 23 24 20 17 25 23 0 19
16 16 25 19 16 24 21 25 18 15 18 17 19 22 21 19 0
