15
8
5 15 14 12 8 78 78 48
23 30 16 60 15 58 64 46
14 55 36 75 28 1 61 38
45 36 61 27 60 66 79 3
3 39 23 1 72 61 74 55
67 43 12 60 37 56 12 65
45 80 37 69 53 12 66 60
41 43 10 31 22 1 73 44
79 43 76 66 14 37 56 16
19 14 19 64 9 49 13 54
48 34 64 58 18 42 61 71
7 46 22 77 27 48 69 65
22 19 53 16 19 20 61 27
51 22 68 65 59 36 69 26
48 16 77 28 23 54 20 53
0 22 15 24 22 16 17 16 23 24 18 23 24 23 21 23 21
22 0 19 19 21 19 16 17 23 17 25 21 16 24 23 18 22
15 19 0 18 17 15 23 18 17 21 22 24 19 25 19 18 22
24 19 18 0 15 20 21 15 18 25 22 23 19 16 21 23 17
22 21 17 15 0 19 20 25 15 25 18 21 22 18 18 16 15
16 19 15 20 19 0 19 15 21 21 18 16 16 15 22 15 19
17 16 23 21 20 19 0 21 19 17 23 20 15 21 17 20 18
16 17 18 15 25 15 21 0 20 25 17 15 23 24 17 20 16
23 23 17 18 15 21 19 20 0 21 15 21 19 18 25 23 18
24 17 21 25 25 21 17 25 21 0 17 24 25 21 19 17 16
18 25 22 22 18 18 23 17 15 17 0 24 15 23 15 18 23
23 21 24 23 21 16 20 15 21 24 24 0 22 17 21 16 25
24 16 19 19 22 16 15 23 19 25 15 22 0 17 15 18 24
23 24 25 16 18 15 21 24 18 21 23 17 17 0 22 21 19
21 23 19 21 18 22 17 17 25 19 15 21 15 22 0 23 22
23 18 18 23 16 15 20 20 23 17 18 16 18 21 23 0 21
21 22 22 17 15 19 18 16 18 16 23 25 24 19 22 21 0
