15
11
90 99 36 133 20 115 24 88 10 155 28 152 126 69 142
0 15 25 18 23 18 23 21 19 25 16 19 25 23 21 20 15
15 0 15 25 24 25 24 16 16 23 16 18 20 22 25 16 25
25 15 0 25 20 25 20 25 16 18 16 21 18 24 20 15 15
18 25 25 0 25 23 23 24 16 15 16 16 25 17 18 18 16
23 24 20 25 0 23 16 23 24 21 25 20 25 21 22 24 23
18 25 25 23 23 0 18 22 15 20 18 16 22 23 24 19 25
23 24 20 23 16 18 0 21 23 18 19 22 23 17 20 17 20
21 16 25 24 23 22 21 0 23 15 21 20 25 17 15 15 15
19 16 16 16 24 15 23 23 0 18 20 23 20 21 15 17 22
25 23 18 15 21 20 18 15 18 0 23 19 25 15 18 17 21
16 16 16 16 25 18 19 21 20 23 0 22 18 24 15 25 23
19 18 21 16 20 16 22 20 23 19 22 0 20 23 16 15 23
25 20 18 25 25 22 23 25 20 25 18 20 0 16 18 23 23
23 22 24 17 21 23 17 17 21 15 24 23 16 0 25 24 19
21 25 20 18 22 24 20 15 15 18 15 16 18 25 0 20 19
20 16 15 18 24 19 17 15 17 17 25 15 23 24 20 0 23
15 25 15 16 23 25 20 15 22 21 23 23 23 19 19 23 0
