15
10
38 36 8 22 37 27 5 22 30 14
9 21 20 5 12 31 34 9 7 10
4 40 10 13 9 13 22 5 22 18
9 40 20 11 33 26 21 2 26 39
1 4 14 40 28 18 30 26 31 10
11 21 9 28 9 18 23 1 20 15
26 37 26 16 35 22 7 29 29 6
14 40 25 23 17 6 11 29 25 17
27 40 6 7 16 12 28 34 20 16
7 14 18 28 34 29 31 36 14 3
31 34 30 15 3 11 23 35 25 27
18 34 1 18 36 14 6 7 29 38
23 11 26 24 30 28 33 16 9 3
8 28 5 37 17 23 23 19 3 36
32 36 35 5 14 17 33 14 39 36
0 20 22 17 15 18 22 23 24 21 23 21 17 20 24 21 24
20 0 24 23 17 25 15 19 15 16 20 16 25 25 18 24 17
22 24 0 25 25 16 19 15 24 22 20 25 16 19 25 20 17
17 23 25 0 19 18 17 18 23 21 19 20 15 24 15 25 15
15 17 25 19 0 25 23 19 19 17 20 25 17 15 23 22 17
18 25 16 18 25 0 22 15 20 24 24 25 20 15 15 18 18
22 15 19 17 23 22 0 19 17 22 21 19 19 25 24 16 18
23 19 15 18 19 15 19 0 22 20 15 24 23 21 17 24 18
24 15 24 23 19 20 17 22 0 25 24 17 17 24 23 19 18
21 16 22 21 17 24 22 20 25 0 19 24 21 15 22 16 22
23 20 20 19 20 24 21 15 24 19 0 22 25 21 20 20 18
21 16 25 20 25 25 19 24 17 24 22 0 18 21 22 23 18
17 25 16 15 17 20 19 23 17 21 25 18 0 18 23 22 22
20 25 19 24 15 15 25 21 24 15 21 21 18 0 17 17 17
24 18 25 15 23 15 24 17 23 22 20 22 23 17 0 23 15
21 24 20 25 22 18 16 24 19 16 20 23 22 17 23 0 21
24 17 17 15 17 18 18 18 18 22 18 18 22 17 15 21 0
