15
4
34 3 5 29 15 27 17 25 18 35 30 13 8 20 20
0 17 16 18 23 25 17 17 24 25 20 18 18 19 21 16 19
17 0 19 15 23 21 18 17 21 19 21 24 20 15 19 21 20
16 19 0 18 24 17 25 24 20 19 17 20 23 19 19 15 25
18 15 18 0 19 16 17 21 21 20 18 21 23 23 24 15 22
23 23 24 19 0 25 18 19 24 19 23 16 18 19 19 20 22
25 21 17 16 25 0 20 21 17 25 18 23 19 16 25 22 25
17 18 25 17 18 20 0 25 22 15 18 24 18 24 17 19 16
17 17 24 21 19 21 25 0 20 20 18 15 22 21 25 15 17
24 21 20 21 24 17 22 20 0 15 21 18 17 15 25 23 19
25 19 19 20 19 25 15 20 15 0 22 15 16 24 19 25 17
20 21 17 18 23 18 18 18 21 22 0 16 21 19 21 22 25
18 24 20 21 16 23 24 15 18 15 16 0 23 21 24 15 20
18 20 23 23 18 19 18 22 17 16 21 23 0 15 24 18 21
19 15 19 23 19 16 24 21 15 24 19 21 15 0 25 24 18
21 19 19 24 19 25 17 25 25 19 21 24 24 25 0 15 25
16 21 15 15 20 22 19 15 23 25 22 15 18 24 15 0 18
19 20 25 22 22 25 16 17 19 17 25 20 21 18 25 18 0
