15
9
100 56 86 90 108 102 73 54 111 79 72 33 101 23 3
0 17 15 17 21 20 19 25 20 22 15 23 24 17 20 20 18
17 0 15 20 19 22 25 16 25 21 19 15 21 24 21 18 18
15 15 0 25 22 21 15 18 23 17 16 15 17 18 18 16 19
17 20 25 0 22 22 25 15 19 23 24 23 24 20 25 15 16
21 19 22 22 0 21 25 24 20 19 16 17 23 16 15 23 24
20 22 21 22 21 0 25 16 16 18 24 15 19 16 20 24 15
19 25 15 25 25 25 0 18 23 18 19 23 16 20 25 18 22
25 16 18 15 24 16 18 0 17 16 18 20 19 16 19 23 18
20 25 23 19 20 16 23 17 0 19 23 21 20 21 18 22 17
22 21 17 23 19 18 18 16 19 0 20 24 25 15 19 16 25
15 19 16 24 16 24 19 18 23 20 0 23 22 21 20 20 19
23 15 15 23 17 15 23 20 21 24 23 0 19 21 24 15 25
24 21 17 24 23 19 16 19 20 25 22 19 0 18 18 21 15
17 24 18 20 16 16 20 16 21 15 21 21 18 0 25 15 24
20 21 18 25 15 20 25 19 18 19 20 24 18 25 0 15 20
20 18 16 15 23 24 18 23 22 16 20 15 21 15 15 0 18
18 18 19 16 24 15 22 18 17 25 19 25 15 24 20 18 0
