15
11
34 63 4 21 54 11 9 74 48 11 10 41 19 78 21
0 23 22 21 16 22 16 24 23 15 25 21 25 17 22 23 24
23 0 20 17 24 16 16 20 17 20 25 24 17 16 22 18 20
22 20 0 20 25 15 20 25 25 22 20 18 15 19 25 23 22
21 17 20 0 17 20 18 21 19 16 22 18 23 18 21 18 24
16 24 25 17 0 22 16 25 22 25 24 17 15 16 19 16 15
22 16 15 20 22 0 16 19 15 16 21 23 21 20 18 15 25
16 16 20 18 16 16 0 25 18 17 21 22 25 17 21 23 16
24 20 25 21 25 19 25 0 20 19 24 19 21 19 25 21 21
23 17 25 19 22 15 18 20 0 19 24 24 19 16 16 19 25
15 20 22 16 25 16 17 19 19 0 22 24 17 20 19 20 24
25 25 20 22 24 21 21 24 24 22 0 19 16 25 18 24 21
21 24 18 18 17 23 22 19 24 24 19 0 25 19 18 24 22
25 17 15 23 15 21 25 21 19 17 16 25 0 16 17 24 19
17 16 19 18 16 20 17 19 16 20 25 19 16 0 24 15 16
22 22 25 21 19 18 21 25 16 19 18 18 17 24 0 23 23
23 18 23 18 16 15 23 21 19 20 24 24 24 15 23 0 24
24 20 22 24 15 25 16 21 25 24 21 22 19 16 23 24 0
