15
12
8 17 22 29 5 33 23 37 9 25 40 11
17 21 38 19 13 3 32 7 22 2 8 12
2 13 28 17 5 15 24 17 4 6 37 2
5 20 6 40 32 27 4 7 12 30 23 1
28 28 38 36 18 12 29 29 19 16 34 9
26 12 32 21 22 8 30 23 23 26 7 39
20 38 13 7 22 21 35 27 17 33 17 1
9 34 21 16 2 9 21 32 28 5 6 27
39 14 6 25 39 21 40 1 21 40 19 17
30 18 20 28 11 38 12 20 1 28 22 30
2 36 20 10 22 23 1 35 34 33 31 30
16 4 18 9 36 27 12 16 22 25 40 27
17 30 4 39 20 11 4 32 29 34 11 16
26 34 34 18 11 32 11 31 21 11 22 33
11 16 23 6 4 2 16 25 16 38 20 7
0 20 19 20 20 18 15 24 23 16 18 23 24 20 24 25 18
20 0 17 25 25 21 23 21 15 20 22 19 19 24 24 18 21
19 17 0 25 18 21 15 24 15 15 20 25 18 17 18 21 21
20 25 25 0 15 17 25 23 20 17 15 24 19 18 15 19 22
20 25 18 15 0 23 16 17 24 22 21 18 20 25 25 19 21
18 21 21 17 23 0 19 17 21 18 18 16 25 21 17 16 20
15 23 15 25 16 19 0 16 25 22 18 20 17 15 15 15 25
24 21 24 23 17 17 16 0 15 24 23 22 17 20 23 24 22
23 15 15 20 24 21 25 15 0 16 19 22 17 24 22 24 23
16 20 15 17 22 18 22 24 16 0 19 18 20 18 22 18 22
18 22 20 15 21 18 18 23 19 19 0 23 17 16 17 24 21
23 19 25 24 18 16 20 22 22 18 23 0 15 19 20 21 23
24 19 18 19 20 25 17 17 17 20 17 15 0 20 22 21 24
20 24 17 18 25 21 15 20 24 18 16 19 20 0 18 24 25
24 24 18 15 25 17 15 23 22 22 17 20 22 18 0 23 16
25 18 21 19 19 16 15 24 24 18 24 21 21 24 23 0 16
18 21 21 22 21 20 25 22 23 22 21 23 24 25 16 16 0
