15
26
117 100 1 89 105 18 75 56 114 55 96 114 36 103 98 70 110 99 7 8 87 47 107 8 18 8
88 101 29 73 40 59 7 28 27 109 65 49 89 90 24 37 95 60 39 101 80 29 86 44 17 22
45 46 24 66 107 30 94 17 27 15 4 120 11 3 62 31 70 85 95 13 95 96 64 13 64 40
118 17 86 3 73 63 50 104 18 8 69 106 66 35 62 23 94 109 95 37 28 84 106 62 118 119
16 119 58 88 107 35 24 97 110 50 16 85 10 100 93 109 17 38 87 1 94 42 104 114 113 50
67 64 76 74 88 1 86 42 67 73 49 14 97 19 7 70 72 58 29 66 38 66 107 108 60 99
26 118 34 94 76 89 74 87 49 2 16 18 31 115 1 115 51 32 16 91 118 105 80 24 36 16
3 75 117 25 92 98 118 71 13 101 118 20 110 47 1 113 92 76 33 104 38 42 119 95 93 35
51 54 106 86 90 16 76 95 46 25 49 50 4 65 55 118 70 6 107 103 60 7 7 29 95 110
49 63 12 8 15 82 116 55 115 6 39 22 119 70 80 86 9 43 72 95 98 96 16 94 50 75
20 54 69 102 91 111 32 6 84 46 16 103 83 73 45 100 57 14 1 78 24 117 119 99 36 71
44 53 36 117 30 67 104 34 93 43 102 8 94 63 24 108 115 1 38 65 59 109 118 2 93 56
84 102 42 21 47 14 85 38 109 115 63 2 47 111 120 97 117 9 106 56 38 50 21 46 30 44
26 94 40 90 101 86 93 55 106 39 76 94 40 35 43 87 110 100 24 65 97 83 55 28 114 57
64 13 106 5 89 41 93 76 117 57 79 82 85 66 58 31 80 66 90 68 23 68 65 32 48 3
0 15 24 21 16 15 19 16 21 19 24 23 19 20 19 22 21
15 0 25 24 22 21 19 15 22 25 22 20 18 20 19 16 19
24 25 0 16 21 20 18 15 23 23 17 25 22 21 21 23 17
21 24 16 0 19 19 22 21 24 24 18 16 17 24 21 24 19
16 22 21 19 0 16 22 20 15 22 22 21 18 21 21 16 22
15 21 20 19 16 0 25 20 19 17 21 19 17 15 18 22 20
19 19 18 22 22 25 0 24 18 25 21 22 17 24 22 24 17
16 15 15 21 20 20 24 0 25 15 20 20 25 18 19 24 15
21 22 23 24 15 19 18 25 0 24 15 17 15 24 17 15 20
19 25 23 24 22 17 25 15 24 0 21 24 18 19 25 17 16
24 22 17 18 22 21 21 20 15 21 0 16 21 18 19 24 21
23 20 25 16 21 19 22 20 17 24 16 0 15 22 16 23 23
19 18 22 17 18 17 17 25 15 18 21 15 0 22 19 25 18
20 20 21 24 21 15 24 18 24 19 18 22 22 0 20 15 16
19 19 21 21 21 18 22 19 17 25 19 16 19 20 0 16 17
22 16 23 24 16 22 24 24 15 17 24 23 25 15 16 0 23
21 19 17 19 22 20 17 15 20 16 21 23 18 16 17 23 0
