15
4
56 15 71 2
72 77 91 101
75 92 95 44
91 24 71 70
108 37 22 64
14 102 1 31
60 91 30 81
16 84 114 78
97 53 17 79
110 102 5 59
79 46 110 28
47 77 5 44
11 11 39 108
71 63 34 29
80 112 25 11
0 20 20 24 24 23 17 20 19 17 21 19 21 20 23 18 24
20 0 21 17 15 15 16 24 15 20 18 25 21 16 19 23 23
20 21 0 21 15 16 20 21 23 17 17 22 20 23 20 16 24
24 17 21 0 16 18 19 23 18 24 15 18 19 15 25 25 22
24 15 15 16 0 16 16 21 16 25 17 20 15 24 19 15 23
23 15 16 18 16 0 20 25 20 19 17 19 23 17 16 19 21
17 16 20 19 16 20 0 15 15 25 17 17 16 24 15 18 19
20 24 21 23 21 25 15 0 19 22 16 24 21 15 17 19 21
19 15 23 18 16 20 15 19 0 21 19 25 18 23 18 24 20
17 20 17 24 25 19 25 22 21 0 19 21 24 15 24 16 16
21 18 17 15 17 17 17 16 19 19 0 22 19 16 25 19 21
19 25 22 18 20 19 17 24 25 21 22 0 18 20 23 15 16
21 21 20 19 15 23 16 21 18 24 19 18 0 20 15 18 25
20 16 23 15 24 17 24 15 23 15 16 20 20 0 22 16 18
23 19 20 25 19 16 15 17 18 24 25 23 15 22 0 19 20
18 23 16 25 15 19 18 19 24 16 19 15 18 16 19 0 23
24 23 24 22 23 21 19 21 20 16 21 16 25 18 20 23 0
