15
24
12 62 116 78 90 91 99 85 60 68 9 15 60 94 73 111 5 106 22 26 44 54 17 33
77 99 105 4 110 98 28 11 25 14 54 92 85 56 38 93 43 66 75 3 29 38 11 28
115 14 4 113 88 22 33 105 18 10 31 74 69 117 118 17 68 39 98 99 92 50 38 34
79 73 104 99 6 114 19 44 20 108 16 47 76 12 6 50 107 87 46 41 69 62 104 54
1 120 66 53 1 103 8 106 92 86 111 101 20 99 36 92 70 95 115 105 106 117 99 60
114 89 40 17 83 14 111 118 12 106 24 56 20 2 80 92 116 79 18 54 10 73 97 77
63 51 67 35 89 23 39 4 103 108 113 8 99 34 92 79 97 112 52 81 91 41 110 34
90 26 80 119 51 110 52 105 4 46 34 51 28 38 76 110 77 8 80 110 83 106 110 90
32 88 109 1 40 69 57 34 110 36 51 82 53 117 46 71 79 87 38 14 87 37 45 6
99 50 54 99 26 53 32 14 20 103 46 98 79 56 7 71 62 84 115 79 20 67 14 85
92 8 19 89 88 79 62 106 50 72 35 71 24 96 48 77 7 82 71 52 96 30 105 7
50 68 112 75 52 95 94 44 32 95 19 81 98 68 4 4 102 77 16 99 91 6 78 22
12 76 50 113 117 60 111 8 109 82 40 27 86 13 44 16 59 82 77 81 73 87 104 29
112 11 22 27 39 49 48 6 77 53 110 116 117 107 1 87 77 96 63 66 10 95 99 116
50 53 52 99 62 115 48 97 89 77 18 68 118 28 4 29 23 119 84 32 16 46 8 81
0 23 15 21 15 20 18 20 22 22 25 17 16 15 23 22 15
23 0 22 18 17 18 20 24 16 21 23 21 21 23 15 15 22
15 22 0 19 20 17 18 16 22 23 25 16 25 20 16 21 22
21 18 19 0 22 24 25 18 15 24 17 19 21 24 19 25 18
15 17 20 22 0 18 24 23 23 22 20 15 22 24 20 18 21
20 18 17 24 18 0 24 20 17 21 24 23 19 25 24 19 25
18 20 18 25 24 24 0 16 23 20 24 16 16 20 22 15 17
20 24 16 18 23 20 16 0 15 24 20 25 24 16 16 23 22
22 16 22 15 23 17 23 15 0 22 19 22 23 22 15 17 23
22 21 23 24 22 21 20 24 22 0 24 20 19 25 24 18 17
25 23 25 17 20 24 24 20 19 24 0 19 18 21 16 18 25
17 21 16 19 15 23 16 25 22 20 19 0 18 23 19 24 21
16 21 25 21 22 19 16 24 23 19 18 18 0 21 22 22 15
15 23 20 24 24 25 20 16 22 25 21 23 21 0 15 21 17
23 15 16 19 20 24 22 16 15 24 16 19 22 15 0 22 18
22 15 21 25 18 19 15 23 17 18 18 24 22 21 22 0 15
15 22 22 18 21 25 17 22 23 17 25 21 15 17 18 15 0
