15
13
11 30 30 4 49 10 47 68 76 78 92 98 46 114 46
0 24 20 23 19 15 22 22 15 21 24 25 19 21 16 18 22
24 0 22 15 25 20 25 21 18 24 16 17 23 18 18 18 25
20 22 0 17 16 25 25 16 18 17 19 23 18 16 24 22 24
23 15 17 0 20 25 19 20 19 23 22 17 25 17 23 18 22
19 25 16 20 0 19 20 24 25 24 16 25 21 18 20 19 15
15 20 25 25 19 0 15 21 24 19 20 24 17 16 17 22 23
22 25 25 19 20 15 0 22 15 15 18 16 18 15 25 21 15
22 21 16 20 24 21 22 0 19 21 21 20 24 19 19 15 19
15 18 18 19 25 24 15 19 0 25 21 15 18 24 24 23 23
21 24 17 23 24 19 15 21 25 0 17 24 16 19 19 24 20
24 16 19 22 16 20 18 21 21 17 0 22 15 25 21 17 22
25 17 23 17 25 24 16 20 15 24 22 0 22 20 15 15 20
19 23 18 25 21 17 18 24 18 16 15 22 0 22 16 21 23
21 18 16 17 18 16 15 19 24 19 25 20 22 0 17 16 20
16 18 24 23 20 17 25 19 24 19 21 15 16 17 0 16 25
18 18 22 18 19 22 21 15 23 24 17 15 21 16 16 0 16
22 25 24 22 15 23 15 19 23 20 22 20 23 20 25 16 0
