15
16
62 39 21 57 80 7 11 30 76 45 48 77 58 75 74
0 24 23 24 19 24 17 20 21 24 23 19 21 25 24 25 25
24 0 22 19 18 22 18 20 23 23 25 17 20 16 16 23 23
23 22 0 18 15 22 24 20 20 20 18 17 21 19 21 21 19
24 19 18 0 21 24 15 16 24 18 15 16 22 17 18 22 15
19 18 15 21 0 22 15 25 21 18 19 23 20 25 22 20 18
24 22 22 24 22 0 19 19 22 23 15 20 25 22 24 19 18
17 18 24 15 15 19 0 16 24 19 20 15 23 19 20 24 23
20 20 20 16 25 19 16 0 15 22 23 17 21 24 16 22 15
21 23 20 24 21 22 24 15 0 15 23 18 17 22 17 18 21
24 23 20 18 18 23 19 22 15 0 22 25 22 25 23 18 15
23 25 18 15 19 15 20 23 23 22 0 19 22 24 19 22 17
19 17 17 16 23 20 15 17 18 25 19 0 19 17 20 21 23
21 20 21 22 20 25 23 21 17 22 22 19 0 19 22 18 20
25 16 19 17 25 22 19 24 22 25 24 17 19 0 23 25 23
24 16 21 18 22 24 20 16 17 23 19 20 22 23 0 16 16
25 23 21 22 20 19 24 22 18 18 22 21 18 25 16 0 17
25 23 19 15 18 18 23 15 21 15 17 23 20 23 16 17 0
