15
5
72 79 80 34 71 15 68 45 46 11 31 51 1 41 46
0 23 20 19 20 18 18 15 15 25 19 18 15 24 19 22 24
23 0 18 20 15 25 19 19 15 23 19 21 19 25 17 23 21
20 18 0 16 18 16 22 24 21 23 16 23 21 22 21 18 23
19 20 16 0 18 24 16 21 23 24 18 25 17 19 17 22 19
20 15 18 18 0 24 21 23 18 21 17 24 23 19 18 23 19
18 25 16 24 24 0 20 20 15 24 24 19 22 18 16 15 18
18 19 22 16 21 20 0 17 20 25 16 24 23 20 21 18 15
15 19 24 21 23 20 17 0 17 23 20 16 25 19 21 17 19
15 15 21 23 18 15 20 17 0 24 17 24 16 15 17 24 22
25 23 23 24 21 24 25 23 24 0 25 21 17 22 22 18 21
19 19 16 18 17 24 16 20 17 25 0 25 17 20 23 19 17
18 21 23 25 24 19 24 16 24 21 25 0 23 22 17 18 17
15 19 21 17 23 22 23 25 16 17 17 23 0 15 15 24 17
24 25 22 19 19 18 20 19 15 22 20 22 15 0 16 18 19
19 17 21 17 18 16 21 21 17 22 23 17 15 16 0 22 23
22 23 18 22 23 15 18 17 24 18 19 18 24 18 22 0 21
24 21 23 19 19 18 15 19 22 21 17 17 17 19 23 21 0
