15
5
32 15 29 38 34 32 3 38 4 10 24 20 25 3 21
0 18 17 22 21 15 18 17 21 25 19 22 21 18 20 22 20
18 0 18 17 24 22 25 21 20 16 16 18 22 21 17 18 25
17 18 0 18 16 21 24 23 24 21 23 24 16 23 22 15 22
22 17 18 0 15 25 15 20 25 17 20 21 16 24 22 24 20
21 24 16 15 0 21 16 19 23 21 24 17 23 24 23 18 23
15 22 21 25 21 0 25 22 25 22 15 17 18 24 24 25 16
18 25 24 15 16 25 0 23 21 17 24 25 25 20 21 21 20
17 21 23 20 19 22 23 0 22 21 21 22 17 25 18 16 22
21 20 24 25 23 25 21 22 0 24 19 25 22 23 15 18 20
25 16 21 17 21 22 17 21 24 0 21 23 17 19 18 19 22
19 16 23 20 24 15 24 21 19 21 0 24 16 25 22 23 20
22 18 24 21 17 17 25 22 25 23 24 0 15 21 17 17 16
21 22 16 16 23 18 25 17 22 17 16 15 0 24 22 24 15
18 21 23 24 24 24 20 25 23 19 25 21 24 0 19 16 20
20 17 22 22 23 24 21 18 15 18 22 17 22 19 0 19 18
22 18 15 24 18 25 21 16 18 19 23 17 24 16 19 0 24
20 25 22 20 23 16 20 22 20 22 20 16 15 20 18 24 0
