15
16
2 7 74 52 15 25 67 6 27 19 11 43 43 43 13
0 15 24 17 20 20 18 23 18 19 21 18 17 16 18 19 20
15 0 22 25 25 17 23 24 25 25 24 17 23 25 24 20 22
24 22 0 21 20 15 25 21 17 24 17 19 15 17 21 25 19
17 25 21 0 23 25 17 24 21 21 25 22 24 21 15 18 22
20 25 20 23 0 25 18 21 15 15 19 19 16 17 18 20 16
20 17 15 25 25 0 25 24 15 25 15 25 18 16 22 18 25
18 23 25 17 18 25 0 20 25 24 19 15 25 20 25 19 17
23 24 21 24 21 24 20 0 20 22 19 16 18 22 18 18 16
18 25 17 21 15 15 25 20 0 17 19 24 23 17 21 22 18
19 25 24 21 15 25 24 22 17 0 25 23 17 18 18 21 25
21 24 17 25 19 15 19 19 19 25 0 23 20 23 25 20 21
18 17 19 22 19 25 15 16 24 23 23 0 23 25 21 20 16
17 23 15 24 16 18 25 18 23 17 20 23 0 20 21 19 17
16 25 17 21 17 16 20 22 17 18 23 25 20 0 20 16 20
18 24 21 15 18 22 25 18 21 18 25 21 21 20 0 24 23
19 20 25 18 20 18 19 18 22 21 20 20 19 16 24 0 23
20 22 19 22 16 25 17 16 18 25 21 16 17 20 23 23 0
