15
7
153 53 106 112 69 109 63 5 110 153 83 44 81 143 1
0 18 23 25 17 23 20 24 18 17 15 18 22 24 20 20 16
18 0 22 20 24 21 25 16 18 16 18 17 23 17 25 20 21
23 22 0 24 22 19 22 22 23 24 19 20 24 21 15 16 24
25 20 24 0 16 20 19 17 22 22 24 16 21 24 21 24 23
17 24 22 16 0 19 20 19 25 24 20 25 20 23 23 24 25
23 21 19 20 19 0 16 17 25 16 20 21 16 15 18 23 20
20 25 22 19 20 16 0 21 23 24 22 21 18 24 25 23 22
24 16 22 17 19 17 21 0 21 20 17 15 24 16 20 21 22
18 18 23 22 25 25 23 21 0 19 16 17 15 22 15 17 24
17 16 24 22 24 16 24 20 19 0 17 19 20 24 21 16 25
15 18 19 24 20 20 22 17 16 17 0 24 16 24 21 15 17
18 17 20 16 25 21 21 15 17 19 24 0 15 25 20 25 17
22 23 24 21 20 16 18 24 15 20 16 15 0 21 16 25 15
24 17 21 24 23 15 24 16 22 24 24 25 21 0 19 18 25
20 25 15 21 23 18 25 20 15 21 21 20 16 19 0 20 17
20 20 16 24 24 23 23 21 17 16 15 25 25 18 20 0 23
16 21 24 23 25 20 22 22 24 25 17 17 15 25 17 23 0
