15
5
16 6 21 15 19 12 8 31 35 14 12 27 23 25 4
0 19 16 15 25 21 24 25 23 21 23 16 25 20 21 17 21
19 0 25 19 23 17 15 24 23 18 19 16 22 16 19 18 23
16 25 0 20 15 21 19 21 19 21 16 16 22 15 18 24 16
15 19 20 0 20 19 15 18 20 18 22 24 17 25 24 18 19
25 23 15 20 0 16 25 20 22 18 24 21 22 22 15 23 24
21 17 21 19 16 0 25 22 17 17 19 22 18 22 17 18 23
24 15 19 15 25 25 0 15 18 21 23 15 24 20 23 21 23
25 24 21 18 20 22 15 0 19 16 15 19 15 20 15 24 19
23 23 19 20 22 17 18 19 0 20 21 15 20 25 20 16 23
21 18 21 18 18 17 21 16 20 0 22 23 24 15 16 24 24
23 19 16 22 24 19 23 15 21 22 0 23 25 16 22 25 19
16 16 16 24 21 22 15 19 15 23 23 0 15 18 25 17 18
25 22 22 17 22 18 24 15 20 24 25 15 0 18 17 23 17
20 16 15 25 22 22 20 20 25 15 16 18 18 0 23 25 21
21 19 18 24 15 17 23 15 20 16 22 25 17 23 0 21 24
17 18 24 18 23 18 21 24 16 24 25 17 23 25 21 0 16
21 23 16 19 24 23 23 19 23 24 19 18 17 21 24 16 0
