15
9
75 104 110 8 10 1 9 54 61 26 66 45 66 14 49
0 23 20 21 22 19 21 15 24 16 19 20 18 17 21 16 22
23 0 18 24 17 18 16 23 18 21 22 21 20 25 18 18 21
20 18 0 16 16 23 17 18 17 15 21 17 25 21 24 25 18
21 24 16 0 24 15 16 20 24 24 21 15 17 17 18 21 19
22 17 16 24 0 21 17 20 21 20 25 23 25 22 23 16 23
19 18 23 15 21 0 22 20 19 15 15 23 19 21 24 23 19
21 16 17 16 17 22 0 19 20 20 21 15 16 19 24 16 21
15 23 18 20 20 20 19 0 19 20 22 24 21 16 23 23 16
24 18 17 24 21 19 20 19 0 17 21 19 24 18 15 16 17
16 21 15 24 20 15 20 20 17 0 23 19 15 25 19 15 17
19 22 21 21 25 15 21 22 21 23 0 22 25 16 15 17 25
20 21 17 15 23 23 15 24 19 19 22 0 17 20 20 23 16
18 20 25 17 25 19 16 21 24 15 25 17 0 15 21 17 19
17 25 21 17 22 21 19 16 18 25 16 20 15 0 25 25 19
21 18 24 18 23 24 24 23 15 19 15 20 21 25 0 16 18
16 18 25 21 16 23 16 23 16 15 17 23 17 25 16 0 25
22 21 18 19 23 19 21 16 17 17 25 16 19 19 18 25 0
