15
20
50 20 113 2 74 68 58 50 91 28 109 78 76 91 106 15 35 48 105 43
41 37 63 107 34 35 59 49 102 79 59 99 87 2 83 36 55 95 105 114
61 31 15 83 37 109 114 29 113 36 35 63 43 119 28 111 28 110 99 116
118 117 106 54 68 71 49 118 100 60 9 85 24 35 90 115 58 116 84 80
75 96 14 52 75 71 72 35 107 107 98 74 34 110 84 57 66 49 45 87
34 4 99 112 22 61 65 117 52 4 5 9 115 58 99 41 116 102 49 120
9 27 23 1 51 2 5 1 29 59 32 21 20 64 109 98 66 18 37 65
30 63 65 105 34 3 42 3 51 106 18 102 11 3 65 68 54 31 1 11
11 4 109 22 114 29 74 111 51 8 110 37 11 67 53 61 101 17 108 79
15 34 64 73 21 2 53 26 9 117 99 88 108 109 29 25 88 43 36 93
30 79 48 39 105 1 109 68 27 73 65 110 9 32 62 50 69 20 52 69
111 7 90 46 119 25 76 19 82 74 56 115 54 23 20 77 111 55 4 69
65 66 54 9 32 51 17 33 22 39 23 14 11 98 46 16 5 54 64 2
17 23 109 14 104 89 101 89 53 60 113 17 117 32 113 32 57 99 12 94
117 50 59 34 14 27 101 114 72 108 75 45 116 71 89 107 48 21 102 32
0 19 24 17 20 25 15 22 24 24 16 16 22 15 17 19 18
19 0 16 24 25 22 22 19 21 19 24 25 18 16 17 16 15
24 16 0 22 22 19 16 17 17 17 16 25 25 24 24 21 24
17 24 22 0 21 19 17 20 24 20 20 24 23 24 19 23 18
20 25 22 21 0 19 15 16 23 15 16 24 20 21 19 23 22
25 22 19 19 19 0 20 19 21 25 21 20 16 22 15 18 25
15 22 16 17 15 20 0 18 22 15 15 24 21 19 20 24 20
22 19 17 20 16 19 18 0 20 15 21 23 21 18 25 18 24
24 21 17 24 23 21 22 20 0 20 17 25 19 21 22 24 16
24 19 17 20 15 25 15 15 20 0 18 16 18 25 23 20 25
16 24 16 20 16 21 15 21 17 18 0 21 23 17 16 18 24
16 25 25 24 24 20 24 23 25 16 21 0 25 25 22 22 25
22 18 25 23 20 16 21 21 19 18 23 25 0 20 25 19 20
15 16 24 24 21 22 19 18 21 25 17 25 20 0 20 16 25
17 17 24 19 19 15 20 25 22 23 16 22 25 20 0 24 20
19 16 21 23 23 18 24 18 24 20 18 22 19 16 24 0 20
18 15 24 18 22 25 20 24 16 25 24 25 20 25 20 20 0
