15
26
98 43 30 151 47 16 6 33 5 44 125 149 124 98 102 14 11 39 82 79 50 110 151 48 3 73
98 3 150 46 23 51 111 76 71 150 42 22 36 117 121 20 12 135 152 95 58 53 67 71 107 99
27 58 5 152 83 144 146 31 33 11 85 8 149 41 134 151 131 113 62 152 72 102 44 138 66 78
53 128 90 105 160 121 4 51 136 134 128 99 46 150 134 111 110 126 71 97 87 48 3 130 91 64
9 109 130 131 2 37 152 36 22 76 57 16 67 11 63 109 12 48 40 76 51 111 23 72 137 9
54 8 85 89 53 75 96 112 159 117 148 59 45 71 125 107 142 69 156 30 94 150 141 114 39 105
101 108 54 23 124 21 130 124 154 93 137 22 36 15 98 20 102 58 18 153 30 109 74 46 5 91
157 22 83 40 106 62 9 1 117 63 36 120 2 65 109 34 78 128 34 145 39 123 152 74 79 85
130 77 101 153 37 62 127 16 73 61 120 32 46 149 5 125 53 4 53 76 26 56 132 43 118 146
67 99 40 8 1 27 82 85 121 143 14 103 72 145 2 46 120 89 149 157 86 94 78 80 99 81
86 131 62 153 115 66 159 154 1 157 129 58 88 2 106 76 16 147 107 54 40 131 109 12 10 22
148 150 157 158 131 118 157 65 151 128 56 15 86 123 123 64 59 78 104 17 2 136 96 11 133 152
152 66 4 43 28 80 22 39 122 80 95 109 110 18 87 114 107 160 91 3 7 127 23 109 32 54
78 25 105 122 100 116 151 81 16 26 96 158 21 114 57 116 133 116 1 76 136 89 15 40 87 86
12 36 60 13 37 9 34 14 154 49 81 32 111 47 124 81 99 159 41 144 99 101 112 32 6 90
0 18 22 16 15 19 21 18 21 18 18 18 19 21 15 19 16
18 0 21 24 25 20 18 22 18 20 22 21 21 22 21 15 15
22 21 0 17 17 19 18 23 15 18 25 21 20 17 15 24 25
16 24 17 0 23 21 18 18 25 22 23 22 20 23 24 20 22
15 25 17 23 0 24 23 20 20 25 25 22 18 21 24 23 19
19 20 19 21 24 0 18 24 25 23 23 17 21 16 23 16 24
21 18 18 18 23 18 0 19 25 16 20 25 25 16 22 24 22
18 22 23 18 20 24 19 0 17 15 20 22 19 20 20 18 16
21 18 15 25 20 25 25 17 0 16 21 25 20 15 24 21 22
18 20 18 22 25 23 16 15 16 0 17 23 24 17 21 19 16
18 22 25 23 25 23 20 20 21 17 0 21 25 21 17 24 15
18 21 21 22 22 17 25 22 25 23 21 0 20 25 24 22 18
19 21 20 20 18 21 25 19 20 24 25 20 0 17 22 23 19
21 22 17 23 21 16 16 20 15 17 21 25 17 0 23 18 22
15 21 15 24 24 23 22 20 24 21 17 24 22 23 0 16 19
19 15 24 20 23 16 24 18 21 19 24 22 23 18 16 0 23
16 15 25 22 19 24 22 16 22 16 15 18 19 22 19 23 0
