15
15
18 117 108 94 2 54 84 40 88 80 103 94 55 64 10
0 15 23 18 24 25 21 25 19 25 21 19 23 16 18 24 22
15 0 23 15 24 19 17 20 23 21 20 21 16 16 15 17 22
23 23 0 19 17 18 25 24 25 21 20 19 17 15 23 19 23
18 15 19 0 19 20 16 15 17 24 19 25 16 16 16 18 21
24 24 17 19 0 20 23 19 17 17 21 21 19 24 19 19 23
25 19 18 20 20 0 24 21 23 18 24 16 23 17 19 23 18
21 17 25 16 23 24 0 24 25 25 19 23 15 25 21 20 22
25 20 24 15 19 21 24 0 20 15 19 20 21 22 22 18 25
19 23 25 17 17 23 25 20 0 24 17 15 18 21 25 23 25
25 21 21 24 17 18 25 15 24 0 25 20 21 20 22 15 25
21 20 20 19 21 24 19 19 17 25 0 15 25 19 16 20 18
19 21 19 25 21 16 23 20 15 20 15 0 19 16 22 21 21
23 16 17 16 19 23 15 21 18 21 25 19 0 19 23 15 19
16 16 15 16 24 17 25 22 21 20 19 16 19 0 17 20 17
18 15 23 16 19 19 21 22 25 22 16 22 23 17 0 25 23
24 17 19 18 19 23 20 18 23 15 20 21 15 20 25 0 16
22 22 23 21 23 18 22 25 25 25 18 21 19 17 23 16 0
