15
20
16 35 52 19 37 18 10 10 8 33 22 46 79 45 59 16 35 77 15 2
35 46 47 4 45 48 67 13 35 44 34 4 41 12 9 63 34 5 55 75
33 74 5 44 48 24 40 68 79 36 57 66 7 52 58 25 56 28 46 16
52 53 51 68 30 71 67 67 13 50 23 45 9 55 16 21 20 48 4 40
9 9 10 77 60 28 27 46 9 18 79 66 52 25 34 68 32 15 39 35
3 42 3 73 3 70 36 56 69 41 22 74 23 42 38 61 20 71 52 39
55 13 37 46 11 28 75 60 50 50 60 24 72 16 54 32 70 67 52 55
60 76 8 73 55 57 23 26 29 38 53 77 3 52 34 64 67 26 8 75
49 40 20 58 66 70 68 30 38 79 56 78 42 16 60 16 62 39 41 53
32 73 67 47 28 64 37 73 26 38 40 71 47 30 33 27 33 79 9 32
3 33 29 39 27 21 65 71 54 35 41 47 55 55 47 59 44 61 9 7
60 73 18 11 30 62 39 46 79 35 37 4 6 25 69 9 33 54 2 11
26 69 14 76 45 14 52 30 76 25 64 62 57 15 24 63 26 63 54 21
17 44 27 20 55 46 24 22 41 42 50 67 2 33 15 56 75 54 42 60
18 38 69 71 41 12 44 55 54 37 8 39 25 4 13 68 10 64 13 69
0 23 24 21 16 17 22 15 25 25 15 17 25 19 18 20 16
23 0 21 24 23 25 18 21 21 24 18 17 16 20 16 25 20
24 21 0 18 19 20 16 22 20 16 25 19 25 18 16 17 20
21 24 18 0 25 22 17 21 15 18 15 22 25 21 20 17 17
16 23 19 25 0 23 25 22 20 17 19 19 25 21 19 15 17
17 25 20 22 23 0 15 23 21 22 25 22 23 16 24 22 20
22 18 16 17 25 15 0 24 18 24 17 17 17 21 18 22 20
15 21 22 21 22 23 24 0 21 25 15 15 20 25 22 25 17
25 21 20 15 20 21 18 21 0 25 18 21 25 23 25 16 16
25 24 16 18 17 22 24 25 25 0 19 24 15 20 24 18 18
15 18 25 15 19 25 17 15 18 19 0 19 20 16 24 24 22
17 17 19 22 19 22 17 15 21 24 19 0 15 22 23 24 20
25 16 25 25 25 23 17 20 25 15 20 15 0 21 24 21 16
19 20 18 21 21 16 21 25 23 20 16 22 21 0 20 22 24
18 16 16 20 19 24 18 22 25 24 24 23 24 20 0 17 18
20 25 17 17 15 22 22 25 16 18 24 24 21 22 17 0 23
16 20 20 17 17 20 20 17 16 18 22 20 16 24 18 23 0
