15
15
133 105 26 153 36 6 9 65 125 130 128 5 102 83 91
0 24 19 22 15 21 15 19 19 16 20 18 24 24 21 24 17
24 0 21 19 18 22 20 23 18 19 20 15 16 15 25 20 18
19 21 0 23 21 22 23 25 20 25 18 17 17 17 25 24 19
22 19 23 0 25 15 21 24 21 20 18 21 16 18 18 19 24
15 18 21 25 0 16 15 15 24 22 19 22 21 16 18 22 16
21 22 22 15 16 0 20 20 23 15 15 17 21 21 20 20 25
15 20 23 21 15 20 0 23 22 19 19 25 15 19 18 21 25
19 23 25 24 15 20 23 0 23 21 19 17 23 25 19 15 22
19 18 20 21 24 23 22 23 0 21 16 16 24 19 25 18 17
16 19 25 20 22 15 19 21 21 0 25 22 21 17 20 23 19
20 20 18 18 19 15 19 19 16 25 0 18 19 23 23 25 19
18 15 17 21 22 17 25 17 16 22 18 0 23 17 24 23 15
24 16 17 16 21 21 15 23 24 21 19 23 0 17 24 19 16
24 15 17 18 16 21 19 25 19 17 23 17 17 0 19 16 21
21 25 25 18 18 20 18 19 25 20 23 24 24 19 0 20 24
24 20 24 19 22 20 21 15 18 23 25 23 19 16 20 0 25
17 18 19 24 16 25 25 22 17 19 19 15 16 21 24 25 0
