15
9
2 5 9 31 26 29 15 13 39 31 26 38 16 31 36
0 22 24 18 21 21 25 18 15 19 23 16 16 20 20 24 23
22 0 17 24 15 16 20 15 18 17 16 15 21 16 18 23 23
24 17 0 25 15 23 15 16 18 19 21 17 17 18 15 25 17
18 24 25 0 15 22 20 20 23 23 24 17 19 19 15 19 16
21 15 15 15 0 18 25 15 21 19 20 17 24 21 17 16 23
21 16 23 22 18 0 21 23 24 15 24 18 22 23 16 19 25
25 20 15 20 25 21 0 20 23 21 23 24 20 15 20 21 20
18 15 16 20 15 23 20 0 20 16 15 17 18 22 23 23 22
15 18 18 23 21 24 23 20 0 15 24 21 22 20 16 23 20
19 17 19 23 19 15 21 16 15 0 16 19 21 22 20 25 21
23 16 21 24 20 24 23 15 24 16 0 19 22 20 20 23 15
16 15 17 17 17 18 24 17 21 19 19 0 20 19 25 15 15
16 21 17 19 24 22 20 18 22 21 22 20 0 21 25 20 24
20 16 18 19 21 23 15 22 20 22 20 19 21 0 19 25 23
20 18 15 15 17 16 20 23 16 20 20 25 25 19 0 25 25
24 23 25 19 16 19 21 23 23 25 23 15 20 25 25 0 25
23 23 17 16 23 25 20 22 20 21 15 15 24 23 25 25 0
