15
4
76 62 105 17
87 81 2 59
70 36 41 44
67 77 24 18
99 7 52 92
88 67 85 43
34 53 120 57
64 89 65 8
32 52 84 105
28 21 85 115
87 84 17 14
117 28 28 23
12 47 120 33
10 7 75 27
17 112 43 78
0 17 19 22 22 25 19 24 23 20 25 16 15 19 21 20 20
17 0 22 25 15 22 25 21 22 19 15 21 18 25 18 25 22
19 22 0 22 18 25 20 21 18 22 16 18 15 23 23 15 17
22 25 22 0 18 23 22 15 23 25 24 19 18 17 15 23 23
22 15 18 18 0 20 15 20 24 20 19 25 23 22 18 24 18
25 22 25 23 20 0 21 19 18 15 25 18 20 19 25 19 23
19 25 20 22 15 21 0 23 21 19 18 21 16 21 23 25 19
24 21 21 15 20 19 23 0 24 17 23 25 22 22 15 18 19
23 22 18 23 24 18 21 24 0 21 15 22 19 16 22 21 25
20 19 22 25 20 15 19 17 21 0 17 17 19 19 17 22 17
25 15 16 24 19 25 18 23 15 17 0 16 17 16 22 17 16
16 21 18 19 25 18 21 25 22 17 16 0 18 22 25 17 18
15 18 15 18 23 20 16 22 19 19 17 18 0 23 19 23 16
19 25 23 17 22 19 21 22 16 19 16 22 23 0 16 25 16
21 18 23 15 18 25 23 15 22 17 22 25 19 16 0 16 18
20 25 15 23 24 19 25 18 21 22 17 17 23 25 16 0 21
20 22 17 23 18 23 19 19 25 17 16 18 16 16 18 21 0
