15
18
8 118 76 4 55 6 45 69 117 22 64 96 78 101 11 42 105 31
102 10 72 9 37 61 42 32 93 57 50 117 2 88 1 64 10 17
49 113 114 86 100 59 97 35 5 17 102 67 105 14 25 22 38 52
4 1 96 59 23 33 119 116 33 86 51 39 73 83 90 82 116 18
102 5 42 119 120 22 1 2 92 49 57 86 53 24 16 106 86 6
24 97 77 47 65 114 105 10 97 27 41 120 103 71 77 78 27 96
52 48 27 8 103 1 48 61 60 88 57 88 39 73 4 19 36 24
16 41 8 42 24 98 73 62 109 24 65 100 31 42 47 13 111 31
80 77 59 58 100 111 6 87 4 86 70 70 53 88 36 54 88 100
67 88 6 60 60 27 50 30 85 10 32 3 69 1 9 17 3 29
30 4 24 13 88 18 97 119 72 4 82 64 106 48 113 69 47 118
17 9 119 82 117 14 105 44 21 113 58 54 84 88 95 116 24 107
1 61 108 12 23 86 47 47 90 59 60 30 120 31 3 3 109 112
56 120 68 79 82 43 89 115 16 17 52 62 117 39 13 85 96 81
78 55 114 95 73 1 43 23 56 61 78 32 33 58 72 56 25 4
0 19 18 23 18 17 20 23 20 16 24 25 22 17 17 21 18
19 0 21 23 20 16 18 22 23 22 24 23 19 18 17 19 15
18 21 0 19 24 22 16 17 24 20 15 25 16 25 18 15 19
23 23 19 0 22 19 21 23 23 20 23 20 20 22 22 23 21
18 20 24 22 0 18 25 16 18 25 20 19 23 16 18 18 17
17 16 22 19 18 0 17 22 19 17 17 19 15 20 23 17 18
20 18 16 21 25 17 0 21 15 25 17 15 23 15 17 23 23
23 22 17 23 16 22 21 0 16 17 22 18 22 22 15 18 24
20 23 24 23 18 19 15 16 0 22 21 25 15 22 22 22 20
16 22 20 20 25 17 25 17 22 0 25 24 17 25 20 16 17
24 24 15 23 20 17 17 22 21 25 0 16 18 16 15 21 21
25 23 25 20 19 19 15 18 25 24 16 0 18 22 15 23 22
22 19 16 20 23 15 23 22 15 17 18 18 0 16 25 21 25
17 18 25 22 16 20 15 22 22 25 16 22 16 0 24 19 16
17 17 18 22 18 23 17 15 22 20 15 15 25 24 0 25 23
21 19 15 23 18 17 23 18 22 16 21 23 21 19 25 0 24
18 15 19 21 17 18 23 24 20 17 21 22 25 16 23 24 0
