15
6
37 71 80 59 30 41
31 47 54 47 43 46
9 4 34 42 24 61
73 16 80 77 52 67
43 2 24 42 16 31
45 39 18 39 35 2
36 41 71 28 65 1
25 67 53 80 13 35
27 33 33 11 37 15
46 41 21 55 18 19
36 37 62 22 22 52
11 7 26 50 63 24
69 41 77 39 49 56
67 31 45 61 12 80
72 50 60 10 67 24
0 23 21 16 17 21 20 16 16 25 24 18 22 25 21 25 20
23 0 17 24 22 15 21 20 24 19 17 18 20 16 25 22 15
21 17 0 19 25 19 22 17 21 25 20 15 22 25 16 22 23
16 24 19 0 16 17 20 25 16 21 18 15 23 25 25 15 15
17 22 25 16 0 20 24 16 19 18 16 24 21 16 22 19 24
21 15 19 17 20 0 15 22 19 25 16 15 19 20 16 19 18
20 21 22 20 24 15 0 17 20 22 16 21 22 22 22 16 24
16 20 17 25 16 22 17 0 24 22 19 24 17 18 22 16 20
16 24 21 16 19 19 20 24 0 22 23 24 20 18 17 23 18
25 19 25 21 18 25 22 22 22 0 22 15 23 15 20 15 21
24 17 20 18 16 16 16 19 23 22 0 17 20 18 24 16 25
18 18 15 15 24 15 21 24 24 15 17 0 20 22 17 25 20
22 20 22 23 21 19 22 17 20 23 20 20 0 24 20 24 21
25 16 25 25 16 20 22 18 18 15 18 22 24 0 15 17 15
21 25 16 25 22 16 22 22 17 20 24 17 20 15 0 25 25
25 22 22 15 19 19 16 16 23 15 16 25 24 17 25 0 22
20 15 23 15 24 18 24 20 18 21 25 20 21 15 25 22 0
