15
26
6 26 28 41 75 68 44 2 50 31 59 47 56 3 11 39 55 54 3 62 58 65 47 36 5 64
60 5 72 7 48 54 25 80 62 26 41 59 68 7 1 22 34 7 6 52 70 18 68 2 14 7
27 62 22 54 72 54 77 49 31 51 58 27 28 5 8 30 13 40 22 8 36 78 36 58 25 21
66 32 52 79 51 74 30 28 21 37 35 16 73 44 60 4 73 68 18 22 67 4 65 28 34 34
35 43 2 68 10 10 57 8 30 62 11 22 42 33 31 29 56 22 23 20 59 36 32 72 5 73
44 51 55 71 15 28 60 61 3 71 50 37 40 77 18 43 24 23 41 63 42 72 58 47 64 80
29 22 64 6 11 46 33 59 22 14 36 9 50 4 42 63 18 14 14 22 62 74 3 19 3 23
50 32 67 33 4 45 78 27 54 62 21 48 43 22 28 3 43 58 2 71 4 1 44 73 56 30
67 44 57 66 79 79 57 11 9 6 45 75 59 43 45 23 42 55 26 61 22 28 5 74 1 27
26 53 57 38 76 44 69 58 38 69 79 16 36 63 44 13 54 78 1 43 55 20 38 77 52 56
52 34 16 35 40 51 36 58 70 51 55 70 68 14 54 52 30 32 47 52 4 29 57 40 7 32
43 37 41 13 21 41 59 23 27 36 2 18 4 30 13 2 60 39 10 23 26 9 1 64 9 44
75 11 22 54 9 47 1 20 39 20 50 34 58 70 30 34 35 74 80 24 40 75 5 52 37 34
54 61 13 54 22 2 76 39 8 5 12 1 23 9 64 68 1 8 16 60 73 75 18 46 80 77
15 56 16 4 12 13 7 27 9 38 57 16 6 5 8 73 56 69 36 50 70 20 65 13 40 8
0 15 17 19 17 15 24 15 15 23 18 17 20 23 23 21 17
15 0 15 15 19 25 22 24 16 16 16 21 23 21 23 24 25
17 15 0 16 23 18 15 17 24 18 15 16 15 17 25 24 16
19 15 16 0 21 16 17 15 18 23 24 15 23 24 20 24 25
17 19 23 21 0 23 25 16 19 16 16 20 19 17 16 23 24
15 25 18 16 23 0 21 20 18 20 16 17 22 15 19 23 24
24 22 15 17 25 21 0 23 16 17 16 15 20 15 20 25 22
15 24 17 15 16 20 23 0 16 16 23 17 16 25 22 25 17
15 16 24 18 19 18 16 16 0 22 20 21 18 15 22 23 16
23 16 18 23 16 20 17 16 22 0 22 25 20 16 22 24 21
18 16 15 24 16 16 16 23 20 22 0 16 21 24 15 15 23
17 21 16 15 20 17 15 17 21 25 16 0 17 21 15 25 19
20 23 15 23 19 22 20 16 18 20 21 17 0 21 22 17 22
23 21 17 24 17 15 15 25 15 16 24 21 21 0 24 19 21
23 23 25 20 16 19 20 22 22 22 15 15 22 24 0 23 16
21 24 24 24 23 23 25 25 23 24 15 25 17 19 23 0 20
17 25 16 25 24 24 22 17 16 21 23 19 22 21 16 20 0
