15
14
37 30 3 25 10 28 8 1 24 28 33 27 29 4
37 8 10 40 20 24 26 25 39 14 24 12 26 33
38 14 27 18 20 26 35 30 4 32 1 2 16 28
32 35 13 21 19 22 9 3 36 36 31 17 13 16
13 21 33 8 8 10 20 33 40 23 3 15 10 16
17 10 25 20 17 13 14 14 9 9 39 32 4 37
39 15 5 34 21 11 35 37 2 5 26 9 5 9
27 6 23 25 11 7 13 28 26 8 18 23 11 29
13 15 1 8 20 14 23 30 17 11 3 8 23 15
33 12 24 11 28 18 20 24 18 31 25 11 16 11
10 10 34 17 12 32 4 12 35 19 11 12 4 6
18 16 19 8 26 7 21 38 15 1 37 4 31 24
16 40 18 38 35 17 22 4 10 25 5 38 19 35
14 2 11 17 14 20 13 15 40 17 36 14 17 3
23 37 32 26 23 11 38 24 9 33 40 21 6 25
0 21 19 15 20 24 17 21 16 17 25 17 20 17 16 23 25
21 0 18 21 24 18 21 15 21 15 18 19 18 18 17 18 22
19 18 0 22 22 19 22 20 16 23 18 20 22 23 22 25 20
15 21 22 0 15 20 18 24 21 21 21 22 18 23 23 23 21
20 24 22 15 0 16 16 25 22 24 24 25 16 16 25 22 18
24 18 19 20 16 0 22 19 25 19 21 19 23 21 18 18 16
17 21 22 18 16 22 0 18 23 19 16 16 18 23 20 16 25
21 15 20 24 25 19 18 0 25 19 15 22 22 18 15 22 25
16 21 16 21 22 25 23 25 0 18 17 16 15 21 25 24 23
17 15 23 21 24 19 19 19 18 0 16 19 17 22 24 18 24
25 18 18 21 24 21 16 15 17 16 0 15 15 16 15 17 15
17 19 20 22 25 19 16 22 16 19 15 0 19 23 23 16 21
20 18 22 18 16 23 18 22 15 17 15 19 0 21 17 24 19
17 18 23 23 16 21 23 18 21 22 16 23 21 0 15 18 16
16 17 22 23 25 18 20 15 25 24 15 23 17 15 0 25 15
23 18 25 23 22 18 16 22 24 18 17 16 24 18 25 0 25
25 22 20 21 18 16 25 25 23 24 15 21 19 16 15 25 0
