15
13
31 15 30 23 33 30 36 34 32 2 36 29 15 34 38
0 21 23 17 25 17 25 22 24 22 16 21 15 20 20 24 17
21 0 22 20 22 22 17 18 23 22 20 16 21 16 24 23 16
23 22 0 25 18 15 21 18 15 19 22 21 21 22 19 16 17
17 20 25 0 22 19 24 24 21 18 18 15 15 15 24 20 25
25 22 18 22 0 23 23 25 17 20 19 23 17 20 23 24 21
17 22 15 19 23 0 16 20 16 15 23 25 22 24 19 25 21
25 17 21 24 23 16 0 18 22 21 19 22 24 20 25 20 24
22 18 18 24 25 20 18 0 20 24 19 17 20 20 18 21 20
24 23 15 21 17 16 22 20 0 20 16 25 23 17 25 25 24
22 22 19 18 20 15 21 24 20 0 19 24 20 17 21 25 18
16 20 22 18 19 23 19 19 16 19 0 20 24 15 15 24 17
21 16 21 15 23 25 22 17 25 24 20 0 16 24 21 18 21
15 21 21 15 17 22 24 20 23 20 24 16 0 16 17 17 15
20 16 22 15 20 24 20 20 17 17 15 24 16 0 21 22 25
20 24 19 24 23 19 25 18 25 21 15 21 17 21 0 16 15
24 23 16 20 24 25 20 21 25 25 24 18 17 22 16 0 24
17 16 17 25 21 21 24 20 24 18 17 21 15 25 15 24 0
