15
4
84 40 58 8 74 97 119 119 95 57 92 104 40 17 65
0 16 16 25 15 25 17 18 16 15 23 18 25 16 23 19 21
16 0 21 15 24 16 18 19 23 15 24 23 19 15 22 22 20
16 21 0 15 19 22 17 21 24 20 17 24 22 18 22 17 18
25 15 15 0 18 16 22 23 16 18 17 22 21 22 25 24 22
15 24 19 18 0 24 16 22 18 21 18 15 23 24 22 18 16
25 16 22 16 24 0 23 15 17 25 19 16 25 18 21 17 17
17 18 17 22 16 23 0 24 23 15 15 16 16 17 17 16 21
18 19 21 23 22 15 24 0 21 18 20 24 19 22 24 16 21
16 23 24 16 18 17 23 21 0 25 20 19 21 23 16 18 17
15 15 20 18 21 25 15 18 25 0 23 15 16 15 23 18 16
23 24 17 17 18 19 15 20 20 23 0 24 17 16 23 15 20
18 23 24 22 15 16 16 24 19 15 24 0 21 23 18 21 22
25 19 22 21 23 25 16 19 21 16 17 21 0 17 19 23 24
16 15 18 22 24 18 17 22 23 15 16 23 17 0 22 23 18
23 22 22 25 22 21 17 24 16 23 23 18 19 22 0 23 25
19 22 17 24 18 17 16 16 18 18 15 21 23 23 23 0 17
21 20 18 22 16 17 21 21 17 16 20 22 24 18 25 17 0
