15
14
91 94 83 149 115 37 58 53 27 107 146 139 81 123
132 100 68 120 137 50 26 160 74 107 104 44 37 110
113 83 1 115 36 103 119 134 43 119 98 124 3 53
13 49 116 3 150 78 58 11 65 1 83 156 75 44
40 15 151 34 71 148 46 59 138 28 117 151 98 36
105 1 106 160 132 18 121 64 49 147 6 40 126 115
86 37 128 86 61 100 153 65 99 1 77 48 5 142
15 152 150 110 18 150 28 94 156 77 120 157 118 147
11 115 77 43 28 70 157 56 144 119 99 129 78 144
152 122 31 94 83 40 5 59 24 63 154 100 144 143
88 92 43 50 68 14 13 158 54 45 66 96 40 9
157 76 125 68 61 155 32 49 108 48 123 43 87 79
91 31 78 13 68 36 143 159 83 119 83 88 86 76
129 100 101 63 125 72 89 52 86 130 79 3 78 160
148 77 157 123 160 9 34 11 130 105 31 32 60 83
0 25 19 20 24 24 15 16 21 25 15 19 16 20 22 20 22
25 0 24 16 19 23 15 22 21 22 22 20 25 21 21 16 23
19 24 0 24 24 25 19 24 20 16 20 18 20 17 21 19 18
20 16 24 0 16 22 22 18 22 21 18 23 20 24 22 16 18
24 19 24 16 0 17 21 25 25 15 16 22 21 18 24 21 15
24 23 25 22 17 0 23 24 18 24 24 23 18 15 15 19 18
15 15 19 22 21 23 0 17 17 19 20 25 18 15 17 18 21
16 22 24 18 25 24 17 0 22 19 19 15 20 15 25 20 16
21 21 20 22 25 18 17 22 0 23 18 22 19 17 19 19 19
25 22 16 21 15 24 19 19 23 0 20 15 18 18 24 21 20
15 22 20 18 16 24 20 19 18 20 0 24 23 18 18 21 23
19 20 18 23 22 23 25 15 22 15 24 0 18 24 19 17 25
16 25 20 20 21 18 18 20 19 18 23 18 0 24 25 18 15
20 21 17 24 18 15 15 15 17 18 18 24 24 0 20 18 19
22 21 21 22 24 15 17 25 19 24 18 19 25 20 0 16 18
20 16 19 16 21 19 18 20 19 21 21 17 18 18 16 0 20
22 23 18 18 15 18 21 16 19 20 23 25 15 19 18 20 0
