15
4
48 59 18 3
58 45 66 28
53 70 41 69
47 77 50 53
14 62 15 59
62 21 49 56
66 14 76 21
15 45 15 60
39 63 40 28
60 28 32 31
28 64 20 35
54 10 30 3
71 2 73 40
13 60 49 21
26 68 18 50
0 19 24 16 19 23 17 21 17 18 20 19 17 23 15 23 22
19 0 19 21 23 25 24 19 16 20 17 17 22 21 22 24 18
24 19 0 19 16 19 23 16 21 18 20 24 25 23 23 22 20
16 21 19 0 21 16 22 18 15 23 22 21 21 16 18 18 25
19 23 16 21 0 21 19 23 25 24 15 15 20 25 17 16 23
23 25 19 16 21 0 15 22 15 19 24 17 17 15 19 20 20
17 24 23 22 19 15 0 23 23 25 18 16 23 20 23 25 25
21 19 16 18 23 22 23 0 20 15 16 17 19 24 18 20 16
17 16 21 15 25 15 23 20 0 15 15 23 16 25 18 23 20
18 20 18 23 24 19 25 15 15 0 19 23 24 20 22 15 22
20 17 20 22 15 24 18 16 15 19 0 18 18 19 21 22 17
19 17 24 21 15 17 16 17 23 23 18 0 23 18 16 16 24
17 22 25 21 20 17 23 19 16 24 18 23 0 18 19 23 23
23 21 23 16 25 15 20 24 25 20 19 18 18 0 16 16 19
15 22 23 18 17 19 23 18 18 22 21 16 19 16 0 24 15
23 24 22 18 16 20 25 20 23 15 22 16 23 16 24 0 19
22 18 20 25 23 20 25 16 20 22 17 24 23 19 15 19 0
