15
12
85 99 72 118 12 97 118 81 49 107 44 107
68 28 109 115 109 114 100 115 66 116 95 69
81 75 76 97 6 38 77 15 85 114 41 10
102 26 23 79 68 104 117 84 96 41 55 76
111 32 107 52 116 38 71 46 64 80 96 99
12 81 30 84 20 11 58 25 32 107 7 14
93 62 31 59 42 55 3 82 86 6 44 110
103 33 110 34 19 67 49 6 14 29 13 86
110 44 89 27 2 60 71 40 8 60 83 92
107 56 107 45 111 4 73 16 66 119 66 54
71 26 46 58 74 117 117 110 46 24 9 94
90 84 15 78 72 45 113 29 106 22 60 91
65 108 48 78 85 118 15 108 62 74 24 36
119 14 112 38 106 63 1 26 23 78 52 50
80 8 66 39 25 4 94 62 63 12 99 61
0 24 19 24 20 15 18 23 16 25 21 15 23 19 23 16 25
24 0 18 15 23 21 20 18 24 17 15 15 15 19 19 21 18
19 18 0 18 21 21 24 19 15 20 20 25 18 15 16 17 24
24 15 18 0 17 25 20 21 15 20 16 16 18 23 18 17 22
20 23 21 17 0 25 17 19 24 15 16 24 24 25 22 19 18
15 21 21 25 25 0 22 23 18 24 22 25 21 24 17 16 24
18 20 24 20 17 22 0 19 15 15 19 19 18 20 25 25 20
23 18 19 21 19 23 19 0 25 23 21 22 19 24 19 22 22
16 24 15 15 24 18 15 25 0 16 19 16 16 19 20 17 21
25 17 20 20 15 24 15 23 16 0 22 21 21 22 21 18 19
21 15 20 16 16 22 19 21 19 22 0 23 21 18 24 16 25
15 15 25 16 24 25 19 22 16 21 23 0 24 22 25 22 22
23 15 18 18 24 21 18 19 16 21 21 24 0 19 21 21 22
19 19 15 23 25 24 20 24 19 22 18 22 19 0 15 18 19
23 19 16 18 22 17 25 19 20 21 24 25 21 15 0 16 16
16 21 17 17 19 16 25 22 17 18 16 22 21 18 16 0 15
25 18 24 22 18 24 20 22 21 19 25 22 22 19 16 15 0
