15
26
40 90 114 64 134 69 41 7 44 139 125 132 25 73 28 68 99 53 18 17 77 45 143 149 104 123
124 58 60 102 98 151 60 126 64 56 40 2 101 47 72 122 134 25 102 12 76 123 8 89 145 157
107 30 116 52 154 83 63 93 2 98 100 116 66 58 49 16 117 112 115 137 81 37 23 68 150 63
97 4 83 111 26 39 135 39 44 64 77 58 157 86 64 51 71 95 75 79 6 136 25 5 38 55
124 153 44 119 154 30 23 146 84 72 146 127 1 104 99 24 70 37 32 152 131 105 149 115 68 39
9 15 154 69 58 56 99 59 31 132 94 89 153 97 99 156 110 63 13 157 94 23 46 12 157 121
20 128 140 160 31 115 72 45 90 117 109 6 148 26 100 37 51 6 69 15 11 90 94 103 41 29
61 20 67 126 58 100 24 96 101 77 59 6 138 65 98 108 12 43 106 36 146 3 159 149 136 51
73 11 120 95 119 42 85 115 136 20 157 149 137 149 119 145 32 100 81 131 2 47 109 43 28 24
56 97 77 135 71 13 14 70 98 9 62 35 40 8 41 157 75 159 143 42 54 135 145 25 92 16
98 41 131 139 127 155 27 132 134 65 159 66 104 119 6 37 28 87 156 107 128 64 96 61 135 133
23 10 104 2 119 58 102 103 71 135 151 17 29 22 6 130 29 152 91 41 89 99 60 63 110 9
115 39 96 6 149 128 123 50 103 41 140 124 91 123 113 80 73 70 105 31 144 55 77 70 70 120
25 67 29 82 146 159 36 153 4 133 58 132 92 15 19 1 49 116 19 100 47 158 71 130 72 85
4 127 108 72 101 100 85 69 10 149 110 35 79 29 123 52 48 83 75 151 1 71 108 119 154 49
0 21 22 24 22 17 21 19 22 17 19 23 16 23 24 16 15
21 0 20 25 21 15 16 20 23 16 23 22 17 15 25 19 18
22 20 0 25 17 20 23 16 23 20 18 21 19 25 15 22 25
24 25 25 0 25 17 19 17 22 24 24 22 24 24 21 19 19
22 21 17 25 0 23 18 16 15 15 19 19 25 17 15 24 22
17 15 20 17 23 0 16 22 21 22 18 22 22 23 15 22 19
21 16 23 19 18 16 0 23 23 24 18 21 19 24 17 24 25
19 20 16 17 16 22 23 0 19 20 22 19 17 18 18 20 23
22 23 23 22 15 21 23 19 0 16 16 17 23 17 17 16 23
17 16 20 24 15 22 24 20 16 0 25 15 16 21 19 18 21
19 23 18 24 19 18 18 22 16 25 0 19 24 25 24 23 15
23 22 21 22 19 22 21 19 17 15 19 0 23 15 24 23 24
16 17 19 24 25 22 19 17 23 16 24 23 0 17 16 21 19
23 15 25 24 17 23 24 18 17 21 25 15 17 0 19 16 20
24 25 15 21 15 15 17 18 17 19 24 24 16 19 0 24 16
16 19 22 19 24 22 24 20 16 18 23 23 21 16 24 0 18
15 18 25 19 22 19 25 23 23 21 15 24 19 20 16 18 0
