15
16
5 60 57 53 62 111 67 63 78 29 2 105 71 103 45
0 15 21 21 15 20 22 24 21 16 25 21 25 24 18 25 18
15 0 25 23 21 23 22 19 25 17 18 16 23 17 25 15 24
21 25 0 16 25 25 23 24 16 18 17 19 17 19 24 25 24
21 23 16 0 25 20 23 22 17 17 21 15 21 15 22 23 24
15 21 25 25 0 22 25 18 23 17 22 20 15 17 17 25 24
20 23 25 20 22 0 23 20 17 23 21 24 17 23 18 18 22
22 22 23 23 25 23 0 25 20 15 25 22 19 15 23 25 21
24 19 24 22 18 20 25 0 20 23 22 22 16 17 25 23 20
21 25 16 17 23 17 20 20 0 19 15 18 23 21 15 20 22
16 17 18 17 17 23 15 23 19 0 22 19 21 22 18 16 16
25 18 17 21 22 21 25 22 15 22 0 21 23 24 20 21 22
21 16 19 15 20 24 22 22 18 19 21 0 21 24 17 16 15
25 23 17 21 15 17 19 16 23 21 23 21 0 18 20 19 17
24 17 19 15 17 23 15 17 21 22 24 24 18 0 22 15 18
18 25 24 22 17 18 23 25 15 18 20 17 20 22 0 21 17
25 15 25 23 25 18 25 23 20 16 21 16 19 15 21 0 16
18 24 24 24 24 22 21 20 22 16 22 15 17 18 17 16 0
