15
14
131 86 69 103 1 13 155 153 90 110 33 71 142 15 70
0 15 24 23 22 17 19 20 19 22 24 21 19 15 18 24 23
15 0 16 15 25 20 19 20 22 24 22 17 15 17 17 18 18
24 16 0 23 20 17 21 22 18 17 19 15 23 22 24 20 25
23 15 23 0 15 25 20 23 20 22 15 22 22 25 24 22 16
22 25 20 15 0 18 16 24 23 22 16 24 20 20 15 24 17
17 20 17 25 18 0 22 17 25 24 21 22 22 22 18 18 20
19 19 21 20 16 22 0 16 25 22 16 23 16 15 25 22 18
20 20 22 23 24 17 16 0 16 20 19 25 22 15 21 22 20
19 22 18 20 23 25 25 16 0 17 15 15 21 19 22 24 17
22 24 17 22 22 24 22 20 17 0 21 20 25 20 24 18 21
24 22 19 15 16 21 16 19 15 21 0 16 21 20 18 16 15
21 17 15 22 24 22 23 25 15 20 16 0 16 24 17 16 20
19 15 23 22 20 22 16 22 21 25 21 16 0 24 23 16 21
15 17 22 25 20 22 15 15 19 20 20 24 24 0 16 19 18
18 17 24 24 15 18 25 21 22 24 18 17 23 16 0 20 22
24 18 20 22 24 18 22 22 24 18 16 16 16 19 20 0 22
23 18 25 16 17 20 18 20 17 21 15 20 21 18 22 22 0
