15
4
14 83 84 48
157 137 49 112
19 72 130 135
112 98 83 32
136 43 155 30
22 37 15 155
89 56 38 28
119 47 68 126
157 55 72 6
29 149 75 116
124 131 146 68
120 45 91 143
1 61 37 113
62 156 156 40
65 18 15 111
0 24 21 19 24 21 20 22 16 23 15 16 22 15 22 21 16
24 0 17 18 25 21 21 17 25 17 21 18 22 15 21 25 16
21 17 0 18 15 25 20 25 23 21 23 25 25 25 24 19 25
19 18 18 0 20 23 17 17 17 16 16 16 17 20 21 16 23
24 25 15 20 0 25 25 25 18 16 24 18 24 22 15 20 16
21 21 25 23 25 0 24 15 15 18 22 15 17 20 20 18 15
20 21 20 17 25 24 0 17 16 22 17 15 24 18 19 19 25
22 17 25 17 25 15 17 0 17 20 17 17 19 24 20 24 18
16 25 23 17 18 15 16 17 0 16 21 15 17 17 24 21 19
23 17 21 16 16 18 22 20 16 0 23 18 16 20 23 17 15
15 21 23 16 24 22 17 17 21 23 0 19 15 24 23 17 24
16 18 25 16 18 15 15 17 15 18 19 0 25 17 15 16 22
22 22 25 17 24 17 24 19 17 16 15 25 0 22 16 20 20
15 15 25 20 22 20 18 24 17 20 24 17 22 0 23 19 22
22 21 24 21 15 20 19 20 24 23 23 15 16 23 0 25 17
21 25 19 16 20 18 19 24 21 17 17 16 20 19 25 0 25
16 16 25 23 16 15 25 18 19 15 24 22 20 22 17 25 0
