15
20
19 31 97 8 45 1 63 111 22 139 125 70 16 127 127 102 20 27 141 25
73 32 78 142 115 146 52 158 146 58 127 134 106 11 46 28 94 116 11 71
28 69 148 63 93 3 31 141 158 58 86 61 57 36 29 58 73 23 81 42
157 138 58 151 129 114 98 61 119 42 11 64 78 75 142 126 111 44 7 32
80 27 18 21 114 123 91 29 39 71 70 65 53 1 6 92 72 69 128 27
128 129 100 103 106 42 120 147 102 75 58 46 81 20 90 127 95 58 45 42
63 154 110 41 94 115 14 103 31 101 9 6 66 117 115 3 63 148 144 79
61 137 89 93 148 88 52 20 106 87 74 148 156 40 72 111 75 1 85 11
134 115 3 31 94 112 85 18 145 132 63 17 59 114 91 133 90 86 83 72
139 160 47 77 10 5 98 159 119 88 70 155 51 95 145 130 44 117 71 127
67 113 156 51 70 87 72 102 150 71 112 103 99 80 37 1 84 160 80 41
36 36 22 29 11 117 3 73 83 59 56 58 159 4 51 64 92 62 124 139
121 7 110 77 106 119 62 141 126 112 136 131 74 52 57 136 14 43 57 54
107 71 25 1 52 33 7 77 26 80 134 55 22 116 157 122 134 90 15 116
40 8 10 91 128 10 125 99 94 69 139 105 47 27 49 34 52 66 84 100
0 24 18 15 18 21 20 17 21 18 16 25 21 20 18 19 22
24 0 23 22 16 18 18 19 17 22 21 22 18 16 25 21 18
18 23 0 16 22 17 19 19 24 23 24 21 21 18 18 23 23
15 22 16 0 18 16 20 20 21 19 20 18 24 22 16 19 20
18 16 22 18 0 20 16 17 16 15 25 16 16 25 18 16 18
21 18 17 16 20 0 16 22 15 22 25 23 20 22 16 20 24
20 18 19 20 16 16 0 19 21 18 22 25 19 22 16 17 22
17 19 19 20 17 22 19 0 15 21 23 15 15 17 19 15 22
21 17 24 21 16 15 21 15 0 21 16 16 24 21 20 16 20
18 22 23 19 15 22 18 21 21 0 24 15 15 23 20 25 18
16 21 24 20 25 25 22 23 16 24 0 15 22 22 16 22 25
25 22 21 18 16 23 25 15 16 15 15 0 17 24 19 24 16
21 18 21 24 16 20 19 15 24 15 22 17 0 20 15 24 23
20 16 18 22 25 22 22 17 21 23 22 24 20 0 24 18 19
18 25 18 16 18 16 16 19 20 20 16 19 15 24 0 16 18
19 21 23 19 16 20 17 15 16 25 22 24 24 18 16 0 22
22 18 23 20 18 24 22 22 20 18 25 16 23 19 18 22 0
