15
9
77 58 2 5 5 62 56 25 40 23 36 27 34 8 71
0 20 22 15 18 24 23 16 24 23 18 15 24 19 17 18 23
20 0 19 20 18 20 18 23 23 15 19 23 20 23 25 17 16
22 19 0 21 22 18 19 18 25 22 23 19 20 20 16 21 24
15 20 21 0 18 15 18 25 19 25 22 19 18 24 19 24 22
18 18 22 18 0 21 16 18 23 24 23 22 21 15 24 20 15
24 20 18 15 21 0 18 21 23 25 16 15 18 19 23 17 15
23 18 19 18 16 18 0 21 24 16 23 19 25 19 21 22 19
16 23 18 25 18 21 21 0 19 25 18 22 18 19 20 15 19
24 23 25 19 23 23 24 19 0 20 21 21 25 19 15 22 19
23 15 22 25 24 25 16 25 20 0 23 22 22 19 19 16 21
18 19 23 22 23 16 23 18 21 23 0 24 23 16 17 22 21
15 23 19 19 22 15 19 22 21 22 24 0 21 21 19 22 19
24 20 20 18 21 18 25 18 25 22 23 21 0 22 23 22 18
19 23 20 24 15 19 19 19 19 19 16 21 22 0 16 24 16
17 25 16 19 24 23 21 20 15 19 17 19 23 16 0 24 22
18 17 21 24 20 17 22 15 22 16 22 22 22 24 24 0 17
23 16 24 22 15 15 19 19 19 21 21 19 18 16 22 17 0
