15
5
118 114 48 2 51 25 40 9 58 1 97 40 33 115 91
0 20 21 21 19 23 19 22 15 24 25 24 21 15 24 25 25
20 0 15 19 16 24 16 20 16 24 18 20 16 20 20 19 25
21 15 0 25 15 18 19 21 22 18 19 17 21 19 21 18 20
21 19 25 0 19 21 23 18 17 25 22 21 17 17 23 24 25
19 16 15 19 0 19 20 24 18 21 19 21 23 21 17 25 23
23 24 18 21 19 0 18 22 15 15 19 23 24 20 24 16 18
19 16 19 23 20 18 0 21 20 16 22 18 18 17 20 17 20
22 20 21 18 24 22 21 0 18 21 20 17 17 23 23 21 19
15 16 22 17 18 15 20 18 0 15 25 17 21 18 18 25 16
24 24 18 25 21 15 16 21 15 0 24 23 21 19 20 24 23
25 18 19 22 19 19 22 20 25 24 0 18 19 22 20 17 15
24 20 17 21 21 23 18 17 17 23 18 0 17 25 23 21 23
21 16 21 17 23 24 18 17 21 21 19 17 0 16 16 15 20
15 20 19 17 21 20 17 23 18 19 22 25 16 0 20 20 24
24 20 21 23 17 24 20 23 18 20 20 23 16 20 0 15 21
25 19 18 24 25 16 17 21 25 24 17 21 15 20 15 0 20
25 25 20 25 23 18 20 19 16 23 15 23 20 24 21 20 0
