15
10
74 111 56 1 73 69 8 95 72 116 93 66 79 83 5
0 25 15 18 15 20 21 19 23 22 19 18 16 23 24 22 21
25 0 23 24 18 16 19 19 19 23 25 23 25 18 22 17 24
15 23 0 16 17 20 17 16 17 16 15 24 19 25 21 22 22
18 24 16 0 25 25 24 22 19 22 25 20 21 19 23 19 16
15 18 17 25 0 22 15 21 25 15 25 21 16 20 20 15 22
20 16 20 25 22 0 17 23 24 15 21 19 19 22 19 20 20
21 19 17 24 15 17 0 18 22 20 23 18 20 21 25 15 20
19 19 16 22 21 23 18 0 19 22 20 18 21 24 18 23 16
23 19 17 19 25 24 22 19 0 18 21 15 22 25 18 22 19
22 23 16 22 15 15 20 22 18 0 20 23 18 18 20 18 22
19 25 15 25 25 21 23 20 21 20 0 23 20 16 16 21 16
18 23 24 20 21 19 18 18 15 23 23 0 22 16 19 20 16
16 25 19 21 16 19 20 21 22 18 20 22 0 17 17 25 20
23 18 25 19 20 22 21 24 25 18 16 16 17 0 16 16 18
24 22 21 23 20 19 25 18 18 20 16 19 17 16 0 23 18
22 17 22 19 15 20 15 23 22 18 21 20 25 16 23 0 16
21 24 22 16 22 20 20 16 19 22 16 16 20 18 18 16 0
