15
16
11 31 37 14 36 17 11 30 14 23 26 8 7 14 28 3
4 13 22 21 29 39 12 36 22 40 5 28 12 25 40 4
35 30 29 38 22 34 12 20 1 31 14 24 32 18 32 26
16 27 4 15 17 31 34 22 4 6 32 28 10 15 21 19
18 19 12 39 23 11 25 24 15 30 17 22 27 16 17 33
1 30 37 22 31 34 26 29 38 9 5 31 13 4 10 30
6 39 27 32 33 40 36 20 18 11 8 32 19 19 27 29
19 3 31 23 21 24 18 30 13 39 21 33 20 29 39 19
15 31 34 22 24 5 15 28 2 26 18 6 34 29 34 36
13 2 32 5 7 10 35 29 12 20 19 2 25 17 36 18
31 13 26 17 6 28 27 38 17 39 3 23 24 18 2 15
3 18 27 22 3 11 1 19 4 19 38 6 29 39 8 39
33 22 26 25 39 14 28 37 18 22 34 12 29 34 3 26
11 13 25 16 33 40 26 26 31 16 19 34 26 4 17 20
14 40 35 17 23 7 18 35 26 16 17 28 17 5 36 11
0 23 21 16 16 17 25 21 24 15 15 19 21 20 23 18 16
23 0 21 23 19 23 24 15 24 16 20 18 18 20 22 23 22
21 21 0 16 24 23 17 17 17 24 22 22 17 21 16 24 16
16 23 16 0 25 19 18 19 23 21 22 17 21 17 25 17 21
16 19 24 25 0 24 23 21 15 20 18 18 16 18 20 16 16
17 23 23 19 24 0 22 23 22 15 18 15 22 19 25 18 20
25 24 17 18 23 22 0 23 21 17 19 17 17 22 15 20 22
21 15 17 19 21 23 23 0 18 17 16 20 22 22 25 18 16
24 24 17 23 15 22 21 18 0 19 22 16 21 21 15 16 22
15 16 24 21 20 15 17 17 19 0 22 23 19 19 15 23 16
15 20 22 22 18 18 19 16 22 22 0 15 17 19 22 21 19
19 18 22 17 18 15 17 20 16 23 15 0 17 18 22 23 19
21 18 17 21 16 22 17 22 21 19 17 17 0 24 25 22 19
20 20 21 17 18 19 22 22 21 19 19 18 24 0 18 15 19
23 22 16 25 20 25 15 25 15 15 22 22 25 18 0 23 19
18 23 24 17 16 18 20 18 16 23 21 23 22 15 23 0 16
16 22 16 21 16 20 22 16 22 16 19 19 19 19 19 16 0
