15
26
36 17 31 16 1 40 40 40 12 4 6 5 11 12 4 37 27 33 11 21 16 28 27 35 11 2
1 5 7 31 1 2 13 7 2 22 2 24 36 19 33 12 21 39 28 14 6 27 36 30 3 29
16 23 20 25 24 40 18 35 4 23 36 21 14 4 12 15 38 35 4 28 37 1 25 24 30 8
16 18 28 31 5 23 25 19 14 13 22 6 12 11 14 13 12 27 33 25 17 9 33 37 19 33
14 23 2 3 25 39 29 12 3 4 30 37 31 2 1 1 30 23 25 30 25 29 2 37 31 13
24 20 39 14 13 37 26 23 2 15 37 17 6 2 34 39 5 30 12 25 23 7 23 8 36 8
13 17 26 4 37 14 7 33 15 27 11 19 5 37 1 38 1 18 21 6 11 2 35 14 6 7
16 2 34 9 20 24 40 35 13 14 25 24 4 21 24 3 6 30 29 28 5 21 17 10 13 14
13 3 27 32 37 31 5 37 7 1 37 35 33 29 26 8 17 17 31 34 16 36 36 3 35 22
22 28 36 8 25 39 17 16 19 3 30 35 8 4 26 3 31 38 17 28 18 39 3 9 24 34
30 35 23 5 3 10 22 4 21 13 6 37 13 33 9 32 12 20 30 22 14 20 22 30 28 35
9 26 38 18 40 36 7 6 28 29 14 5 21 39 18 12 8 37 19 21 8 18 9 23 33 10
14 11 5 35 22 22 16 21 23 3 14 27 31 28 24 19 31 1 27 2 14 8 29 32 22 10
39 3 21 36 39 14 33 17 22 1 35 12 10 11 15 39 14 13 36 4 16 31 29 40 22 22
6 32 35 28 22 31 35 36 1 34 16 9 7 6 16 4 29 25 40 28 5 9 35 23 19 8
0 17 19 23 20 22 16 20 22 24 20 20 16 21 22 19 16
17 0 21 25 22 16 15 15 16 22 16 17 16 25 16 16 17
19 21 0 21 24 16 21 19 25 17 24 24 18 19 22 17 25
23 25 21 0 16 16 16 16 16 19 18 19 25 15 22 17 22
20 22 24 16 0 22 24 15 16 15 21 18 16 19 23 18 15
22 16 16 16 22 0 19 18 24 19 16 18 15 15 22 21 15
16 15 21 16 24 19 0 19 22 15 17 21 24 24 23 17 22
20 15 19 16 15 18 19 0 24 19 15 23 19 25 16 16 24
22 16 25 16 16 24 22 24 0 25 19 20 15 23 19 16 25
24 22 17 19 15 19 15 19 25 0 18 16 16 24 18 22 22
20 16 24 18 21 16 17 15 19 18 0 17 16 21 16 15 17
20 17 24 19 18 18 21 23 20 16 17 0 18 20 21 20 22
16 16 18 25 16 15 24 19 15 16 16 18 0 21 24 17 19
21 25 19 15 19 15 24 25 23 24 21 20 21 0 16 23 17
22 16 22 22 23 22 23 16 19 18 16 21 24 16 0 19 16
19 16 17 17 18 21 17 16 16 22 15 20 17 23 19 0 16
16 17 25 22 15 15 22 24 25 22 17 22 19 17 16 16 0
