15
10
57 83 86 75 6 93 80 107 49 74
100 26 53 83 67 19 28 110 107 96
81 99 1 49 3 64 39 52 105 88
69 46 69 90 114 48 17 11 99 55
23 82 118 109 80 78 101 100 76 2
90 97 36 14 45 94 110 115 67 84
70 75 37 79 6 35 20 53 95 12
1 109 38 59 92 116 47 3 5 110
113 66 56 118 15 4 58 34 70 97
18 53 60 56 46 40 110 103 113 34
4 94 63 53 71 54 42 33 4 83
106 86 38 9 97 76 107 106 48 13
96 83 85 119 30 87 108 62 83 108
112 32 32 10 70 70 116 26 38 113
117 113 78 78 106 85 4 5 82 30
0 17 19 24 16 18 16 19 25 25 17 18 25 16 22 19 25
17 0 19 16 17 20 23 19 16 23 22 25 15 21 17 25 19
19 19 0 20 22 24 17 25 19 19 18 20 17 16 25 18 15
24 16 20 0 21 17 21 19 17 21 17 19 18 20 16 18 19
16 17 22 21 0 17 21 24 20 17 23 16 16 16 24 15 16
18 20 24 17 17 0 23 20 18 17 16 20 17 21 17 23 15
16 23 17 21 21 23 0 24 19 17 24 23 20 21 25 17 22
19 19 25 19 24 20 24 0 21 23 20 25 25 24 23 15 20
25 16 19 17 20 18 19 21 0 22 21 19 17 23 25 17 24
25 23 19 21 17 17 17 23 22 0 18 24 16 19 17 24 16
17 22 18 17 23 16 24 20 21 18 0 22 25 21 17 18 24
18 25 20 19 16 20 23 25 19 24 22 0 20 25 24 19 25
25 15 17 18 16 17 20 25 17 16 25 20 0 22 18 17 15
16 21 16 20 16 21 21 24 23 19 21 25 22 0 15 25 15
22 17 25 16 24 17 25 23 25 17 17 24 18 15 0 24 18
19 25 18 18 15 23 17 15 17 24 18 19 17 25 24 0 20
25 19 15 19 16 15 22 20 24 16 24 25 15 15 18 20 0
