15
26
14 27 20 11 23 36 12 22 15 22 20 16 32 12 15 8 35 37 7 6 34 15 6 20 17 16
11 30 9 39 24 6 29 8 39 9 32 6 6 30 25 1 30 5 3 26 2 16 38 8 25 24
31 27 36 40 37 8 1 18 22 11 35 25 36 20 18 30 9 3 40 14 21 33 1 3 13 20
31 26 24 25 31 9 11 21 3 16 22 19 2 3 31 32 37 37 17 10 34 10 14 39 34 19
28 11 14 24 11 37 38 2 7 22 20 23 16 12 1 30 6 10 35 1 28 19 38 16 34 8
40 9 24 33 17 8 37 19 28 6 2 3 4 26 16 22 5 17 38 21 27 7 12 12 8 39
38 31 9 28 7 13 1 21 22 36 23 7 27 26 31 3 16 12 10 3 12 2 1 7 6 25
28 8 1 2 31 39 31 9 16 26 32 1 27 21 16 3 18 31 18 8 12 24 11 23 38 1
40 6 38 31 11 23 12 39 26 7 25 4 38 8 29 14 32 10 33 38 30 1 28 27 15 6
20 6 30 38 10 20 2 1 21 15 36 31 16 7 31 38 21 4 32 14 27 13 15 11 29 4
29 21 20 14 5 25 5 25 16 3 34 7 34 8 4 31 25 22 19 20 38 9 37 39 24 29
32 12 20 35 14 19 20 23 4 31 24 31 19 17 18 14 20 33 27 20 32 22 1 9 10 15
17 14 33 29 12 14 30 4 12 27 21 9 29 13 19 40 13 1 27 35 11 39 10 9 22 18
30 4 6 20 2 37 8 16 27 23 16 28 15 17 2 38 12 1 28 40 36 6 39 36 28 14
37 3 31 32 15 13 14 31 5 10 8 38 26 15 30 34 21 20 25 30 2 40 24 11 7 9
0 15 18 19 21 18 24 21 22 15 25 18 15 23 24 21 19
15 0 18 20 25 19 18 15 24 18 22 18 20 16 22 15 17
18 18 0 18 24 22 21 21 16 21 20 24 21 16 21 25 24
19 20 18 0 23 20 20 22 19 22 24 19 17 25 18 16 25
21 25 24 23 0 19 21 23 15 20 18 20 24 20 19 23 21
18 19 22 20 19 0 22 18 23 25 24 19 23 19 25 17 24
24 18 21 20 21 22 0 18 19 22 21 15 21 21 22 16 17
21 15 21 22 23 18 18 0 21 25 19 17 17 21 23 16 19
22 24 16 19 15 23 19 21 0 18 18 23 25 18 17 24 25
15 18 21 22 20 25 22 25 18 0 21 18 16 23 25 16 20
25 22 20 24 18 24 21 19 18 21 0 23 20 20 17 20 19
18 18 24 19 20 19 15 17 23 18 23 0 18 23 18 16 25
15 20 21 17 24 23 21 17 25 16 20 18 0 25 25 21 17
23 16 16 25 20 19 21 21 18 23 20 23 25 0 24 17 22
24 22 21 18 19 25 22 23 17 25 17 18 25 24 0 18 17
21 15 25 16 23 17 16 16 24 16 20 16 21 17 18 0 23
19 17 24 25 21 24 17 19 25 20 19 25 17 22 17 23 0
