15
16
116 25 128 110 90 146 26 105 70 74 58 147 90 63 10
0 24 25 15 21 18 18 17 20 20 20 22 21 24 18 16 24
24 0 22 15 20 20 18 19 21 23 19 18 20 23 21 24 23
25 22 0 18 16 24 23 19 22 20 24 22 21 25 22 17 15
15 15 18 0 24 19 17 21 24 25 19 15 22 24 22 16 21
21 20 16 24 0 16 20 16 22 19 18 20 19 17 20 16 15
18 20 24 19 16 0 20 21 17 24 18 19 23 18 20 24 17
18 18 23 17 20 20 0 22 24 22 23 17 15 22 25 18 17
17 19 19 21 16 21 22 0 15 17 20 19 24 19 17 16 25
20 21 22 24 22 17 24 15 0 20 20 22 17 16 17 19 18
20 23 20 25 19 24 22 17 20 0 21 18 15 19 22 25 15
20 19 24 19 18 18 23 20 20 21 0 24 24 24 22 22 17
22 18 22 15 20 19 17 19 22 18 24 0 16 19 17 17 22
21 20 21 22 19 23 15 24 17 15 24 16 0 25 25 20 16
24 23 25 24 17 18 22 19 16 19 24 19 25 0 16 25 15
18 21 22 22 20 20 25 17 17 22 22 17 25 16 0 19 17
16 24 17 16 16 24 18 16 19 25 22 17 20 25 19 0 16
24 23 15 21 15 17 17 25 18 15 17 22 16 15 17 16 0
