15
10
111 64 108 51 67 77 48 6 120 79 101 56 8 100 32
0 21 15 20 21 17 20 25 17 19 17 22 18 19 24 24 17
21 0 16 20 21 20 21 19 16 21 24 20 23 23 23 16 17
15 16 0 21 23 22 21 16 24 24 22 24 16 18 25 20 23
20 20 21 0 18 17 23 23 21 17 15 19 20 16 19 20 22
21 21 23 18 0 21 19 21 19 18 18 20 17 19 15 16 20
17 20 22 17 21 0 15 24 22 15 21 24 16 15 16 24 17
20 21 21 23 19 15 0 22 25 15 24 16 17 15 25 23 23
25 19 16 23 21 24 22 0 18 16 23 19 20 25 23 20 20
17 16 24 21 19 22 25 18 0 17 25 19 22 18 18 22 25
19 21 24 17 18 15 15 16 17 0 22 21 16 22 17 21 24
17 24 22 15 18 21 24 23 25 22 0 21 21 17 23 20 20
22 20 24 19 20 24 16 19 19 21 21 0 17 25 18 22 22
18 23 16 20 17 16 17 20 22 16 21 17 0 20 19 18 25
19 23 18 16 19 15 15 25 18 22 17 25 20 0 22 24 17
24 23 25 19 15 16 25 23 18 17 23 18 19 22 0 16 24
24 16 20 20 16 24 23 20 22 21 20 22 18 24 16 0 15
17 17 23 22 20 17 23 20 25 24 20 22 25 17 24 15 0
