15
13
65 40 119 77 52 115 78 32 112 11 44 80 99 86 110
0 24 17 24 21 17 20 21 15 24 18 25 16 16 19 23 24
24 0 19 25 21 20 16 24 25 17 22 25 19 22 18 16 21
17 19 0 18 17 19 16 20 22 23 17 23 17 25 22 24 18
24 25 18 0 23 16 16 22 19 16 24 20 15 24 18 21 17
21 21 17 23 0 20 18 20 25 16 19 20 21 19 24 22 24
17 20 19 16 20 0 22 22 23 24 16 18 25 21 19 15 22
20 16 16 16 18 22 0 25 19 17 20 17 20 17 21 24 25
21 24 20 22 20 22 25 0 17 15 24 25 19 20 22 22 16
15 25 22 19 25 23 19 17 0 16 15 22 25 19 18 22 24
24 17 23 16 16 24 17 15 16 0 17 24 17 25 18 16 22
18 22 17 24 19 16 20 24 15 17 0 19 16 22 15 16 16
25 25 23 20 20 18 17 25 22 24 19 0 24 24 20 15 25
16 19 17 15 21 25 20 19 25 17 16 24 0 22 25 17 22
16 22 25 24 19 21 17 20 19 25 22 24 22 0 21 25 22
19 18 22 18 24 19 21 22 18 18 15 20 25 21 0 22 21
23 16 24 21 22 15 24 22 22 16 16 15 17 25 22 0 15
24 21 18 17 24 22 25 16 24 22 16 25 22 22 21 15 0
