15
4
17 38 34 66
33 25 78 80
58 56 53 43
26 55 3 19
4 21 41 61
65 19 37 21
25 20 14 48
46 46 25 44
27 52 24 80
8 61 29 57
70 1 65 47
51 63 34 47
77 75 33 29
18 47 7 3
31 48 1 17
0 16 18 20 24 15 22 19 18 23 15 17 21 15 23 16 25
16 0 18 19 19 15 16 23 18 15 18 19 16 19 17 19 25
18 18 0 16 25 22 24 17 21 22 22 17 19 24 22 23 24
20 19 16 0 16 23 17 25 16 21 24 17 16 23 24 19 25
24 19 25 16 0 25 23 23 25 21 21 20 25 16 15 20 20
15 15 22 23 25 0 23 24 23 25 19 25 25 25 16 25 20
22 16 24 17 23 23 0 21 22 15 21 21 24 17 24 18 22
19 23 17 25 23 24 21 0 22 20 17 25 19 24 25 22 18
18 18 21 16 25 23 22 22 0 19 22 17 20 16 25 19 19
23 15 22 21 21 25 15 20 19 0 19 17 19 18 25 18 18
15 18 22 24 21 19 21 17 22 19 0 22 15 18 15 18 24
17 19 17 17 20 25 21 25 17 17 22 0 21 21 17 19 23
21 16 19 16 25 25 24 19 20 19 15 21 0 15 22 15 17
15 19 24 23 16 25 17 24 16 18 18 21 15 0 16 20 24
23 17 22 24 15 16 24 25 25 25 15 17 22 16 0 22 25
16 19 23 19 20 25 18 22 19 18 18 19 15 20 22 0 21
25 25 24 25 20 20 22 18 19 18 24 23 17 24 25 21 0
