15
6
29 30 113 32 142 33 79 88 51 127 32 21 36 75 91
0 19 25 22 15 22 16 17 22 16 23 24 20 21 23 23 16
19 0 19 25 18 19 22 18 23 22 21 23 25 16 25 19 22
25 19 0 15 22 18 21 18 17 21 16 17 23 21 23 16 25
22 25 15 0 25 17 22 17 21 20 24 15 21 25 21 16 16
15 18 22 25 0 22 18 19 17 22 24 18 20 25 19 25 22
22 19 18 17 22 0 25 20 18 22 19 21 17 21 18 17 18
16 22 21 22 18 25 0 16 20 19 23 23 17 21 17 19 15
17 18 18 17 19 20 16 0 20 19 24 15 24 15 20 17 20
22 23 17 21 17 18 20 20 0 17 22 21 15 21 19 16 25
16 22 21 20 22 22 19 19 17 0 17 21 22 23 23 20 23
23 21 16 24 24 19 23 24 22 17 0 16 22 24 23 21 25
24 23 17 15 18 21 23 15 21 21 16 0 24 24 24 22 24
20 25 23 21 20 17 17 24 15 22 22 24 0 23 22 24 17
21 16 21 25 25 21 21 15 21 23 24 24 23 0 22 22 22
23 25 23 21 19 18 17 20 19 23 23 24 22 22 0 19 24
23 19 16 16 25 17 19 17 16 20 21 22 24 22 19 0 21
16 22 25 16 22 18 15 20 25 23 25 24 17 22 24 21 0
