15
15
24 14 48 69 23 67 79 66 20 23 18 75 77 23 74
0 17 17 25 23 22 25 15 22 15 22 15 16 25 15 18 16
17 0 23 25 24 19 21 16 22 18 19 18 19 23 17 20 16
17 23 0 24 20 25 17 24 23 21 24 18 23 15 17 18 19
25 25 24 0 22 23 25 16 20 17 18 23 22 16 20 22 24
23 24 20 22 0 19 25 22 20 25 25 22 15 20 25 22 17
22 19 25 23 19 0 19 18 15 21 19 20 22 17 25 20 17
25 21 17 25 25 19 0 20 15 22 16 16 23 22 20 19 17
15 16 24 16 22 18 20 0 15 20 24 20 23 15 15 18 20
22 22 23 20 20 15 15 15 0 20 17 23 17 19 19 18 21
15 18 21 17 25 21 22 20 20 0 18 15 20 15 18 15 24
22 19 24 18 25 19 16 24 17 18 0 18 15 20 16 21 16
15 18 18 23 22 20 16 20 23 15 18 0 16 24 22 23 23
16 19 23 22 15 22 23 23 17 20 15 16 0 20 25 21 24
25 23 15 16 20 17 22 15 19 15 20 24 20 0 24 17 15
15 17 17 20 25 25 20 15 19 18 16 22 25 24 0 15 17
18 20 18 22 22 20 19 18 18 15 21 23 21 17 15 0 20
16 16 19 24 17 17 17 20 21 24 16 23 24 15 17 20 0
