15
24
131 73 87 107 123 114 131 122 154 59 67 5 111 77 54 120 67 135 43 95 26 5 75 73
72 27 19 13 149 147 132 116 141 111 3 148 68 30 29 147 154 38 31 38 96 133 67 83
112 61 90 7 85 141 88 78 52 109 36 21 68 126 134 98 129 38 82 90 85 110 124 148
42 72 107 44 104 152 159 36 156 17 94 7 117 35 14 25 42 130 42 103 111 88 123 14
152 103 56 117 25 52 90 105 44 6 24 123 123 47 60 116 151 6 96 15 151 93 146 119
59 51 124 101 121 111 136 141 64 124 88 68 34 13 53 82 112 91 11 94 113 22 11 58
141 53 19 154 6 37 105 96 47 127 14 108 56 13 95 55 155 44 134 44 74 99 82 130
87 56 118 86 40 122 7 27 12 143 117 42 135 35 31 135 65 149 47 99 14 108 144 3
155 31 86 11 25 103 16 143 131 147 120 79 9 98 88 7 59 56 62 69 151 31 110 120
116 113 122 44 56 70 81 62 110 111 45 143 140 135 125 129 80 3 107 110 69 86 112 33
127 86 150 49 20 141 97 109 6 79 95 151 146 34 23 85 68 46 114 5 46 1 122 64
113 49 107 87 17 157 21 65 137 113 124 3 10 79 61 133 83 37 76 47 155 59 21 63
127 156 128 80 53 61 145 13 74 115 113 148 134 100 82 25 54 142 40 16 1 62 69 14
152 22 117 73 108 96 40 160 18 70 111 63 149 26 93 37 46 10 134 132 154 2 139 145
48 4 79 97 45 114 54 30 65 103 14 69 49 6 70 153 81 27 139 129 1 97 4 92
0 18 16 23 19 19 22 15 24 23 16 23 24 24 19 16 25
18 0 21 23 18 16 16 21 20 17 23 19 15 21 22 20 25
16 21 0 22 24 18 22 15 24 25 15 23 17 17 22 22 25
23 23 22 0 15 16 24 25 21 16 22 17 18 15 23 21 24
19 18 24 15 0 19 25 15 22 15 24 15 15 18 21 16 18
19 16 18 16 19 0 19 23 17 18 18 15 19 17 21 21 15
22 16 22 24 25 19 0 16 24 23 15 20 23 19 18 25 16
15 21 15 25 15 23 16 0 16 21 18 25 20 16 15 20 22
24 20 24 21 22 17 24 16 0 17 23 22 15 16 20 17 25
23 17 25 16 15 18 23 21 17 0 25 25 25 22 23 19 17
16 23 15 22 24 18 15 18 23 25 0 24 18 25 19 15 19
23 19 23 17 15 15 20 25 22 25 24 0 18 18 18 23 18
24 15 17 18 15 19 23 20 15 25 18 18 0 23 23 16 23
24 21 17 15 18 17 19 16 16 22 25 18 23 0 22 24 25
19 22 22 23 21 21 18 15 20 23 19 18 23 22 0 17 24
16 20 22 21 16 21 25 20 17 19 15 23 16 24 17 0 17
25 25 25 24 18 15 16 22 25 17 19 18 23 25 24 17 0
