15
5
148 27 104 81 130 9 137 156 117 44 103 34 83 14 61
0 17 21 19 25 15 16 17 15 19 16 24 19 17 17 25 24
17 0 21 15 25 19 21 18 18 25 20 17 23 18 22 24 22
21 21 0 19 16 16 16 25 22 15 15 21 25 24 17 18 16
19 15 19 0 18 15 19 23 24 16 18 21 19 15 17 22 24
25 25 16 18 0 25 16 25 21 24 19 25 16 23 20 24 20
15 19 16 15 25 0 18 23 25 25 17 18 21 24 16 23 17
16 21 16 19 16 18 0 23 17 18 23 23 23 15 20 21 19
17 18 25 23 25 23 23 0 25 22 18 25 22 18 16 22 17
15 18 22 24 21 25 17 25 0 20 17 22 15 21 25 19 16
19 25 15 16 24 25 18 22 20 0 23 17 23 23 20 18 16
16 20 15 18 19 17 23 18 17 23 0 18 22 23 24 24 16
24 17 21 21 25 18 23 25 22 17 18 0 17 17 24 22 24
19 23 25 19 16 21 23 22 15 23 22 17 0 21 21 19 25
17 18 24 15 23 24 15 18 21 23 23 17 21 0 23 20 17
17 22 17 17 20 16 20 16 25 20 24 24 21 23 0 19 15
25 24 18 22 24 23 21 22 19 18 24 22 19 20 19 0 22
24 22 16 24 20 17 19 17 16 16 16 24 25 17 15 22 0
