15
15
76 91 94 54 104 2 98 24 76 59 29 21 29 51 40
0 20 19 25 21 20 18 23 24 20 19 16 15 24 25 15 15
20 0 24 19 16 22 19 16 22 21 23 22 25 18 22 22 25
19 24 0 22 18 23 16 19 19 18 21 25 17 19 16 22 19
25 19 22 0 23 20 20 20 22 17 24 24 20 21 16 17 19
21 16 18 23 0 17 25 21 23 21 15 24 19 23 20 21 15
20 22 23 20 17 0 22 18 19 24 19 17 19 20 19 16 22
18 19 16 20 25 22 0 19 20 17 24 22 22 15 17 24 18
23 16 19 20 21 18 19 0 25 22 18 23 19 16 22 19 22
24 22 19 22 23 19 20 25 0 25 17 19 17 23 22 19 21
20 21 18 17 21 24 17 22 25 0 18 18 19 19 15 24 25
19 23 21 24 15 19 24 18 17 18 0 21 24 19 20 23 20
16 22 25 24 24 17 22 23 19 18 21 0 15 18 18 21 25
15 25 17 20 19 19 22 19 17 19 24 15 0 16 16 17 15
24 18 19 21 23 20 15 16 23 19 19 18 16 0 20 25 24
25 22 16 16 20 19 17 22 22 15 20 18 16 20 0 23 25
15 22 22 17 21 16 24 19 19 24 23 21 17 25 23 0 21
15 25 19 19 15 22 18 22 21 25 20 25 15 24 25 21 0
