15
24
125 108 13 146 102 141 32 124 134 26 29 144 159 156 58 9 133 146 27 131 93 152 117 159
69 111 20 118 56 71 115 74 77 2 154 45 118 52 134 37 115 121 129 37 64 56 43 72
106 132 64 139 156 18 37 85 62 114 3 120 66 107 143 102 72 96 11 40 20 77 110 105
124 14 47 135 147 69 80 80 99 69 13 38 93 42 118 85 147 130 13 121 95 41 78 24
25 140 120 91 10 93 32 142 82 44 123 23 156 133 123 159 120 47 46 20 87 119 130 7
115 52 87 92 74 86 75 128 151 80 50 23 10 152 131 25 131 129 59 37 65 60 81 13
153 118 131 137 30 94 103 78 84 4 97 133 82 17 11 125 24 36 106 118 128 117 79 115
17 29 135 144 112 126 14 11 160 20 73 125 144 146 139 59 25 81 132 67 70 75 131 76
52 12 17 10 115 17 100 108 149 27 49 22 152 25 42 36 131 98 90 7 99 53 148 9
66 91 24 59 10 31 64 8 36 45 2 29 60 135 149 49 74 2 50 77 147 12 14 104
86 14 94 101 14 77 37 10 37 160 24 74 44 9 23 112 33 89 46 75 66 58 125 147
14 31 120 8 3 113 155 127 101 62 29 137 122 148 133 123 95 43 38 72 104 121 34 104
145 131 125 17 56 131 109 127 38 134 121 2 52 56 5 39 85 130 52 77 109 16 114 64
71 138 66 156 113 96 32 14 17 49 144 39 134 33 57 81 81 122 44 133 156 47 147 35
11 58 140 32 86 8 158 67 150 26 46 126 136 71 98 49 138 145 56 143 121 122 116 6
0 23 19 16 20 25 18 18 17 15 25 22 24 25 17 15 20
23 0 24 16 24 15 19 25 15 18 25 15 15 22 22 19 22
19 24 0 18 15 18 17 17 22 18 18 22 21 20 25 21 20
16 16 18 0 25 25 23 15 16 23 15 21 17 22 19 16 22
20 24 15 25 0 24 20 15 18 15 22 23 17 24 15 19 15
25 15 18 25 24 0 25 25 16 18 22 17 24 22 24 18 22
18 19 17 23 20 25 0 21 19 24 20 20 15 19 20 16 20
18 25 17 15 15 25 21 0 20 24 24 23 23 16 21 18 15
17 15 22 16 18 16 19 20 0 18 19 15 23 20 23 20 25
15 18 18 23 15 18 24 24 18 0 15 23 17 17 25 21 24
25 25 18 15 22 22 20 24 19 15 0 23 22 20 17 19 22
22 15 22 21 23 17 20 23 15 23 23 0 20 25 18 25 18
24 15 21 17 17 24 15 23 23 17 22 20 0 21 19 25 21
25 22 20 22 24 22 19 16 20 17 20 25 21 0 18 18 24
17 22 25 19 15 24 20 21 23 25 17 18 19 18 0 19 15
15 19 21 16 19 18 16 18 20 21 19 25 25 18 19 0 25
20 22 20 22 15 22 20 15 25 24 22 18 21 24 15 25 0
