15
8
16 8 117 11 54 114 44 59 120 12 118 64 38 29 69
0 24 20 22 23 23 23 23 22 19 23 16 17 24 17 18 23
24 0 22 15 18 23 21 18 17 24 23 17 17 21 24 18 25
20 22 0 17 17 16 18 18 16 19 20 19 22 18 21 18 24
22 15 17 0 24 25 18 19 23 22 20 16 15 19 17 20 15
23 18 17 24 0 19 24 22 25 25 18 15 21 17 18 21 19
23 23 16 25 19 0 25 21 22 25 20 23 20 15 24 17 20
23 21 18 18 24 25 0 21 17 25 24 17 15 18 24 19 21
23 18 18 19 22 21 21 0 23 25 20 23 20 17 20 24 23
22 17 16 23 25 22 17 23 0 16 21 17 24 20 18 20 20
19 24 19 22 25 25 25 25 16 0 19 24 22 15 15 23 24
23 23 20 20 18 20 24 20 21 19 0 19 19 16 15 20 16
16 17 19 16 15 23 17 23 17 24 19 0 22 19 24 17 22
17 17 22 15 21 20 15 20 24 22 19 22 0 22 17 20 25
24 21 18 19 17 15 18 17 20 15 16 19 22 0 20 15 19
17 24 21 17 18 24 24 20 18 15 15 24 17 20 0 15 15
18 18 18 20 21 17 19 24 20 23 20 17 20 15 15 0 16
23 25 24 15 19 20 21 23 20 24 16 22 25 19 15 16 0
