15
22
55 61 1 44 42 34 13 35 17 43 61 8 38 74 6 61 30 73 16 6 54 5
42 79 15 5 8 75 64 4 61 9 5 10 64 53 55 23 43 22 43 8 36 30
9 2 37 78 21 15 37 10 65 43 72 7 66 54 51 68 49 75 8 65 71 77
22 21 44 28 10 5 44 50 58 45 45 77 49 12 79 3 54 20 21 59 2 46
2 37 6 68 77 18 24 6 22 72 40 52 51 44 69 46 43 52 28 54 56 37
2 41 62 73 47 25 70 62 75 71 13 72 35 75 9 62 25 30 28 10 40 19
42 14 54 17 68 73 66 36 79 35 19 63 10 65 72 72 64 38 31 21 7 51
66 67 30 10 12 58 2 63 76 12 1 9 34 11 13 76 1 62 45 6 6 27
31 7 58 62 59 51 68 60 13 37 2 1 11 76 35 79 16 19 21 15 28 59
7 52 51 74 54 49 45 60 54 4 56 31 22 73 65 56 12 1 35 75 29 77
42 28 7 58 34 47 34 42 40 50 48 80 38 28 22 4 61 29 35 39 15 37
28 76 32 55 55 1 17 67 3 5 18 58 72 57 47 43 18 4 23 58 53 55
24 1 3 80 24 75 17 72 26 53 1 4 19 32 55 54 44 38 4 28 28 64
7 23 24 50 72 65 45 45 46 17 41 9 10 25 64 18 73 65 20 6 49 80
13 58 60 67 50 37 5 46 30 37 65 63 32 52 45 12 69 21 57 26 54 26
0 19 20 16 24 25 19 25 15 25 24 19 18 23 19 15 20
19 0 17 15 25 20 18 19 22 23 23 22 21 22 23 21 23
20 17 0 20 25 19 25 22 18 18 19 15 17 23 21 17 23
16 15 20 0 17 18 23 19 17 16 24 22 19 23 18 23 19
24 25 25 17 0 22 22 19 25 23 19 19 23 18 19 22 15
25 20 19 18 22 0 25 18 16 18 25 17 23 16 25 18 19
19 18 25 23 22 25 0 22 19 18 24 20 20 19 23 24 23
25 19 22 19 19 18 22 0 17 24 21 16 21 17 22 22 16
15 22 18 17 25 16 19 17 0 21 20 15 16 15 23 16 19
25 23 18 16 23 18 18 24 21 0 25 21 21 20 15 22 19
24 23 19 24 19 25 24 21 20 25 0 15 24 20 19 15 25
19 22 15 22 19 17 20 16 15 21 15 0 25 16 19 25 17
18 21 17 19 23 23 20 21 16 21 24 25 0 21 21 17 15
23 22 23 23 18 16 19 17 15 20 20 16 21 0 24 19 17
19 23 21 18 19 25 23 22 23 15 19 19 21 24 0 25 18
15 21 17 23 22 18 24 22 16 22 15 25 17 19 25 0 18
20 23 23 19 15 19 23 16 19 19 25 17 15 17 18 18 0
