15
4
46 27 12 29
21 77 4 3
62 78 27 5
32 52 47 3
51 17 68 39
24 20 76 41
34 9 1 61
35 43 48 13
61 41 1 59
38 47 43 53
9 18 19 33
23 6 68 21
7 22 34 74
8 66 47 19
38 72 70 51
0 15 21 16 23 25 22 17 22 20 17 17 18 20 24 17 17
15 0 17 18 25 20 18 25 23 20 18 24 22 19 25 20 22
21 17 0 19 20 16 17 17 18 20 25 19 24 15 17 22 21
16 18 19 0 21 22 16 23 21 22 23 20 22 24 22 17 22
23 25 20 21 0 18 17 15 17 15 20 17 22 15 17 16 15
25 20 16 22 18 0 20 17 20 16 20 22 20 17 18 21 25
22 18 17 16 17 20 0 24 16 17 18 17 25 19 15 19 15
17 25 17 23 15 17 24 0 23 19 23 23 16 20 22 21 21
22 23 18 21 17 20 16 23 0 19 18 21 20 20 16 24 24
20 20 20 22 15 16 17 19 19 0 16 16 17 17 16 23 20
17 18 25 23 20 20 18 23 18 16 0 18 25 21 22 21 17
17 24 19 20 17 22 17 23 21 16 18 0 16 23 20 21 24
18 22 24 22 22 20 25 16 20 17 25 16 0 15 16 19 17
20 19 15 24 15 17 19 20 20 17 21 23 15 0 21 24 15
24 25 17 22 17 18 15 22 16 16 22 20 16 21 0 22 19
17 20 22 17 16 21 19 21 24 23 21 21 19 24 22 0 24
17 22 21 22 15 25 15 21 24 20 17 24 17 15 19 24 0
