15
12
26 26 51 49 44 74 41 39 69 37 70 42 53 23 2
0 15 23 20 19 19 23 25 16 18 20 22 18 19 18 19 17
15 0 20 21 21 22 17 24 25 16 16 19 19 18 19 15 22
23 20 0 17 18 21 17 25 24 20 19 19 25 25 19 17 17
20 21 17 0 19 19 21 15 21 21 17 22 21 24 19 21 24
19 21 18 19 0 18 16 16 16 17 25 21 23 23 22 18 19
19 22 21 19 18 0 18 23 25 19 23 23 20 21 23 17 15
23 17 17 21 16 18 0 22 15 23 17 23 22 18 21 25 22
25 24 25 15 16 23 22 0 25 18 15 22 19 17 20 24 15
16 25 24 21 16 25 15 25 0 24 15 23 15 23 15 19 15
18 16 20 21 17 19 23 18 24 0 18 16 18 18 20 25 18
20 16 19 17 25 23 17 15 15 18 0 16 25 17 17 18 22
22 19 19 22 21 23 23 22 23 16 16 0 25 22 15 22 23
18 19 25 21 23 20 22 19 15 18 25 25 0 22 20 25 24
19 18 25 24 23 21 18 17 23 18 17 22 22 0 19 20 21
18 19 19 19 22 23 21 20 15 20 17 15 20 19 0 17 17
19 15 17 21 18 17 25 24 19 25 18 22 25 20 17 0 20
17 22 17 24 19 15 22 15 15 18 22 23 24 21 17 20 0
