15
14
2 57 74 26 29 56 94 28 14 1 119 15 107 113 33
0 19 18 25 23 25 24 25 19 15 20 21 24 15 23 23 22
19 0 22 23 22 24 24 21 19 25 21 19 23 20 18 23 21
18 22 0 20 18 25 25 23 23 19 23 23 18 17 25 16 25
25 23 20 0 19 20 25 22 20 22 23 16 22 24 18 24 22
23 22 18 19 0 25 25 24 21 23 20 19 22 18 16 25 16
25 24 25 20 25 0 23 17 16 25 23 19 18 15 22 22 21
24 24 25 25 25 23 0 23 15 21 17 20 24 16 22 15 18
25 21 23 22 24 17 23 0 16 21 21 22 22 15 19 20 25
19 19 23 20 21 16 15 16 0 24 17 20 25 20 20 22 17
15 25 19 22 23 25 21 21 24 0 19 20 19 21 15 23 16
20 21 23 23 20 23 17 21 17 19 0 16 24 19 21 25 24
21 19 23 16 19 19 20 22 20 20 16 0 18 17 17 18 25
24 23 18 22 22 18 24 22 25 19 24 18 0 17 25 25 22
15 20 17 24 18 15 16 15 20 21 19 17 17 0 17 16 22
23 18 25 18 16 22 22 19 20 15 21 17 25 17 0 24 18
23 23 16 24 25 22 15 20 22 23 25 18 25 16 24 0 24
22 21 25 22 16 21 18 25 17 16 24 25 22 22 18 24 0
