15
18
40 23 36 1 35 19 13 37 34 1 2 23 12 28 7 33 13 33
18 19 10 11 38 10 30 28 31 20 27 33 10 23 34 7 26 7
34 11 5 16 18 5 36 8 19 19 22 37 21 1 23 28 10 17
39 10 14 38 11 7 8 35 3 23 13 38 18 7 24 23 5 33
24 31 36 7 28 20 7 38 17 2 6 31 38 8 8 26 27 1
39 37 19 11 33 26 14 23 38 17 35 38 2 28 38 31 35 23
21 34 20 28 6 1 20 1 32 12 1 25 11 23 16 37 20 28
15 30 19 25 17 30 10 23 5 35 23 19 15 16 23 39 28 29
1 3 30 39 23 1 13 38 13 20 37 26 2 9 29 34 24 23
7 19 31 21 34 12 23 30 38 34 23 32 18 11 6 22 32 37
19 16 9 5 18 17 10 30 31 14 31 23 40 36 19 31 40 21
29 22 16 26 12 2 31 16 11 40 27 15 29 16 3 22 18 13
15 33 13 18 39 30 26 8 40 8 15 15 19 29 2 18 28 30
38 29 1 9 23 2 6 32 5 14 14 9 17 19 6 34 16 35
3 31 16 37 28 5 16 10 6 4 18 39 27 33 14 25 31 15
0 25 21 15 24 25 18 15 23 22 21 25 18 25 23 20 20
25 0 16 25 25 18 23 15 21 18 19 17 24 23 21 15 20
21 16 0 16 22 18 15 17 16 20 18 23 22 16 21 25 17
15 25 16 0 15 23 17 23 18 22 24 24 21 17 15 19 22
24 25 22 15 0 25 17 25 19 16 18 16 18 23 24 16 16
25 18 18 23 25 0 16 18 23 19 16 15 25 25 21 16 24
18 23 15 17 17 16 0 24 23 15 24 16 20 17 20 22 22
15 15 17 23 25 18 24 0 21 22 17 20 22 16 22 23 15
23 21 16 18 19 23 23 21 0 15 17 21 20 19 18 24 18
22 18 20 22 16 19 15 22 15 0 18 18 18 18 18 17 17
21 19 18 24 18 16 24 17 17 18 0 22 22 16 24 19 23
25 17 23 24 16 15 16 20 21 18 22 0 25 15 24 25 16
18 24 22 21 18 25 20 22 20 18 22 25 0 18 15 19 22
25 23 16 17 23 25 17 16 19 18 16 15 18 0 19 16 25
23 21 21 15 24 21 20 22 18 18 24 24 15 19 0 25 24
20 15 25 19 16 16 22 23 24 17 19 25 19 16 25 0 25
20 20 17 22 16 24 22 15 18 17 23 16 22 25 24 25 0
