15
10
25 1 44 42 68 8 77 63 17 56
62 48 79 35 63 9 4 6 63 57
75 50 68 48 5 43 71 67 79 6
51 73 8 17 44 15 8 68 52 35
58 7 76 7 2 15 40 15 40 67
34 32 60 66 7 40 65 54 4 49
59 47 42 74 71 23 51 70 41 53
20 8 48 77 11 35 22 6 13 20
17 50 68 43 5 45 16 37 54 67
22 60 62 77 62 36 9 24 11 80
11 30 76 77 38 57 20 31 42 25
77 75 14 80 69 47 42 79 80 20
52 25 52 18 11 15 55 66 66 26
71 17 58 79 26 70 59 34 45 65
33 71 41 79 64 69 52 18 46 15
0 22 23 18 23 24 18 25 20 16 18 22 16 19 18 19 23
22 0 21 17 19 23 23 23 15 18 19 20 16 17 22 23 22
23 21 0 19 23 23 22 15 20 16 17 21 25 19 18 21 20
18 17 19 0 18 19 15 20 17 23 18 22 16 23 15 16 25
23 19 23 18 0 19 25 17 22 17 15 15 21 15 19 17 22
24 23 23 19 19 0 20 24 17 25 15 18 23 21 16 23 24
18 23 22 15 25 20 0 22 20 23 18 21 15 19 24 15 23
25 23 15 20 17 24 22 0 18 15 18 18 24 19 21 16 24
20 15 20 17 22 17 20 18 0 19 18 20 25 21 17 18 21
16 18 16 23 17 25 23 15 19 0 25 25 25 16 20 17 18
18 19 17 18 15 15 18 18 18 25 0 18 21 24 17 19 16
22 20 21 22 15 18 21 18 20 25 18 0 15 18 17 15 23
16 16 25 16 21 23 15 24 25 25 21 15 0 25 16 24 23
19 17 19 23 15 21 19 19 21 16 24 18 25 0 15 20 19
18 22 18 15 19 16 24 21 17 20 17 17 16 15 0 21 22
19 23 21 16 17 23 15 16 18 17 19 15 24 20 21 0 21
23 22 20 25 22 24 23 24 21 18 16 23 23 19 22 21 0
