15
22
108 110 76 145 47 31 74 115 154 143 12 60 86 160 127 110 79 157 27 13 143 90
12 99 138 53 14 47 96 65 153 150 146 44 58 128 20 110 77 131 136 160 96 46
52 138 57 83 38 128 124 31 112 93 69 29 78 5 4 31 120 22 113 118 102 97
25 117 89 23 158 8 116 82 152 48 133 141 40 34 96 39 99 126 134 75 100 49
13 132 77 151 86 98 99 154 76 137 22 149 6 109 129 2 49 100 28 158 125 93
105 85 62 79 42 5 80 21 100 124 159 71 21 151 31 91 143 21 66 79 136 91
143 29 156 32 28 87 74 147 81 119 44 160 102 71 82 50 68 97 152 79 111 1
30 42 92 71 86 98 57 45 148 112 84 117 83 29 154 6 18 102 81 73 47 18
50 126 66 50 41 42 110 51 55 4 20 134 81 41 28 101 122 55 49 145 142 28
70 82 14 18 156 70 128 146 14 119 135 48 114 83 32 14 90 130 131 8 79 16
101 150 124 133 14 126 25 134 70 47 9 48 92 115 124 25 73 49 158 60 121 76
73 55 50 101 5 118 75 148 115 51 102 21 92 145 78 18 102 94 138 35 20 2
36 91 36 28 95 93 15 66 98 87 154 125 51 109 146 74 68 141 125 9 17 64
40 4 140 2 5 68 116 53 10 15 123 79 60 108 58 24 153 33 19 72 154 29
115 13 36 68 37 102 45 93 44 119 116 113 68 40 100 96 19 39 145 69 120 10
0 23 15 18 25 19 17 22 15 19 22 24 24 20 19 21 25
23 0 17 18 22 25 19 15 15 24 15 19 18 22 23 25 17
15 17 0 22 24 18 23 18 22 22 22 21 15 21 17 16 19
18 18 22 0 22 21 19 20 16 15 18 19 23 18 19 20 19
25 22 24 22 0 18 21 21 25 22 15 15 21 16 22 17 15
19 25 18 21 18 0 20 25 17 23 21 24 16 21 15 19 24
17 19 23 19 21 20 0 16 21 22 22 23 21 25 16 24 15
22 15 18 20 21 25 16 0 25 22 22 22 16 20 25 19 16
15 15 22 16 25 17 21 25 0 17 22 19 24 19 20 24 15
19 24 22 15 22 23 22 22 17 0 19 20 18 19 17 16 23
22 15 22 18 15 21 22 22 22 19 0 25 23 24 23 20 21
24 19 21 19 15 24 23 22 19 20 25 0 16 18 23 23 19
24 18 15 23 21 16 21 16 24 18 23 16 0 21 20 25 15
20 22 21 18 16 21 25 20 19 19 24 18 21 0 20 24 20
19 23 17 19 22 15 16 25 20 17 23 23 20 20 0 23 16
21 25 16 20 17 19 24 19 24 16 20 23 25 24 23 0 17
25 17 19 19 15 24 15 16 15 23 21 19 15 20 16 17 0
