15
14
29 6 5 4 5 24 38 21 37 27 9 28 30 36
18 31 6 35 3 5 12 1 20 33 28 23 3 17
20 9 14 20 24 5 17 6 40 29 3 24 29 36
21 36 27 5 29 18 35 11 38 23 27 12 17 28
19 6 24 11 25 36 23 31 38 7 31 25 6 8
17 5 3 16 14 17 31 24 15 34 37 7 5 32
29 14 15 37 30 32 22 22 36 16 7 25 5 9
23 36 19 23 26 19 8 29 19 27 22 6 25 30
17 33 21 14 18 29 32 27 32 17 23 7 38 18
17 26 11 37 11 35 12 12 27 3 27 31 35 13
26 21 17 8 10 2 20 2 1 9 40 37 15 30
34 18 16 8 24 33 28 16 15 16 32 3 23 25
35 25 13 7 13 21 35 40 21 22 1 19 18 2
25 4 35 38 1 12 23 27 25 40 16 19 8 12
30 22 14 15 5 22 18 10 11 30 23 33 5 9
0 22 17 18 18 24 17 17 16 22 25 20 18 22 20 25 25
22 0 15 24 18 17 15 24 17 17 22 21 18 21 23 24 25
17 15 0 24 23 15 25 19 16 22 18 15 16 20 16 25 16
18 24 24 0 15 15 15 23 25 21 17 15 15 22 16 20 19
18 18 23 15 0 21 23 23 22 24 15 20 19 20 21 19 19
24 17 15 15 21 0 22 15 23 19 21 18 25 24 23 16 22
17 15 25 15 23 22 0 20 21 17 23 23 25 23 15 17 17
17 24 19 23 23 15 20 0 18 17 19 19 21 19 19 19 15
16 17 16 25 22 23 21 18 0 16 15 18 15 18 20 23 17
22 17 22 21 24 19 17 17 16 0 17 18 23 15 20 20 25
25 22 18 17 15 21 23 19 15 17 0 17 24 20 21 20 25
20 21 15 15 20 18 23 19 18 18 17 0 20 15 19 19 15
18 18 16 15 19 25 25 21 15 23 24 20 0 23 20 18 25
22 21 20 22 20 24 23 19 18 15 20 15 23 0 21 22 23
20 23 16 16 21 23 15 19 20 20 21 19 20 21 0 18 18
25 24 25 20 19 16 17 19 23 20 20 19 18 22 18 0 23
25 25 16 19 19 22 17 15 17 25 25 15 25 23 18 23 0
