15
24
23 12 39 28 34 33 21 23 8 21 17 23 13 11 37 36 31 24 34 14 25 5 10 21
20 27 25 10 29 31 36 34 11 26 18 29 32 31 18 30 18 25 26 8 36 6 11 14
39 13 14 25 15 40 40 19 8 38 34 33 4 36 40 22 38 20 39 2 28 34 34 38
33 9 38 17 10 3 14 18 17 4 35 9 24 27 25 18 10 21 33 26 14 37 24 24
16 27 2 4 15 22 23 2 37 17 37 24 32 13 10 28 32 18 3 22 36 39 5 26
7 8 15 23 15 2 34 9 9 14 29 39 10 4 7 17 34 30 39 2 27 17 13 36
11 2 19 39 9 19 16 28 22 15 2 38 5 29 5 21 30 17 32 4 23 10 40 25
31 19 32 40 27 40 22 39 7 35 31 3 25 39 16 26 7 10 18 11 22 38 37 8
18 20 40 14 14 24 1 27 7 17 6 11 31 23 9 33 26 7 40 26 27 25 34 17
20 26 40 31 1 26 14 15 39 35 2 30 28 20 8 16 9 17 5 12 28 9 21 17
10 5 1 39 2 22 38 8 28 5 26 24 12 5 21 24 7 27 11 3 12 26 3 9
9 26 32 26 9 2 17 33 14 26 19 39 29 29 23 33 40 11 35 31 25 37 25 26
19 2 19 10 12 15 14 15 4 7 31 21 8 2 9 26 35 26 17 2 12 1 38 5
29 17 37 31 34 30 32 15 21 21 30 9 23 37 26 35 36 37 3 15 20 21 12 12
28 27 14 1 35 12 4 7 10 31 27 35 27 9 8 18 19 23 32 3 15 5 37 37
0 21 17 21 23 22 25 16 19 18 20 20 17 17 21 20 24
21 0 18 20 23 17 22 22 22 24 17 23 25 15 16 21 20
17 18 0 23 25 23 22 17 25 25 22 23 19 20 22 18 25
21 20 23 0 25 22 21 23 22 16 23 21 25 19 16 23 25
23 23 25 25 0 20 23 22 18 23 21 20 22 20 16 24 22
22 17 23 22 20 0 23 17 24 18 22 20 17 20 20 20 22
25 22 22 21 23 23 0 25 17 22 15 25 16 25 20 24 22
16 22 17 23 22 17 25 0 16 19 21 24 18 22 21 20 15
19 22 25 22 18 24 17 16 0 23 19 25 25 17 20 18 19
18 24 25 16 23 18 22 19 23 0 19 24 25 21 16 23 22
20 17 22 23 21 22 15 21 19 19 0 23 17 23 23 21 21
20 23 23 21 20 20 25 24 25 24 23 0 20 20 15 21 18
17 25 19 25 22 17 16 18 25 25 17 20 0 16 16 24 15
17 15 20 19 20 20 25 22 17 21 23 20 16 0 23 16 23
21 16 22 16 16 20 20 21 20 16 23 15 16 23 0 17 16
20 21 18 23 24 20 24 20 18 23 21 21 24 16 17 0 22
24 20 25 25 22 22 22 15 19 22 21 18 15 23 16 22 0
