15
22
152 142 34 74 81 39 134 62 78 21 35 73 94 133 34 3 75 34 6 75 131 117
82 124 124 7 65 151 3 106 32 60 110 119 127 84 9 106 159 160 87 97 142 131
61 112 24 102 22 86 25 96 81 145 71 10 122 73 42 127 26 72 63 68 136 56
111 3 139 69 111 86 144 129 86 71 133 133 142 133 75 35 133 36 145 47 30 159
152 87 122 69 111 71 36 143 57 159 5 141 115 91 10 112 36 53 37 45 98 23
138 63 3 50 47 92 116 154 157 14 49 144 85 59 57 149 152 141 76 14 91 13
70 71 157 122 23 57 32 95 95 140 87 103 95 17 47 78 53 61 151 38 72 81
75 50 109 16 2 51 101 156 8 82 114 47 49 140 150 103 128 144 147 134 152 48
67 103 86 135 125 5 31 80 32 86 7 97 156 10 157 147 30 29 103 153 9 101
55 139 105 85 149 51 58 2 49 136 71 46 111 34 68 45 107 22 16 138 102 94
43 79 127 137 107 102 48 156 43 140 152 17 23 120 17 77 57 117 48 113 14 46
72 82 50 9 54 52 20 62 17 103 30 50 25 17 67 119 85 36 56 39 158 62
77 9 67 69 41 134 120 157 146 82 127 131 90 55 21 63 68 119 146 4 12 43
131 97 130 119 86 86 140 54 28 19 108 91 133 89 99 36 106 156 24 127 156 129
79 87 88 146 3 126 23 114 42 54 126 115 130 33 83 48 84 85 140 38 33 133
0 23 25 15 20 20 25 24 18 25 17 19 17 15 17 15 25
23 0 19 18 25 18 17 21 23 15 17 24 23 17 19 19 22
25 19 0 18 24 20 23 20 22 20 18 15 22 18 19 22 25
15 18 18 0 22 19 24 22 22 23 20 23 25 21 25 18 16
20 25 24 22 0 15 17 18 24 21 15 20 24 19 22 20 20
20 18 20 19 15 0 16 23 19 17 15 17 22 15 22 17 25
25 17 23 24 17 16 0 23 25 19 19 23 22 25 20 21 20
24 21 20 22 18 23 23 0 19 20 21 20 25 20 25 18 23
18 23 22 22 24 19 25 19 0 24 17 22 15 17 15 25 19
25 15 20 23 21 17 19 20 24 0 21 19 22 23 17 19 20
17 17 18 20 15 15 19 21 17 21 0 15 20 16 20 19 18
19 24 15 23 20 17 23 20 22 19 15 0 22 20 17 21 16
17 23 22 25 24 22 22 25 15 22 20 22 0 24 24 15 19
15 17 18 21 19 15 25 20 17 23 16 20 24 0 15 18 17
17 19 19 25 22 22 20 25 15 17 20 17 24 15 0 23 25
15 19 22 18 20 17 21 18 25 19 19 21 15 18 23 0 21
25 22 25 16 20 25 20 23 19 20 18 16 19 17 25 21 0
