15
8
92 25 48 37 39 105 90 53
15 77 76 106 8 101 83 12
41 119 44 82 86 86 1 28
99 84 101 62 88 108 97 58
88 48 43 26 19 114 98 33
3 59 88 78 92 19 81 46
38 23 5 28 50 84 76 52
9 91 114 49 32 23 25 4
33 58 32 86 10 116 1 34
32 19 6 27 25 63 6 4
56 116 70 57 70 25 78 87
115 105 76 23 20 94 114 55
33 31 109 17 72 85 46 84
10 45 61 66 60 6 88 91
33 112 81 89 42 71 17 101
0 22 18 22 17 24 23 21 22 25 19 15 17 17 15 17 15
22 0 20 21 22 24 22 20 23 18 17 25 17 18 17 24 24
18 20 0 20 21 19 20 17 18 23 25 17 22 24 16 20 15
22 21 20 0 18 23 21 24 17 22 17 24 25 24 21 24 16
17 22 21 18 0 18 19 23 24 16 15 16 15 19 16 18 17
24 24 19 23 18 0 24 23 19 15 25 17 17 20 19 16 18
23 22 20 21 19 24 0 22 15 21 19 18 23 24 21 22 16
21 20 17 24 23 23 22 0 17 22 21 24 16 18 18 21 24
22 23 18 17 24 19 15 17 0 25 23 21 21 23 19 19 22
25 18 23 22 16 15 21 22 25 0 24 24 23 20 18 19 24
19 17 25 17 15 25 19 21 23 24 0 23 22 21 17 18 25
15 25 17 24 16 17 18 24 21 24 23 0 16 19 19 15 16
17 17 22 25 15 17 23 16 21 23 22 16 0 18 16 22 20
17 18 24 24 19 20 24 18 23 20 21 19 18 0 19 24 18
15 17 16 21 16 19 21 18 19 18 17 19 16 19 0 18 20
17 24 20 24 18 16 22 21 19 19 18 15 22 24 18 0 20
15 24 15 16 17 18 16 24 22 24 25 16 20 18 20 20 0
