15
8
95 27 101 62 145 114 19 82 75 14 132 102 102 157 69
0 15 24 21 15 19 24 15 23 17 17 21 19 15 22 20 23
15 0 24 19 15 25 15 15 25 20 17 20 25 22 24 23 16
24 24 0 17 23 18 24 19 19 16 20 19 22 15 17 16 24
21 19 17 0 17 24 21 22 18 18 18 18 20 22 19 23 21
15 15 23 17 0 22 25 24 23 21 15 15 21 15 18 18 19
19 25 18 24 22 0 25 16 20 21 20 19 18 23 20 20 25
24 15 24 21 25 25 0 20 18 21 19 19 23 25 20 16 20
15 15 19 22 24 16 20 0 24 24 15 24 22 16 23 23 19
23 25 19 18 23 20 18 24 0 21 21 15 19 20 15 25 22
17 20 16 18 21 21 21 24 21 0 15 17 24 25 18 24 21
17 17 20 18 15 20 19 15 21 15 0 18 19 23 18 24 19
21 20 19 18 15 19 19 24 15 17 18 0 24 21 17 15 20
19 25 22 20 21 18 23 22 19 24 19 24 0 24 23 25 17
15 22 15 22 15 23 25 16 20 25 23 21 24 0 22 24 24
22 24 17 19 18 20 20 23 15 18 18 17 23 22 0 16 24
20 23 16 23 18 20 16 23 25 24 24 15 25 24 16 0 24
23 16 24 21 19 25 20 19 22 21 19 20 17 24 24 24 0
