15
10
107 51 5 56 3 154 115 55 120 7
140 142 93 36 133 104 86 159 143 32
35 73 8 25 17 101 14 3 42 23
117 6 152 42 54 135 73 105 59 92
61 102 18 53 94 113 106 50 49 38
94 148 14 36 21 105 26 121 85 135
17 56 107 76 32 147 136 73 71 11
93 16 42 16 82 6 115 30 40 118
103 65 112 76 98 145 137 138 147 50
117 104 27 97 84 88 82 64 5 39
32 20 75 137 70 10 81 138 59 120
33 46 11 58 97 66 20 138 64 53
155 120 77 91 92 64 86 69 30 70
95 66 28 90 85 129 32 112 5 154
44 132 60 89 40 132 109 73 95 32
0 20 22 20 25 25 15 15 21 22 21 23 22 25 24 21 17
20 0 20 17 19 18 18 18 20 21 17 19 25 17 16 18 19
22 20 0 19 21 25 21 22 15 17 17 22 17 25 24 16 20
20 17 19 0 15 18 24 18 20 16 17 17 20 25 18 25 18
25 19 21 15 0 23 15 25 23 21 21 23 20 16 16 21 18
25 18 25 18 23 0 20 22 18 21 22 18 18 16 19 24 18
15 18 21 24 15 20 0 18 20 18 17 18 19 16 21 22 16
15 18 22 18 25 22 18 0 24 20 15 16 19 22 25 20 23
21 20 15 20 23 18 20 24 0 24 24 25 16 15 21 22 23
22 21 17 16 21 21 18 20 24 0 15 24 24 23 17 24 21
21 17 17 17 21 22 17 15 24 15 0 18 16 21 20 15 25
23 19 22 17 23 18 18 16 25 24 18 0 16 23 18 20 23
22 25 17 20 20 18 19 19 16 24 16 16 0 19 25 16 16
25 17 25 25 16 16 16 22 15 23 21 23 19 0 22 17 15
24 16 24 18 16 19 21 25 21 17 20 18 25 22 0 18 15
21 18 16 25 21 24 22 20 22 24 15 20 16 17 18 0 23
17 19 20 18 18 18 16 23 23 21 25 23 16 15 15 23 0
