15
5
73 24 119 85 51 83 91 55 107 99 112 27 85 39 54
0 25 22 18 17 15 24 21 21 25 24 21 19 16 16 17 16
25 0 19 25 19 23 19 19 15 19 18 20 15 15 17 19 24
22 19 0 16 19 15 23 25 23 22 16 20 15 17 18 24 16
18 25 16 0 16 23 25 23 25 24 18 16 23 15 22 22 17
17 19 19 16 0 21 18 25 17 21 23 20 20 18 25 23 20
15 23 15 23 21 0 25 23 19 20 20 18 23 20 19 23 22
24 19 23 25 18 25 0 17 20 17 16 18 21 19 15 22 20
21 19 25 23 25 23 17 0 17 25 25 18 24 20 16 21 15
21 15 23 25 17 19 20 17 0 22 16 17 18 24 25 17 22
25 19 22 24 21 20 17 25 22 0 23 21 19 25 19 18 24
24 18 16 18 23 20 16 25 16 23 0 21 24 25 21 18 22
21 20 20 16 20 18 18 18 17 21 21 0 23 23 17 22 17
19 15 15 23 20 23 21 24 18 19 24 23 0 18 20 20 23
16 15 17 15 18 20 19 20 24 25 25 23 18 0 19 22 17
16 17 18 22 25 19 15 16 25 19 21 17 20 19 0 16 20
17 19 24 22 23 23 22 21 17 18 18 22 20 22 16 0 19
16 24 16 17 20 22 20 15 22 24 22 17 23 17 20 19 0
