15
15
68 29 154 68 98 30 23 51 140 123 29 51 102 132 21
0 16 17 20 23 23 20 25 16 22 21 19 24 20 25 22 20
16 0 21 24 23 16 16 19 23 23 24 17 19 16 22 20 21
17 21 0 25 17 15 21 15 25 20 22 19 24 19 24 15 16
20 24 25 0 16 23 15 18 16 25 24 24 20 16 17 15 19
23 23 17 16 0 23 23 19 21 19 19 20 25 16 17 16 18
23 16 15 23 23 0 21 21 20 16 22 21 22 17 22 16 24
20 16 21 15 23 21 0 17 24 23 17 19 20 21 18 19 21
25 19 15 18 19 21 17 0 20 21 23 15 18 16 22 19 23
16 23 25 16 21 20 24 20 0 23 18 19 20 18 22 23 22
22 23 20 25 19 16 23 21 23 0 23 25 21 19 21 25 16
21 24 22 24 19 22 17 23 18 23 0 20 22 21 22 18 17
19 17 19 24 20 21 19 15 19 25 20 0 24 22 22 17 18
24 19 24 20 25 22 20 18 20 21 22 24 0 23 20 25 15
20 16 19 16 16 17 21 16 18 19 21 22 23 0 19 25 18
25 22 24 17 17 22 18 22 22 21 22 22 20 19 0 15 17
22 20 15 15 16 16 19 19 23 25 18 17 25 25 15 0 24
20 21 16 19 18 24 21 23 22 16 17 18 15 18 17 24 0
