15
9
103 88 80 120 83 96 50 20 98 52 85 26 58 71 18
0 16 18 21 20 15 21 18 20 15 23 17 24 17 18 24 17
16 0 15 20 15 22 15 25 21 19 18 24 25 20 19 23 18
18 15 0 24 18 17 16 23 15 15 23 23 18 17 21 23 24
21 20 24 0 16 18 15 23 16 18 23 21 19 20 19 17 15
20 15 18 16 0 24 20 24 18 23 22 20 15 18 22 22 22
15 22 17 18 24 0 18 25 18 21 18 23 17 17 19 25 25
21 15 16 15 20 18 0 15 17 17 24 17 16 18 15 25 15
18 25 23 23 24 25 15 0 17 19 20 15 20 18 17 24 24
20 21 15 16 18 18 17 17 0 18 18 24 16 20 22 15 16
15 19 15 18 23 21 17 19 18 0 18 24 21 21 17 21 17
23 18 23 23 22 18 24 20 18 18 0 17 22 19 19 24 20
17 24 23 21 20 23 17 15 24 24 17 0 17 15 22 17 23
24 25 18 19 15 17 16 20 16 21 22 17 0 20 20 17 22
17 20 17 20 18 17 18 18 20 21 19 15 20 0 15 19 15
18 19 21 19 22 19 15 17 22 17 19 22 20 15 0 23 20
24 23 23 17 22 25 25 24 15 21 24 17 17 19 23 0 18
17 18 24 15 22 25 15 24 16 17 20 23 22 15 20 18 0
