15
6
37 13 26 18 27 106 52 100 66 106 31 1 116 77 25
0 25 15 21 20 17 25 21 19 17 15 20 15 18 24 15 20
25 0 15 17 25 18 25 21 19 24 21 15 25 23 24 18 21
15 15 0 18 21 24 17 22 25 21 18 15 25 22 15 21 25
21 17 18 0 16 16 20 15 21 17 20 22 21 22 18 15 16
20 25 21 16 0 25 23 17 25 21 24 17 25 20 16 16 16
17 18 24 16 25 0 18 16 22 20 18 23 22 20 22 15 15
25 25 17 20 23 18 0 15 19 25 18 15 24 15 18 21 17
21 21 22 15 17 16 15 0 24 15 21 25 15 23 17 15 21
19 19 25 21 25 22 19 24 0 24 22 20 17 21 23 19 18
17 24 21 17 21 20 25 15 24 0 16 24 22 23 16 20 17
15 21 18 20 24 18 18 21 22 16 0 24 21 19 25 24 22
20 15 15 22 17 23 15 25 20 24 24 0 21 18 20 18 17
15 25 25 21 25 22 24 15 17 22 21 21 0 23 20 18 16
18 23 22 22 20 20 15 23 21 23 19 18 23 0 16 15 16
24 24 15 18 16 22 18 17 23 16 25 20 20 16 0 15 22
15 18 21 15 16 15 21 15 19 20 24 18 18 15 15 0 19
20 21 25 16 16 15 17 21 18 17 22 17 16 16 22 19 0
