15
4
36 17 31 16 1 40 40 40 12 4 6 5 11 12 4
0 24 21 23 17 20 25 18 21 21 23 17 15 15 16 16 22
24 0 15 15 18 16 15 20 15 20 23 19 23 17 20 24 21
21 15 0 18 16 25 25 21 23 22 15 22 18 20 19 21 20
23 15 18 0 25 24 19 23 15 20 23 20 18 15 17 18 24
17 18 16 25 0 23 15 21 24 15 21 20 25 25 22 16 18
20 16 25 24 23 0 19 21 22 16 20 21 19 18 18 20 25
25 15 25 19 15 19 0 16 17 17 18 18 17 21 25 23 25
18 20 21 23 21 21 16 0 21 19 17 23 24 19 23 18 25
21 15 23 15 24 22 17 21 0 20 25 15 15 25 21 24 22
21 20 22 20 15 16 17 19 20 0 17 15 15 25 22 24 22
23 23 15 23 21 20 18 17 25 17 0 15 15 15 25 22 20
17 19 22 20 20 21 18 23 15 15 15 0 21 22 21 22 25
15 23 18 18 25 19 17 24 15 15 15 21 0 15 24 22 18
15 17 20 15 25 18 21 19 25 25 15 22 15 0 20 19 24
16 20 19 17 22 18 25 23 21 22 25 21 24 20 0 18 18
16 24 21 18 16 20 23 18 24 24 22 22 22 19 18 0 25
22 21 20 24 18 25 25 25 22 22 20 25 18 24 18 25 0
