15
11
19 29 10 23 16 19 23 22 31 19 25 39 24 14 6
0 24 25 15 25 23 15 22 22 17 19 21 22 21 15 20 22
24 0 18 20 19 20 17 20 21 24 16 16 24 19 21 20 17
25 18 0 21 24 19 24 24 17 24 24 19 17 20 15 24 23
15 20 21 0 25 17 20 18 15 17 20 24 18 18 16 20 19
25 19 24 25 0 18 21 18 19 21 22 22 17 23 20 19 18
23 20 19 17 18 0 21 20 20 20 18 18 19 25 22 23 20
15 17 24 20 21 21 0 24 24 17 21 21 21 18 20 24 16
22 20 24 18 18 20 24 0 24 23 18 15 22 25 20 17 15
22 21 17 15 19 20 24 24 0 20 17 20 25 19 22 15 25
17 24 24 17 21 20 17 23 20 0 17 17 23 16 16 15 18
19 16 24 20 22 18 21 18 17 17 0 23 15 18 24 18 25
21 16 19 24 22 18 21 15 20 17 23 0 16 15 21 17 20
22 24 17 18 17 19 21 22 25 23 15 16 0 23 17 18 19
21 19 20 18 23 25 18 25 19 16 18 15 23 0 19 24 23
15 21 15 16 20 22 20 20 22 16 24 21 17 19 0 18 16
20 20 24 20 19 23 24 17 15 15 18 17 18 24 18 0 17
22 17 23 19 18 20 16 15 25 18 25 20 19 23 16 17 0
