15
10
50 20 79 100 33 128 29 35 45 48 160 153 60 88 76
0 20 24 24 22 17 17 15 19 17 19 18 20 17 22 20 18
20 0 25 25 15 20 20 23 19 20 25 16 20 19 24 24 18
24 25 0 20 20 21 17 21 24 16 21 18 24 22 16 22 19
24 25 20 0 17 19 19 19 15 16 18 16 16 24 24 24 15
22 15 20 17 0 22 25 17 23 20 19 23 22 20 23 17 18
17 20 21 19 22 0 23 15 21 15 18 18 21 19 24 23 21
17 20 17 19 25 23 0 19 18 16 22 25 24 25 21 16 24
15 23 21 19 17 15 19 0 23 19 19 21 25 17 19 17 21
19 19 24 15 23 21 18 23 0 20 21 15 24 19 21 18 15
17 20 16 16 20 15 16 19 20 0 15 17 24 17 18 19 18
19 25 21 18 19 18 22 19 21 15 0 24 15 22 18 24 15
18 16 18 16 23 18 25 21 15 17 24 0 17 25 22 18 24
20 20 24 16 22 21 24 25 24 24 15 17 0 23 17 22 20
17 19 22 24 20 19 25 17 19 17 22 25 23 0 25 19 17
22 24 16 24 23 24 21 19 21 18 18 22 17 25 0 21 18
20 24 22 24 17 23 16 17 18 19 24 18 22 19 21 0 18
18 18 19 15 18 21 24 21 15 18 15 24 20 17 18 18 0
