15
5
2 19 19 34 20 37 27 25 14 12 23 5 24 24 37
0 16 20 15 20 18 25 21 23 16 20 20 22 23 18 24 22
16 0 24 20 22 22 21 23 18 24 16 20 24 25 20 20 22
20 24 0 19 18 21 16 21 24 16 25 23 18 16 23 21 22
15 20 19 0 15 15 18 25 23 21 20 20 18 20 21 17 16
20 22 18 15 0 22 19 24 19 17 17 23 18 15 21 20 23
18 22 21 15 22 0 16 20 15 25 25 21 21 18 17 23 17
25 21 16 18 19 16 0 20 18 24 24 16 18 23 24 21 17
21 23 21 25 24 20 20 0 20 23 20 15 15 19 20 20 15
23 18 24 23 19 15 18 20 0 20 25 22 23 18 17 21 15
16 24 16 21 17 25 24 23 20 0 22 20 18 25 20 25 18
20 16 25 20 17 25 24 20 25 22 0 21 19 25 24 24 15
20 20 23 20 23 21 16 15 22 20 21 0 16 16 16 15 24
22 24 18 18 18 21 18 15 23 18 19 16 0 16 15 16 15
23 25 16 20 15 18 23 19 18 25 25 16 16 0 21 23 16
18 20 23 21 21 17 24 20 17 20 24 16 15 21 0 25 25
24 20 21 17 20 23 21 20 21 25 24 15 16 23 25 0 25
22 22 22 16 23 17 17 15 15 18 15 24 15 16 25 25 0
