15
8
135 106 63 154 2 5 137 129
128 106 4 22 36 5 74 160
147 136 152 64 35 129 47 5
148 77 16 58 132 100 104 94
111 112 66 129 12 42 154 118
73 43 159 54 43 57 80 46
44 40 111 75 117 89 98 97
12 67 106 107 35 145 148 127
60 127 105 99 99 121 17 75
30 106 73 60 138 113 151 135
118 133 57 58 49 35 24 106
142 54 25 45 126 120 54 18
32 69 5 34 75 61 60 101
98 22 31 71 126 109 87 82
66 69 76 11 104 129 71 145
0 23 19 18 24 20 22 24 25 20 20 24 20 22 24 21 25
23 0 25 16 24 23 15 15 22 18 16 21 25 25 20 23 15
19 25 0 18 19 20 16 17 24 17 21 16 17 21 23 19 24
18 16 18 0 22 16 25 23 16 20 18 15 15 17 25 25 24
24 24 19 22 0 19 20 15 15 25 23 22 19 17 24 18 21
20 23 20 16 19 0 15 23 24 22 22 25 25 15 15 16 25
22 15 16 25 20 15 0 22 21 20 17 20 22 24 18 22 25
24 15 17 23 15 23 22 0 22 18 22 18 18 18 19 20 24
25 22 24 16 15 24 21 22 0 23 19 16 18 25 21 17 16
20 18 17 20 25 22 20 18 23 0 17 23 20 22 15 19 23
20 16 21 18 23 22 17 22 19 17 0 17 15 16 17 16 24
24 21 16 15 22 25 20 18 16 23 17 0 19 15 23 20 22
20 25 17 15 19 25 22 18 18 20 15 19 0 22 23 21 19
22 25 21 17 17 15 24 18 25 22 16 15 22 0 18 25 19
24 20 23 25 24 15 18 19 21 15 17 23 23 18 0 19 23
21 23 19 25 18 16 22 20 17 19 16 20 21 25 19 0 15
25 15 24 24 21 25 25 24 16 23 24 22 19 19 23 15 0
