15
4
117 100 1 89 105 18 75 56 114 55 96 114 36 103 98
0 23 15 15 25 20 15 17 15 25 18 24 19 22 15 18 18
23 0 23 21 17 19 22 19 24 18 25 20 17 17 20 20 17
15 23 0 23 18 17 18 16 15 16 15 22 18 23 25 16 22
15 21 23 0 16 22 19 17 25 15 24 22 21 17 15 23 23
25 17 18 16 0 19 22 17 19 18 25 22 16 22 25 19 17
20 19 17 22 19 0 21 16 25 16 17 19 25 15 20 21 23
15 22 18 19 22 21 0 22 24 24 25 15 25 20 23 24 21
17 19 16 17 17 16 22 0 16 17 15 23 23 22 18 23 19
15 24 15 25 19 25 24 16 0 23 22 18 19 24 24 25 21
25 18 16 15 18 16 24 17 23 0 15 16 17 18 15 21 18
18 25 15 24 25 17 25 15 22 15 0 16 24 17 19 16 15
24 20 22 22 22 19 15 23 18 16 16 0 24 18 23 16 17
19 17 18 21 16 25 25 23 19 17 24 24 0 20 15 24 19
22 17 23 17 22 15 20 22 24 18 17 18 20 0 19 20 19
15 20 25 15 25 20 23 18 24 15 19 23 15 19 0 21 21
18 20 16 23 19 21 24 23 25 21 16 16 24 20 21 0 25
18 17 22 23 17 23 21 19 21 18 15 17 19 19 21 25 0
