15
24
57 60 4 9 57 30 28 67 5 42 17 25 78 17 62 11 25 62 13 80 41 30 67 45
6 45 48 76 63 21 2 49 72 65 41 75 15 8 3 48 1 20 72 38 62 59 37 10
67 75 56 63 40 74 26 11 48 48 9 78 53 68 80 78 63 77 25 18 41 38 53 53
5 36 57 5 66 68 1 46 66 13 12 31 3 41 74 59 59 35 25 49 70 68 65 69
65 70 55 49 60 79 46 39 56 32 46 72 17 57 57 23 31 63 8 77 76 39 73 5
30 5 15 72 71 62 35 25 31 57 51 27 70 4 9 26 78 74 9 5 69 34 36 38
52 59 36 25 22 63 46 27 32 17 69 23 45 19 40 80 1 6 35 58 21 15 70 27
52 65 67 30 56 63 14 58 16 71 3 10 30 13 58 71 13 29 64 28 5 68 11 19
46 60 19 9 58 79 10 6 33 56 67 59 46 63 16 48 73 30 43 68 47 31 23 29
1 57 49 61 43 37 73 6 16 69 70 3 69 69 36 25 19 32 9 55 60 7 66 24
72 56 68 45 41 79 42 54 74 9 28 6 6 31 5 15 58 43 9 7 46 62 58 35
73 18 75 73 31 62 54 29 47 37 45 57 73 16 38 13 77 2 74 43 42 72 9 68
76 29 5 11 12 56 10 58 5 30 56 47 37 16 53 56 51 14 41 40 63 36 39 57
17 64 54 42 46 42 3 42 74 60 9 57 41 65 43 69 42 76 50 29 74 36 9 20
20 3 75 60 11 36 48 65 14 40 37 14 35 78 76 58 30 7 5 22 57 10 36 12
0 22 18 18 24 15 18 23 20 23 15 17 18 21 24 20 23
22 0 25 16 18 25 17 15 19 25 23 22 23 16 20 17 16
18 25 0 19 19 21 18 20 25 21 15 18 23 23 19 22 21
18 16 19 0 24 18 15 24 20 25 23 24 20 18 19 24 16
24 18 19 24 0 23 15 19 25 16 19 22 20 15 23 16 16
15 25 21 18 23 0 15 17 20 22 23 22 18 16 17 17 22
18 17 18 15 15 15 0 22 17 16 20 21 16 18 20 21 19
23 15 20 24 19 17 22 0 15 24 19 17 19 22 18 15 24
20 19 25 20 25 20 17 15 0 24 20 22 21 18 21 19 22
23 25 21 25 16 22 16 24 24 0 23 22 15 17 24 23 22
15 23 15 23 19 23 20 19 20 23 0 21 17 21 17 22 22
17 22 18 24 22 22 21 17 22 22 21 0 23 23 18 25 20
18 23 23 20 20 18 16 19 21 15 17 23 0 17 15 24 24
21 16 23 18 15 16 18 22 18 17 21 23 17 0 19 24 16
24 20 19 19 23 17 20 18 21 24 17 18 15 19 0 25 16
20 17 22 24 16 17 21 15 19 23 22 25 24 24 25 0 16
23 16 21 16 16 22 19 24 22 22 22 20 24 16 16 16 0
