15
8
4 24 32 40 7 31 20 40
30 12 7 9 32 39 19 25
38 31 15 23 7 18 36 36
35 33 5 3 16 33 27 40
33 33 16 26 5 6 23 37
18 27 20 20 16 31 23 29
35 8 21 31 4 31 37 3
25 2 31 21 30 7 29 32
5 4 32 12 27 4 24 27
22 21 14 23 11 31 27 40
20 34 12 32 22 29 21 18
21 16 10 11 2 11 19 4
17 17 12 15 2 12 1 36
14 39 36 24 13 29 36 23
20 15 11 36 29 36 23 13
0 18 17 19 20 19 17 17 21 16 23 19 24 18 22 17 21
18 0 18 17 21 20 18 23 23 24 21 21 20 25 20 24 23
17 18 0 21 25 16 25 16 21 22 23 18 21 22 23 21 15
19 17 21 0 19 20 19 21 17 15 18 16 21 22 23 21 22
20 21 25 19 0 20 25 15 20 21 16 24 22 22 20 16 24
19 20 16 20 20 0 23 18 18 19 19 23 23 21 25 24 16
17 18 25 19 25 23 0 16 16 20 17 17 21 24 16 15 16
17 23 16 21 15 18 16 0 24 25 16 23 16 21 19 25 20
21 23 21 17 20 18 16 24 0 23 23 17 17 24 22 19 17
16 24 22 15 21 19 20 25 23 0 19 17 19 20 19 15 25
23 21 23 18 16 19 17 16 23 19 0 16 24 21 23 17 23
19 21 18 16 24 23 17 23 17 17 16 0 23 15 25 18 19
24 20 21 21 22 23 21 16 17 19 24 23 0 21 18 15 19
18 25 22 22 22 21 24 21 24 20 21 15 21 0 24 19 15
22 20 23 23 20 25 16 19 22 19 23 25 18 24 0 18 19
17 24 21 21 16 24 15 25 19 15 17 18 15 19 18 0 25
21 23 15 22 24 16 16 20 17 25 23 19 19 15 19 25 0
