15
22
27 9 32 29 5 15 32 10 33 27 7 35 20 6 10 16 25 40 28 9 10 33
12 15 12 23 36 14 23 12 17 40 17 19 1 32 9 40 31 21 8 18 22 33
37 24 12 15 30 4 9 11 35 4 30 5 8 30 19 25 4 11 8 39 21 12
23 14 15 35 9 2 16 20 24 30 37 33 9 29 37 36 15 24 10 12 9 27
20 11 14 34 2 35 36 16 11 1 4 34 2 14 40 3 14 8 15 17 25 8
21 8 29 31 12 38 6 22 8 39 3 22 35 33 39 21 36 9 25 28 26 18
7 33 8 38 14 2 38 27 38 38 25 4 24 5 32 18 21 14 22 14 2 15
8 40 20 15 23 25 35 25 25 33 23 20 37 6 1 6 20 12 30 35 40 33
16 40 38 8 3 28 35 38 37 12 7 13 15 30 4 18 7 11 39 31 23 5
32 7 30 27 27 15 31 9 20 25 4 9 9 12 19 36 3 11 17 32 31 29
6 21 27 27 22 29 20 14 17 26 23 26 2 5 26 16 7 5 33 14 24 6
20 40 34 40 13 18 15 3 4 38 15 38 39 28 30 33 14 26 3 34 29 6
22 37 37 25 29 38 34 2 40 17 26 29 29 19 30 32 24 25 27 13 21 29
14 13 6 17 32 2 11 32 29 4 2 26 6 37 13 25 40 17 21 1 18 40
20 3 8 30 38 33 39 6 38 26 28 31 14 22 15 12 25 34 28 7 25 35
0 17 24 17 24 17 16 22 20 23 21 21 23 22 22 21 20
17 0 18 16 22 22 18 21 23 20 18 22 17 22 25 18 21
24 18 0 23 21 23 17 21 24 22 22 16 21 23 16 20 21
17 16 23 0 15 16 21 15 20 20 24 23 25 23 22 18 25
24 22 21 15 0 18 22 17 15 18 22 17 25 22 16 25 17
17 22 23 16 18 0 19 21 15 25 23 22 23 24 22 17 22
16 18 17 21 22 19 0 19 24 20 22 25 16 23 17 22 19
22 21 21 15 17 21 19 0 17 17 20 24 22 18 20 24 20
20 23 24 20 15 15 24 17 0 18 18 21 20 16 18 23 19
23 20 22 20 18 25 20 17 18 0 22 22 15 25 18 15 21
21 18 22 24 22 23 22 20 18 22 0 16 25 21 22 15 17
21 22 16 23 17 22 25 24 21 22 16 0 17 23 25 21 24
23 17 21 25 25 23 16 22 20 15 25 17 0 15 15 21 25
22 22 23 23 22 24 23 18 16 25 21 23 15 0 16 16 15
22 25 16 22 16 22 17 20 18 18 22 25 15 16 0 15 18
21 18 20 18 25 17 22 24 23 15 15 21 21 16 15 0 24
20 21 21 25 17 22 19 20 19 21 17 24 25 15 18 24 0
