15
6
3 38 120 87 93 31 1 18 48 109 106 14 17 59 36
0 24 19 19 25 16 20 24 22 21 23 17 25 23 17 22 24
24 0 19 16 23 25 23 16 25 18 24 15 17 15 18 19 17
19 19 0 24 16 16 15 16 20 20 20 16 21 23 23 15 15
19 16 24 0 24 22 21 18 18 23 17 20 16 17 16 17 16
25 23 16 24 0 24 25 24 16 20 21 19 15 19 24 23 15
16 25 16 22 24 0 25 23 17 24 15 17 20 25 25 19 17
20 23 15 21 25 25 0 25 22 16 17 25 21 23 16 18 18
24 16 16 18 24 23 25 0 23 15 24 23 19 24 16 15 16
22 25 20 18 16 17 22 23 0 18 17 16 24 19 21 21 25
21 18 20 23 20 24 16 15 18 0 18 16 18 18 22 18 17
23 24 20 17 21 15 17 24 17 18 0 23 19 18 19 23 24
17 15 16 20 19 17 25 23 16 16 23 0 23 16 25 16 24
25 17 21 16 15 20 21 19 24 18 19 23 0 23 17 22 18
23 15 23 17 19 25 23 24 19 18 18 16 23 0 15 22 18
17 18 23 16 24 25 16 16 21 22 19 25 17 15 0 20 17
22 19 15 17 23 19 18 15 21 18 23 16 22 22 20 0 21
24 17 15 16 15 17 18 16 25 17 24 24 18 18 17 21 0
