15
11
111 13 130 159 139 5 92 136 115 93 96 96 86 41 29
0 22 20 21 16 15 15 25 19 23 17 24 19 22 19 17 16
22 0 24 15 20 22 24 22 24 25 21 16 17 18 21 23 24
20 24 0 17 17 19 25 16 17 17 24 23 25 21 17 15 22
21 15 17 0 19 25 25 23 20 22 17 25 16 16 15 15 16
16 20 17 19 0 23 24 22 18 20 23 16 24 18 18 21 15
15 22 19 25 23 0 25 21 22 17 18 19 17 16 24 21 22
15 24 25 25 24 25 0 17 24 17 19 20 25 23 22 21 19
25 22 16 23 22 21 17 0 24 24 24 15 21 20 25 24 20
19 24 17 20 18 22 24 24 0 22 19 15 15 17 17 25 19
23 25 17 22 20 17 17 24 22 0 22 21 15 18 18 22 19
17 21 24 17 23 18 19 24 19 22 0 24 15 15 18 16 22
24 16 23 25 16 19 20 15 15 21 24 0 23 22 16 19 16
19 17 25 16 24 17 25 21 15 15 15 23 0 22 19 25 22
22 18 21 16 18 16 23 20 17 18 15 22 22 0 25 17 18
19 21 17 15 18 24 22 25 17 18 18 16 19 25 0 25 20
17 23 15 15 21 21 21 24 25 22 16 19 25 17 25 0 16
16 24 22 16 15 22 19 20 19 19 22 16 22 18 20 16 0
