15
9
147 37 85 87 15 119 94 52 66 37 91 95 10 109 1
0 16 22 16 19 19 21 18 25 21 20 22 16 19 22 17 19
16 0 18 17 17 21 19 20 25 22 19 22 24 18 21 23 25
22 18 0 22 16 22 17 25 21 25 23 25 17 18 22 23 15
16 17 22 0 21 17 23 17 23 15 15 21 18 24 22 17 21
19 17 16 21 0 20 22 17 21 15 19 22 21 21 19 21 19
19 21 22 17 20 0 22 24 24 23 16 17 15 18 21 20 21
21 19 17 23 22 22 0 16 19 24 18 15 19 21 15 20 25
18 20 25 17 17 24 16 0 24 21 25 16 15 19 22 18 18
25 25 21 23 21 24 19 24 0 25 24 20 20 21 22 21 19
21 22 25 15 15 23 24 21 25 0 19 17 19 21 20 23 21
20 19 23 15 19 16 18 25 24 19 0 20 24 25 24 25 15
22 22 25 21 22 17 15 16 20 17 20 0 21 15 20 16 25
16 24 17 18 21 15 19 15 20 19 24 21 0 25 23 25 24
19 18 18 24 21 18 21 19 21 21 25 15 25 0 23 23 25
22 21 22 22 19 21 15 22 22 20 24 20 23 23 0 19 19
17 23 23 17 21 20 20 18 21 23 25 16 25 23 19 0 15
19 25 15 21 19 21 25 18 19 21 15 25 24 25 19 15 0
