15
12
39 26 34 26 9 7 26 33 23 33 38 21
21 25 3 5 26 16 40 39 25 15 33 21
15 20 32 30 19 30 22 23 17 17 16 11
19 33 36 37 4 31 10 4 31 37 13 31
12 31 25 12 2 16 10 16 15 35 21 36
26 27 9 30 36 23 29 14 28 32 29 23
36 33 32 29 16 40 18 13 28 20 17 32
31 19 19 16 14 4 28 35 15 26 29 15
6 33 31 40 16 13 7 35 36 20 5 21
7 21 29 22 34 28 7 20 1 36 26 16
35 16 7 38 31 5 14 4 12 36 26 18
3 5 35 32 9 28 24 5 14 9 23 20
36 7 17 35 22 20 4 32 14 21 24 7
12 7 16 32 9 19 23 13 23 18 27 15
40 2 22 36 3 27 25 18 1 6 4 2
0 21 16 21 18 17 22 17 18 19 17 24 18 21 17 25 21
21 0 20 19 23 25 22 20 17 15 18 24 22 17 19 15 23
16 20 0 23 23 23 17 23 23 21 23 22 19 25 21 20 22
21 19 23 0 15 25 23 25 17 23 16 20 21 20 17 17 15
18 23 23 15 0 15 23 24 22 25 21 23 20 16 17 19 21
17 25 23 25 15 0 25 17 25 18 17 24 25 20 17 16 22
22 22 17 23 23 25 0 18 17 24 20 16 24 20 23 23 23
17 20 23 25 24 17 18 0 22 23 20 24 24 21 22 20 24
18 17 23 17 22 25 17 22 0 22 17 22 21 16 24 24 18
19 15 21 23 25 18 24 23 22 0 22 19 18 24 19 20 22
17 18 23 16 21 17 20 20 17 22 0 15 15 18 18 20 15
24 24 22 20 23 24 16 24 22 19 15 0 21 16 23 25 20
18 22 19 21 20 25 24 24 21 18 15 21 0 24 25 21 17
21 17 25 20 16 20 20 21 16 24 18 16 24 0 16 22 25
17 19 21 17 17 17 23 22 24 19 18 23 25 16 0 17 17
25 15 20 17 19 16 23 20 24 20 20 25 21 22 17 0 17
21 23 22 15 21 22 23 24 18 22 15 20 17 25 17 17 0
