15
18
8 4 2 14 3 38 9 38 36 28 35 8 33 9 38 36 10 39
35 11 22 10 24 32 40 23 4 18 11 19 7 14 22 27 10 25
10 15 15 25 5 26 35 13 7 40 11 30 9 12 3 20 6 40
2 8 11 29 9 9 2 12 24 30 11 33 20 7 34 34 10 15
37 25 3 3 3 25 19 7 8 7 40 9 14 5 18 17 22 18
32 1 7 1 10 22 34 22 27 21 20 28 15 33 26 25 6 27
35 21 10 14 35 37 40 5 20 1 12 11 11 11 7 4 1 6
20 20 31 7 9 34 16 36 27 6 24 11 24 19 35 3 34 13
31 10 1 22 2 11 9 9 25 37 31 13 29 38 21 21 28 12
20 19 28 11 3 32 7 7 17 23 5 12 2 9 22 22 39 6
32 14 4 15 26 12 38 11 33 30 27 21 9 31 39 37 15 10
7 38 3 5 23 24 20 6 33 28 6 6 4 20 25 35 39 2
12 10 40 36 11 36 5 25 2 12 1 38 10 9 38 2 7 6
33 32 20 22 12 2 3 33 15 40 27 27 25 35 35 37 39 5
18 40 2 28 25 6 5 37 26 15 6 27 19 38 8 19 7 39
0 15 24 19 22 25 18 25 15 15 23 25 17 16 20 23 16
15 0 24 22 18 24 20 22 25 15 21 18 16 15 25 15 23
24 24 0 22 20 20 17 24 22 24 19 20 20 20 16 17 19
19 22 22 0 23 17 24 19 18 19 19 22 24 15 24 23 17
22 18 20 23 0 15 16 19 15 20 18 24 20 17 15 16 22
25 24 20 17 15 0 15 17 19 25 21 22 15 23 20 20 25
18 20 17 24 16 15 0 23 22 25 18 15 25 21 25 23 22
25 22 24 19 19 17 23 0 25 15 15 20 24 16 17 16 17
15 25 22 18 15 19 22 25 0 19 16 17 24 18 18 22 24
15 15 24 19 20 25 25 15 19 0 15 21 16 17 16 22 23
23 21 19 19 18 21 18 15 16 15 0 21 17 19 18 18 16
25 18 20 22 24 22 15 20 17 21 21 0 16 16 25 23 24
17 16 20 24 20 15 25 24 24 16 17 16 0 17 19 22 20
16 15 20 15 17 23 21 16 18 17 19 16 17 0 20 19 25
20 25 16 24 15 20 25 17 18 16 18 25 19 20 0 23 24
23 15 17 23 16 20 23 16 22 22 18 23 22 19 23 0 16
16 23 19 17 22 25 22 17 24 23 16 24 20 25 24 16 0
