15
15
74 97 51 52 115 55 69 70 6 58 71 40 112 86 50
0 19 23 19 16 16 16 25 24 24 22 15 17 17 20 23 22
19 0 21 21 21 24 25 16 19 25 24 25 22 19 17 17 19
23 21 0 24 17 17 21 17 19 16 25 20 18 17 25 22 22
19 21 24 0 19 24 16 23 19 24 18 21 16 22 25 22 21
16 21 17 19 0 20 20 24 17 17 19 24 17 25 23 22 15
16 24 17 24 20 0 15 15 19 25 15 16 18 20 21 15 19
16 25 21 16 20 15 0 15 24 19 18 15 21 15 18 19 15
25 16 17 23 24 15 15 0 16 25 17 15 24 20 19 16 18
24 19 19 19 17 19 24 16 0 15 25 19 19 22 17 15 22
24 25 16 24 17 25 19 25 15 0 15 19 16 22 15 15 19
22 24 25 18 19 15 18 17 25 15 0 23 21 18 21 17 22
15 25 20 21 24 16 15 15 19 19 23 0 16 15 23 23 21
17 22 18 16 17 18 21 24 19 16 21 16 0 18 21 22 20
17 19 17 22 25 20 15 20 22 22 18 15 18 0 22 16 17
20 17 25 25 23 21 18 19 17 15 21 23 21 22 0 16 17
23 17 22 22 22 15 19 16 15 15 17 23 22 16 16 0 23
22 19 22 21 15 19 15 18 22 19 22 21 20 17 17 23 0
