15
9
10 39 12 26 1 31 21 6 36 29 27 5 33 10 9
0 20 19 16 17 17 16 16 21 17 19 16 18 23 16 20 20
20 0 19 15 24 22 21 19 17 20 17 24 25 17 21 17 15
19 19 0 18 17 16 21 17 24 25 23 17 25 22 18 20 23
16 15 18 0 15 19 17 15 23 23 25 16 19 15 16 15 23
17 24 17 15 0 21 19 25 16 15 22 23 20 23 22 19 16
17 22 16 19 21 0 17 18 20 24 16 25 21 17 19 16 21
16 21 21 17 19 17 0 19 16 18 20 15 24 21 22 25 17
16 19 17 15 25 18 19 0 20 20 15 17 19 25 19 15 23
21 17 24 23 16 20 16 20 0 15 21 23 19 17 19 20 21
17 20 25 23 15 24 18 20 15 0 21 22 24 20 23 18 19
19 17 23 25 22 16 20 15 21 21 0 25 21 18 25 16 21
16 24 17 16 23 25 15 17 23 22 25 0 21 21 25 16 21
18 25 25 19 20 21 24 19 19 24 21 21 0 22 23 20 16
23 17 22 15 23 17 21 25 17 20 18 21 22 0 21 21 24
16 21 18 16 22 19 22 19 19 23 25 25 23 21 0 16 19
20 17 20 15 19 16 25 15 20 18 16 16 20 21 16 0 17
20 15 23 23 16 21 17 23 21 19 21 21 16 24 19 17 0
