15
7
104 45 3 42 77 4 95 98 14 66 8 104 53 109 76
0 25 21 20 15 15 24 21 15 18 20 17 20 25 24 23 20
25 0 25 18 20 22 15 21 23 23 21 22 23 20 21 24 22
21 25 0 16 25 15 21 17 22 24 22 24 23 20 20 24 16
20 18 16 0 18 19 20 23 16 25 25 17 23 21 17 16 17
15 20 25 18 0 25 15 15 21 21 15 16 21 17 22 24 16
15 22 15 19 25 0 22 22 17 16 22 18 24 16 16 24 25
24 15 21 20 15 22 0 15 21 18 23 15 19 15 19 23 21
21 21 17 23 15 22 15 0 16 17 23 25 16 22 25 24 24
15 23 22 16 21 17 21 16 0 24 19 16 15 16 25 17 20
18 23 24 25 21 16 18 17 24 0 21 19 17 20 19 23 17
20 21 22 25 15 22 23 23 19 21 0 16 23 19 19 25 19
17 22 24 17 16 18 15 25 16 19 16 0 21 24 15 21 25
20 23 23 23 21 24 19 16 15 17 23 21 0 15 20 18 17
25 20 20 21 17 16 15 22 16 20 19 24 15 0 18 19 23
24 21 20 17 22 16 19 25 25 19 19 15 20 18 0 24 24
23 24 24 16 24 24 23 24 17 23 25 21 18 19 24 0 23
20 22 16 17 16 25 21 24 20 17 19 25 17 23 24 23 0
