15
8
46 19 95 42 69 101 102 117
79 57 51 36 44 110 41 75
114 84 47 61 11 64 60 75
79 17 104 64 23 100 29 106
65 3 27 86 120 10 76 91
106 44 82 28 47 38 103 80
89 15 119 26 102 49 32 80
53 112 42 17 97 87 47 107
104 30 93 40 78 60 111 42
90 42 33 92 119 36 120 94
79 30 68 23 116 83 92 46
39 65 71 40 118 15 113 100
1 81 16 62 14 75 59 105
101 120 10 13 109 54 17 11
63 38 84 83 74 93 53 63
0 25 17 17 16 23 16 18 23 18 18 17 20 18 19 15 25
25 0 16 22 15 20 23 24 25 18 17 23 17 17 20 17 15
17 16 0 19 16 24 25 23 25 15 21 17 25 20 19 20 17
17 22 19 0 15 17 19 24 17 15 22 22 16 19 22 19 20
16 15 16 15 0 23 22 23 16 17 17 22 18 16 24 16 17
23 20 24 17 23 0 17 22 19 22 15 20 24 16 25 18 24
16 23 25 19 22 17 0 18 22 22 25 22 17 21 19 24 16
18 24 23 24 23 22 18 0 16 15 25 21 18 19 18 16 18
23 25 25 17 16 19 22 16 0 15 22 19 24 17 18 24 21
18 18 15 15 17 22 22 15 15 0 20 24 19 15 20 20 22
18 17 21 22 17 15 25 25 22 20 0 15 19 21 24 17 20
17 23 17 22 22 20 22 21 19 24 15 0 25 18 18 17 22
20 17 25 16 18 24 17 18 24 19 19 25 0 15 17 23 21
18 17 20 19 16 16 21 19 17 15 21 18 15 0 24 21 21
19 20 19 22 24 25 19 18 18 20 24 18 17 24 0 18 23
15 17 20 19 16 18 24 16 24 20 17 17 23 21 18 0 23
25 15 17 20 17 24 16 18 21 22 20 22 21 21 23 23 0
