15
7
56 80 34 5 38 61 79 62 52 49 22 37 26 34 53
0 25 21 20 20 15 24 21 18 21 23 23 25 20 22 17 16
25 0 20 16 24 18 16 25 16 23 22 15 21 23 15 24 21
21 20 0 15 16 17 16 16 23 22 20 23 17 22 25 21 16
20 16 15 0 20 23 16 20 15 23 24 17 20 21 24 20 20
20 24 16 20 0 21 19 22 21 25 21 25 23 20 16 19 18
15 18 17 23 21 0 20 19 22 25 15 22 19 20 21 23 21
24 16 16 16 19 20 0 23 15 20 23 25 21 16 19 25 16
21 25 16 20 22 19 23 0 22 16 19 15 18 25 21 20 22
18 16 23 15 21 22 15 22 0 25 16 18 25 23 16 20 18
21 23 22 23 25 25 20 16 25 0 22 15 20 18 21 23 19
23 22 20 24 21 15 23 19 16 22 0 22 15 25 15 22 23
23 15 23 17 25 22 25 15 18 15 22 0 24 17 19 16 24
25 21 17 20 23 19 21 18 25 20 15 24 0 19 23 18 17
20 23 22 21 20 20 16 25 23 18 25 17 19 0 21 18 22
22 15 25 24 16 21 19 21 16 21 15 19 23 21 0 17 21
17 24 21 20 19 23 25 20 20 23 22 16 18 18 17 0 23
16 21 16 20 18 21 16 22 18 19 23 24 17 22 21 23 0
