15
18
6 75 17 108 90 60 115 27 72 29 49 45 110 34 38 111 112 91
61 64 75 48 44 6 6 24 21 67 60 58 106 65 57 91 4 41
81 98 89 67 103 80 98 110 2 68 40 116 107 93 30 39 61 51
81 32 40 50 88 55 40 73 22 100 56 6 51 100 19 29 63 69
93 72 110 74 114 55 11 61 73 109 117 90 75 103 80 34 25 43
35 96 53 1 74 75 85 85 95 48 86 101 119 109 58 34 110 19
112 65 59 67 78 33 7 105 108 81 60 40 30 31 46 56 115 41
45 67 43 47 78 73 56 105 88 61 43 83 53 79 7 24 61 51
21 69 14 115 14 97 75 112 110 74 78 21 74 101 82 77 29 37
117 53 25 83 12 98 18 43 37 75 66 115 93 54 84 57 17 23
59 11 109 28 45 4 35 13 45 4 95 92 5 43 9 4 118 40
113 64 104 55 70 64 57 105 87 36 56 103 40 35 87 42 16 6
13 20 32 25 5 29 17 117 17 108 109 111 54 34 72 80 38 97
68 14 111 18 73 18 67 60 72 19 62 17 105 67 88 38 46 116
1 78 33 17 112 93 4 110 13 32 12 94 42 117 56 20 106 116
0 23 23 22 19 17 21 23 17 16 18 17 21 20 18 17 20
23 0 20 23 17 20 20 24 19 16 23 17 20 22 17 23 19
23 20 0 19 18 21 18 16 24 22 23 25 22 20 20 22 16
22 23 19 0 16 22 18 25 21 24 25 17 25 21 16 18 23
19 17 18 16 0 25 21 16 21 25 18 22 23 17 24 20 23
17 20 21 22 25 0 20 17 18 23 25 18 21 16 24 21 25
21 20 18 18 21 20 0 25 22 20 16 17 25 25 17 25 23
23 24 16 25 16 17 25 0 24 21 23 23 20 20 19 21 17
17 19 24 21 21 18 22 24 0 23 22 23 21 22 16 24 17
16 16 22 24 25 23 20 21 23 0 22 24 25 21 21 20 24
18 23 23 25 18 25 16 23 22 22 0 24 22 25 18 21 20
17 17 25 17 22 18 17 23 23 24 24 0 16 21 23 21 25
21 20 22 25 23 21 25 20 21 25 22 16 0 19 22 19 17
20 22 20 21 17 16 25 20 22 21 25 21 19 0 24 15 17
18 17 20 16 24 24 17 19 16 21 18 23 22 24 0 24 21
17 23 22 18 20 21 25 21 24 20 21 21 19 15 24 0 19
20 19 16 23 23 25 23 17 17 24 20 25 17 17 21 19 0
