15
12
13 11 34 24 14 15 27 16 32 22 31 14
18 4 5 11 7 22 17 16 40 14 39 26
34 25 9 8 18 37 2 1 12 25 33 33
33 22 36 29 3 20 13 6 2 14 40 28
23 26 18 39 40 32 8 24 13 28 13 24
38 23 14 18 3 20 17 2 26 33 40 34
1 16 19 23 2 24 1 5 29 8 33 9
34 6 3 20 1 38 28 10 6 32 33 35
2 16 21 14 12 4 24 4 2 24 12 15
12 1 37 9 32 24 5 19 11 4 1 5
17 31 7 36 17 36 6 4 4 19 38 17
33 8 30 17 7 18 22 9 30 34 40 16
27 13 39 34 11 23 11 36 22 25 31 33
11 36 18 24 14 23 14 32 39 38 19 15
23 33 12 35 34 36 6 16 31 10 38 39
0 23 15 17 18 22 16 23 16 17 21 20 24 21 16 16 23
23 0 22 22 17 24 15 16 23 15 24 24 24 20 24 21 24
15 22 0 17 17 19 22 25 21 20 25 15 24 22 19 21 17
17 22 17 0 21 24 24 19 15 20 19 18 16 15 16 17 19
18 17 17 21 0 20 22 17 19 22 21 22 19 17 21 17 16
22 24 19 24 20 0 19 15 20 17 16 16 21 23 21 24 18
16 15 22 24 22 19 0 15 21 22 25 16 18 18 22 20 16
23 16 25 19 17 15 15 0 21 16 15 23 16 20 22 22 25
16 23 21 15 19 20 21 21 0 19 22 24 20 25 15 16 15
17 15 20 20 22 17 22 16 19 0 18 15 15 23 15 22 21
21 24 25 19 21 16 25 15 22 18 0 19 20 24 25 19 18
20 24 15 18 22 16 16 23 24 15 19 0 18 25 18 18 18
24 24 24 16 19 21 18 16 20 15 20 18 0 25 15 18 21
21 20 22 15 17 23 18 20 25 23 24 25 25 0 25 15 21
16 24 19 16 21 21 22 22 15 15 25 18 15 25 0 19 19
16 21 21 17 17 24 20 22 16 22 19 18 18 15 19 0 20
23 24 17 19 16 18 16 25 15 21 18 18 21 21 19 20 0
