15
6
108 100 6 22 50 35 118 70 114 117 97 79 104 3 98
0 22 23 19 16 20 25 15 20 25 24 25 16 18 21 24 19
22 0 19 23 18 17 15 17 18 16 16 23 15 16 24 15 19
23 19 0 19 15 18 24 15 19 22 21 24 15 21 25 18 20
19 23 19 0 15 23 25 19 21 17 24 15 24 18 24 16 20
16 18 15 15 0 15 17 25 23 15 22 25 24 15 16 23 23
20 17 18 23 15 0 25 16 17 17 16 22 22 18 23 20 15
25 15 24 25 17 25 0 16 17 17 19 23 24 19 15 16 22
15 17 15 19 25 16 16 0 20 19 23 25 23 16 17 24 23
20 18 19 21 23 17 17 20 0 18 24 18 18 23 25 20 21
25 16 22 17 15 17 17 19 18 0 24 20 24 22 15 17 24
24 16 21 24 22 16 19 23 24 24 0 20 19 18 25 22 17
25 23 24 15 25 22 23 25 18 20 20 0 25 21 16 22 16
16 15 15 24 24 22 24 23 18 24 19 25 0 21 15 21 19
18 16 21 18 15 18 19 16 23 22 18 21 21 0 15 19 16
21 24 25 24 16 23 15 17 25 15 25 16 15 15 0 24 22
24 15 18 16 23 20 16 24 20 17 22 22 21 19 24 0 18
19 19 20 20 23 15 22 23 21 24 17 16 19 16 22 18 0
