15
7
51 118 102 142 116 120 123 107 53 32 133 128 88 89 32
0 16 21 18 25 23 20 23 21 18 15 23 15 17 16 18 16
16 0 20 23 20 23 21 22 18 25 16 23 20 18 19 16 24
21 20 0 25 18 21 21 19 25 23 15 25 16 25 25 16 21
18 23 25 0 15 18 23 21 23 20 20 19 25 25 25 24 18
25 20 18 15 0 15 23 20 23 25 21 16 21 19 25 20 19
23 23 21 18 15 0 17 20 24 20 25 25 25 25 23 18 16
20 21 21 23 23 17 0 25 20 15 18 25 23 19 25 23 15
23 22 19 21 20 20 25 0 22 16 17 25 18 18 25 21 23
21 18 25 23 23 24 20 22 0 25 20 17 23 17 22 25 25
18 25 23 20 25 20 15 16 25 0 22 25 19 19 15 16 16
15 16 15 20 21 25 18 17 20 22 0 22 24 19 25 23 15
23 23 25 19 16 25 25 25 17 25 22 0 16 16 24 21 17
15 20 16 25 21 25 23 18 23 19 24 16 0 15 22 25 22
17 18 25 25 19 25 19 18 17 19 19 16 15 0 18 20 17
16 19 25 25 25 23 25 25 22 15 25 24 22 18 0 23 15
18 16 16 24 20 18 23 21 25 16 23 21 25 20 23 0 16
16 24 21 18 19 16 15 23 25 16 15 17 22 17 15 16 0
