15
22
26 33 34 2 23 27 7 40 5 35 30 6 36 14 7 3 36 10 7 15 13 28
22 39 17 2 10 15 3 19 23 38 9 13 28 1 22 32 15 3 5 11 5 33
8 27 28 25 7 28 10 39 40 33 9 4 5 15 12 3 35 13 10 8 2 21
16 40 17 1 2 34 29 8 28 3 32 9 21 14 27 37 31 28 8 27 27 34
3 28 14 12 20 9 5 6 37 10 24 24 11 9 18 26 38 18 15 4 38 28
16 3 30 7 10 28 40 39 8 29 40 12 10 19 34 14 20 2 39 5 25 26
23 38 31 20 37 8 11 8 11 9 31 3 17 29 19 12 18 32 37 12 33 16
14 14 24 28 36 2 25 10 15 10 1 7 24 2 16 33 29 10 9 8 13 21
40 27 9 3 38 30 21 18 33 35 6 36 3 12 20 33 25 12 28 4 12 18
38 26 23 31 27 23 3 26 30 8 30 31 20 30 18 9 13 5 28 31 21 16
27 35 16 15 20 38 23 35 10 31 4 37 14 17 6 10 36 14 4 27 3 7
26 5 9 11 10 24 25 24 10 37 2 31 25 21 38 37 16 1 10 40 35 5
2 11 12 16 9 40 14 10 31 33 10 6 3 38 36 40 34 38 38 38 15 30
40 22 3 9 25 39 7 21 16 26 13 1 32 31 38 6 24 35 37 36 4 40
32 27 7 40 17 31 22 25 9 28 27 5 14 5 28 1 37 6 19 39 14 38
0 25 23 24 20 20 25 19 23 15 22 15 24 21 17 19 16
25 0 20 15 21 20 21 21 25 18 18 23 25 15 23 15 18
23 20 0 21 15 16 16 17 25 21 15 24 20 24 25 18 23
24 15 21 0 20 24 17 24 20 20 21 23 16 17 18 15 17
20 21 15 20 0 23 16 23 25 19 22 24 20 23 24 15 22
20 20 16 24 23 0 20 21 23 15 16 18 23 17 20 18 20
25 21 16 17 16 20 0 25 25 16 20 20 25 25 19 20 18
19 21 17 24 23 21 25 0 25 20 21 25 24 21 17 25 23
23 25 25 20 25 23 25 25 0 20 23 20 18 23 17 23 25
15 18 21 20 19 15 16 20 20 0 23 18 24 19 15 21 18
22 18 15 21 22 16 20 21 23 23 0 25 21 25 25 25 22
15 23 24 23 24 18 20 25 20 18 25 0 23 22 25 19 23
24 25 20 16 20 23 25 24 18 24 21 23 0 20 16 19 21
21 15 24 17 23 17 25 21 23 19 25 22 20 0 21 17 24
17 23 25 18 24 20 19 17 17 15 25 25 16 21 0 23 17
19 15 18 15 15 18 20 25 23 21 25 19 19 17 23 0 23
16 18 23 17 22 20 18 23 25 18 22 23 21 24 17 23 0
