15
13
13 76 68 86 16 56 148 145 53 69 110 5 44 8 24
0 15 20 24 24 21 22 24 22 16 19 18 15 15 23 19 24
15 0 20 24 18 21 25 25 21 19 17 22 19 20 25 25 20
20 20 0 25 21 22 18 18 16 23 16 17 18 22 16 23 25
24 24 25 0 19 17 22 18 16 15 24 20 15 16 17 25 17
24 18 21 19 0 25 16 18 20 19 16 16 22 19 23 25 16
21 21 22 17 25 0 20 20 20 20 23 15 24 22 20 21 20
22 25 18 22 16 20 0 24 24 19 17 18 24 18 19 20 20
24 25 18 18 18 20 24 0 18 15 15 22 22 21 20 24 15
22 21 16 16 20 20 24 18 0 18 24 24 18 16 25 24 25
16 19 23 15 19 20 19 15 18 0 15 23 24 15 21 24 22
19 17 16 24 16 23 17 15 24 15 0 15 20 21 25 19 22
18 22 17 20 16 15 18 22 24 23 15 0 15 24 25 15 17
15 19 18 15 22 24 24 22 18 24 20 15 0 23 15 22 20
15 20 22 16 19 22 18 21 16 15 21 24 23 0 15 15 23
23 25 16 17 23 20 19 20 25 21 25 25 15 15 0 22 23
19 25 23 25 25 21 20 24 24 24 19 15 22 15 22 0 22
24 20 25 17 16 20 20 15 25 22 22 17 20 23 23 22 0
