15
11
9 20 6 18 20 10 39 29 20 15 12 35 14 14 33
0 20 24 24 25 21 21 19 23 20 21 18 25 21 21 18 20
20 0 20 17 17 16 23 21 22 16 16 25 24 24 16 25 23
24 20 0 22 17 22 22 25 25 18 25 19 23 16 16 18 17
24 17 22 0 21 23 17 20 24 23 18 17 20 18 18 18 23
25 17 17 21 0 15 24 25 23 21 16 25 18 24 23 18 17
21 16 22 23 15 0 19 15 25 24 15 17 19 24 21 20 17
21 23 22 17 24 19 0 15 15 23 15 17 21 15 20 20 25
19 21 25 20 25 15 15 0 17 16 23 23 23 22 22 25 24
23 22 25 24 23 25 15 17 0 21 22 24 21 16 25 24 16
20 16 18 23 21 24 23 16 21 0 25 16 21 15 17 21 17
21 16 25 18 16 15 15 23 22 25 0 16 24 21 17 16 24
18 25 19 17 25 17 17 23 24 16 16 0 15 18 16 20 24
25 24 23 20 18 19 21 23 21 21 24 15 0 22 21 19 25
21 24 16 18 24 24 15 22 16 15 21 18 22 0 15 23 17
21 16 16 18 23 21 20 22 25 17 17 16 21 15 0 19 20
18 25 18 18 18 20 20 25 24 21 16 20 19 23 19 0 20
20 23 17 23 17 17 25 24 16 17 24 24 25 17 20 20 0
