16
6
7 21 44 26 63 17 68 3 116 7 69 109 25 30 81 83
0 19 17 23 18 22 23 23 17 16 18 15 23 23 19 20 15 22
19 0 15 22 20 16 21 20 20 19 24 19 21 24 20 16 20 16
17 15 0 24 16 18 22 21 24 16 23 20 16 16 18 21 16 22
23 22 24 0 20 22 22 23 15 19 22 18 19 16 20 23 23 16
18 20 16 20 0 23 20 16 19 19 18 25 21 17 21 16 18 24
22 16 18 22 23 0 20 21 22 15 22 21 17 16 23 25 18 21
23 21 22 22 20 20 0 19 16 22 16 16 15 16 18 15 20 16
23 20 21 23 16 21 19 0 21 19 18 22 23 17 19 17 24 24
17 20 24 15 19 22 16 21 0 25 15 16 20 25 23 23 15 18
16 19 16 19 19 15 22 19 25 0 19 23 16 20 16 23 16 16
18 24 23 22 18 22 16 18 15 19 0 23 23 15 22 15 15 24
15 19 20 18 25 21 16 22 16 23 23 0 20 19 21 18 23 23
23 21 16 19 21 17 15 23 20 16 23 20 0 17 22 25 17 18
23 24 16 16 17 16 16 17 25 20 15 19 17 0 24 23 15 17
19 20 18 20 21 23 18 19 23 16 22 21 22 24 0 20 17 17
20 16 21 23 16 25 15 17 23 23 15 18 25 23 20 0 19 16
15 20 16 23 18 18 20 24 15 16 15 23 17 15 17 19 0 22
22 16 22 16 24 21 16 24 18 16 24 23 18 17 17 16 22 0
