16
16
67 16 73 38 66 42 29 73 65 45 61 13 42 39 79 79
47 8 60 51 36 79 43 17 48 17 7 3 58 45 67 57
16 31 1 78 61 34 18 52 33 67 16 37 62 22 10 9
39 24 10 50 23 75 5 44 53 52 42 72 73 46 16 24
33 51 67 27 71 78 75 54 20 8 76 55 49 70 1 46
30 70 16 40 69 6 67 45 65 41 60 74 58 69 77 70
66 18 54 43 25 72 3 64 10 59 10 28 60 5 2 23
71 75 27 13 74 79 56 34 74 55 40 78 20 68 60 34
51 65 38 68 77 63 30 69 76 23 9 44 79 23 42 18
42 76 30 36 7 34 68 61 4 29 54 66 16 55 22 34
72 63 35 44 66 24 11 4 5 44 27 73 77 16 74 29
8 56 54 80 28 46 11 36 15 74 71 30 70 44 52 34
13 15 8 80 70 54 70 17 15 11 19 11 18 29 56 36
39 32 28 51 60 3 70 27 18 8 30 59 5 10 5 10
46 18 13 8 28 38 46 66 9 24 13 9 42 79 17 41
30 61 73 12 9 15 28 62 28 54 36 66 68 31 80 45
0 21 19 15 15 22 19 23 18 23 23 17 22 17 22 17 23 18
21 0 22 23 23 16 21 25 15 22 22 25 16 25 20 25 17 16
19 22 0 24 18 20 20 16 15 21 22 15 18 25 16 24 20 18
15 23 24 0 25 19 15 19 17 19 20 15 15 20 15 19 18 18
15 23 18 25 0 24 24 20 19 19 18 18 19 21 22 25 20 25
22 16 20 19 24 0 24 23 19 23 25 17 17 20 25 18 23 22
19 21 20 15 24 24 0 20 18 17 21 18 25 24 18 18 20 19
23 25 16 19 20 23 20 0 22 24 22 23 17 16 17 23 25 19
18 15 15 17 19 19 18 22 0 18 16 25 17 23 22 15 16 21
23 22 21 19 19 23 17 24 18 0 21 24 18 25 17 25 17 20
23 22 22 20 18 25 21 22 16 21 0 20 20 23 19 17 19 17
17 25 15 15 18 17 18 23 25 24 20 0 19 16 20 20 23 25
22 16 18 15 19 17 25 17 17 18 20 19 0 23 18 18 22 21
17 25 25 20 21 20 24 16 23 25 23 16 23 0 20 17 17 22
22 20 16 15 22 25 18 17 22 17 19 20 18 20 0 25 18 20
17 25 24 19 25 18 18 23 15 25 17 20 18 17 25 0 18 25
23 17 20 18 20 23 20 25 16 17 19 23 22 17 18 18 0 15
18 16 18 18 25 22 19 19 21 20 17 25 21 22 20 25 15 0
