16
14
76 135 109 2 145 22 91 40 79 39 133 139 151 142 43 134
0 19 22 15 20 23 21 21 17 19 22 22 16 20 23 18 16 20
19 0 21 21 22 16 25 25 18 15 21 17 24 17 15 18 23 23
22 21 0 21 25 18 15 16 22 15 20 15 20 19 20 22 19 21
15 21 21 0 17 23 20 21 25 18 20 22 21 16 22 18 25 22
20 22 25 17 0 19 20 21 17 16 18 15 17 19 18 19 19 17
23 16 18 23 19 0 19 22 15 24 18 16 15 15 15 15 24 20
21 25 15 20 20 19 0 22 24 20 18 18 19 20 22 16 19 16
21 25 16 21 21 22 22 0 22 19 24 17 19 15 23 25 17 24
17 18 22 25 17 15 24 22 0 19 16 19 23 15 20 22 15 22
19 15 15 18 16 24 20 19 19 0 25 20 21 18 23 19 20 25
22 21 20 20 18 18 18 24 16 25 0 20 20 19 23 16 15 16
22 17 15 22 15 16 18 17 19 20 20 0 17 24 17 25 22 18
16 24 20 21 17 15 19 19 23 21 20 17 0 23 15 20 23 23
20 17 19 16 19 15 20 15 15 18 19 24 23 0 21 19 19 18
23 15 20 22 18 15 22 23 20 23 23 17 15 21 0 20 15 24
18 18 22 18 19 15 16 25 22 19 16 25 20 19 20 0 23 17
16 23 19 25 19 24 19 17 15 20 15 22 23 19 15 23 0 18
20 23 21 22 17 20 16 24 22 25 16 18 23 18 24 17 18 0
