16
5
135 150 143 100 94 88 82 22 135 106 72 51 7 29 34 106
0 15 15 18 19 22 24 16 17 21 15 16 20 20 22 20 18 15
15 0 25 20 24 23 21 22 20 15 17 15 24 21 15 22 22 23
15 25 0 15 18 21 22 16 18 20 16 22 22 18 21 24 20 17
18 20 15 0 22 15 24 25 17 19 16 17 24 19 22 18 17 20
19 24 18 22 0 20 18 20 19 20 22 21 18 20 25 21 24 20
22 23 21 15 20 0 18 15 18 15 25 23 16 23 19 24 15 17
24 21 22 24 18 18 0 16 19 25 23 19 18 19 16 25 19 17
16 22 16 25 20 15 16 0 25 23 19 25 24 15 17 16 21 16
17 20 18 17 19 18 19 25 0 17 22 19 18 18 22 20 25 16
21 15 20 19 20 15 25 23 17 0 16 25 20 23 21 20 23 20
15 17 16 16 22 25 23 19 22 16 0 17 20 21 22 16 25 25
16 15 22 17 21 23 19 25 19 25 17 0 19 17 19 21 15 19
20 24 22 24 18 16 18 24 18 20 20 19 0 16 18 17 15 15
20 21 18 19 20 23 19 15 18 23 21 17 16 0 20 24 22 15
22 15 21 22 25 19 16 17 22 21 22 19 18 20 0 18 25 23
20 22 24 18 21 24 25 16 20 20 16 21 17 24 18 0 24 20
18 22 20 17 24 15 19 21 25 23 25 15 15 22 25 24 0 20
15 23 17 20 20 17 17 16 16 20 25 19 15 15 23 20 20 0
