16
12
14 24 78 51 52 23 70 71 49 43 29 7
61 10 53 32 67 61 47 19 5 52 79 64
73 46 38 48 13 62 72 7 70 16 19 58
23 55 22 13 66 1 6 37 31 37 16 11
14 17 71 18 16 54 39 38 28 42 24 43
15 67 40 33 42 3 13 27 73 61 75 10
16 45 44 62 1 15 22 18 13 34 62 54
28 44 11 60 73 49 64 4 69 28 33 34
77 33 57 36 1 42 10 12 69 38 68 13
31 12 78 52 51 31 29 31 57 78 6 27
15 70 62 23 38 16 75 54 71 18 27 12
13 54 74 63 47 6 23 61 26 51 57 8
63 69 73 37 9 57 74 79 25 12 80 12
27 3 23 22 42 18 68 6 51 56 4 39
18 28 44 39 52 12 48 69 21 54 26 51
1 33 20 1 41 59 61 53 45 70 11 22
0 15 18 19 24 15 16 23 23 17 22 17 16 18 25 25 17 24
15 0 19 19 16 25 15 22 15 15 16 16 25 16 16 18 18 18
18 19 0 17 17 17 19 22 17 16 24 25 25 21 23 17 21 20
19 19 17 0 23 22 21 19 21 21 15 25 16 16 15 20 16 23
24 16 17 23 0 15 16 16 21 17 22 25 20 24 15 16 15 24
15 25 17 22 15 0 22 18 25 21 15 16 18 23 18 17 22 25
16 15 19 21 16 22 0 17 20 17 17 23 16 20 22 17 17 23
23 22 22 19 16 18 17 0 16 17 23 23 21 17 19 15 15 21
23 15 17 21 21 25 20 16 0 21 23 16 23 24 17 15 15 18
17 15 16 21 17 21 17 17 21 0 20 23 20 22 19 18 15 19
22 16 24 15 22 15 17 23 23 20 0 19 18 23 24 17 24 20
17 16 25 25 25 16 23 23 16 23 19 0 25 25 15 20 22 16
16 25 25 16 20 18 16 21 23 20 18 25 0 21 21 24 19 19
18 16 21 16 24 23 20 17 24 22 23 25 21 0 19 19 22 21
25 16 23 15 15 18 22 19 17 19 24 15 21 19 0 15 24 21
25 18 17 20 16 17 17 15 15 18 17 20 24 19 15 0 24 22
17 18 21 16 15 22 17 15 15 15 24 22 19 22 24 24 0 25
24 18 20 23 24 25 23 21 18 19 20 16 19 21 21 22 25 0
