16
26
141 64 37 37 67 111 91 145 11 145 112 87 105 5 141 48 101 116 85 110 91 58 107 25 96 144
113 30 25 117 153 22 72 16 43 129 56 103 117 72 61 147 32 68 25 1 95 97 90 22 137 9
30 124 157 66 102 107 41 72 20 42 102 74 65 66 88 90 137 68 71 40 27 31 65 14 61 99
43 41 131 153 135 79 145 124 64 143 3 74 97 36 115 79 109 50 78 101 97 106 150 138 146 26
2 18 67 92 45 21 35 96 52 78 150 152 78 37 30 8 99 48 156 136 99 3 121 58 149 124
158 60 88 54 158 160 53 96 155 102 86 25 5 8 86 93 129 120 89 81 115 37 70 45 19 9
35 136 95 94 10 122 107 75 131 64 59 73 57 2 96 106 99 121 69 133 154 52 133 147 95 93
136 136 104 97 85 83 91 18 134 118 98 99 133 126 4 48 84 44 136 28 41 24 125 144 154 53
118 111 82 5 111 93 106 47 46 39 146 99 46 6 97 156 53 71 18 117 33 42 86 40 77 136
76 79 42 58 136 11 127 135 148 155 102 96 4 148 69 26 65 53 39 45 100 153 104 39 93 42
104 138 130 10 135 134 30 55 141 118 93 58 160 47 41 99 134 75 33 129 23 118 44 141 53 32
158 97 105 21 100 148 74 119 100 80 44 137 43 77 57 132 74 22 149 85 32 132 17 81 66 48
39 78 121 48 135 8 65 132 89 19 69 156 52 42 24 77 46 121 6 27 78 105 78 78 95 142
5 152 123 68 160 67 30 119 87 33 28 81 121 120 106 92 50 74 30 81 135 150 103 67 28 155
101 122 7 19 154 27 136 148 129 14 154 130 157 105 160 120 1 23 54 79 74 107 108 141 26 135
116 13 70 122 154 138 62 96 63 90 102 144 70 132 95 53 9 1 69 90 45 52 157 42 67 32
0 22 24 23 15 17 20 16 22 21 17 23 21 25 18 21 18 19
22 0 19 18 15 16 19 17 17 19 25 20 15 19 19 19 18 19
24 19 0 18 23 24 21 17 21 25 21 19 15 20 25 21 21 20
23 18 18 0 23 23 17 23 25 23 16 21 22 20 23 24 22 19
15 15 23 23 0 16 15 15 24 25 25 20 20 23 16 16 21 16
17 16 24 23 16 0 17 19 18 20 23 24 24 18 25 21 22 21
20 19 21 17 15 17 0 16 23 24 15 24 19 17 15 25 20 21
16 17 17 23 15 19 16 0 18 25 23 19 16 23 18 16 22 18
22 17 21 25 24 18 23 18 0 23 16 19 23 17 24 17 17 19
21 19 25 23 25 20 24 25 23 0 20 21 20 24 20 19 23 19
17 25 21 16 25 23 15 23 16 20 0 15 23 23 19 24 18 24
23 20 19 21 20 24 24 19 19 21 15 0 22 24 18 24 24 17
21 15 15 22 20 24 19 16 23 20 23 22 0 19 23 18 17 21
25 19 20 20 23 18 17 23 17 24 23 24 19 0 22 16 19 24
18 19 25 23 16 25 15 18 24 20 19 18 23 22 0 24 18 19
21 19 21 24 16 21 25 16 17 19 24 24 18 16 24 0 16 19
18 18 21 22 21 22 20 22 17 23 18 24 17 19 18 16 0 20
19 19 20 19 16 21 21 18 19 19 24 17 21 24 19 19 20 0
