16
7
21 88 102 71 110 91 44 80 23 4 96 16 34 62 61 10
0 24 18 20 19 23 16 20 21 18 16 25 18 21 18 18 20 20
24 0 15 16 17 22 24 16 22 21 24 16 18 23 16 17 24 15
18 15 0 23 24 15 17 22 21 18 17 23 16 25 25 23 17 18
20 16 23 0 25 23 20 20 15 22 22 22 23 22 20 23 23 25
19 17 24 25 0 21 24 24 15 25 19 15 21 20 15 18 15 23
23 22 15 23 21 0 22 20 16 25 20 22 19 24 23 17 22 24
16 24 17 20 24 22 0 20 22 21 17 16 20 24 19 22 17 25
20 16 22 20 24 20 20 0 19 18 16 23 22 17 17 19 18 25
21 22 21 15 15 16 22 19 0 23 18 24 16 23 22 16 20 25
18 21 18 22 25 25 21 18 23 0 22 16 25 20 16 20 15 21
16 24 17 22 19 20 17 16 18 22 0 20 19 19 23 24 16 24
25 16 23 22 15 22 16 23 24 16 20 0 23 21 25 19 24 15
18 18 16 23 21 19 20 22 16 25 19 23 0 21 21 16 21 21
21 23 25 22 20 24 24 17 23 20 19 21 21 0 16 15 24 24
18 16 25 20 15 23 19 17 22 16 23 25 21 16 0 15 19 17
18 17 23 23 18 17 22 19 16 20 24 19 16 15 15 0 18 21
20 24 17 23 15 22 17 18 20 15 16 24 21 24 19 18 0 23
20 15 18 25 23 24 25 25 25 21 24 15 21 24 17 21 23 0
