16
5
30 35 57 41 47 24 21 19 23 31 12 67 41 60 73 67
0 24 23 17 15 16 20 21 19 15 15 22 18 24 25 16 21 25
24 0 22 19 16 15 20 23 16 25 19 15 16 15 19 19 22 19
23 22 0 15 17 22 25 24 24 23 19 23 21 15 23 20 21 19
17 19 15 0 19 17 15 23 16 24 24 24 17 15 18 18 17 24
15 16 17 19 0 22 20 16 25 21 15 20 21 15 17 17 21 21
16 15 22 17 22 0 15 23 17 19 16 21 18 23 24 25 17 21
20 20 25 15 20 15 0 20 25 18 16 21 23 20 20 24 18 15
21 23 24 23 16 23 20 0 23 16 25 15 18 16 15 19 20 21
19 16 24 16 25 17 25 23 0 18 21 21 23 16 25 22 22 15
15 25 23 24 21 19 18 16 18 0 22 22 21 22 17 21 19 22
15 19 19 24 15 16 16 25 21 22 0 24 25 18 17 17 16 19
22 15 23 24 20 21 21 15 21 22 24 0 21 16 22 18 22 20
18 16 21 17 21 18 23 18 23 21 25 21 0 19 15 25 20 20
24 15 15 15 15 23 20 16 16 22 18 16 19 0 16 16 16 22
25 19 23 18 17 24 20 15 25 17 17 22 15 16 0 16 25 20
16 19 20 18 17 25 24 19 22 21 17 18 25 16 16 0 16 24
21 22 21 17 21 17 18 20 22 19 16 22 20 16 25 16 0 23
25 19 19 24 21 21 15 21 15 22 19 20 20 22 20 24 23 0
