16
5
25 67 65 8 9 8 44 16 39 9 45 47 16 9 34 41
0 23 22 21 17 18 15 18 20 21 22 22 24 15 20 15 19 19
23 0 16 20 23 24 20 25 23 25 19 25 20 19 20 20 17 17
22 16 0 22 25 20 22 25 23 25 20 23 21 25 18 15 21 21
21 20 22 0 19 15 16 25 19 22 15 20 25 15 16 16 19 18
17 23 25 19 0 17 21 25 20 16 21 16 20 22 23 23 21 19
18 24 20 15 17 0 19 23 23 22 17 21 25 25 24 19 15 17
15 20 22 16 21 19 0 15 21 25 21 17 22 25 19 15 25 22
18 25 25 25 25 23 15 0 18 19 18 15 20 21 23 20 17 21
20 23 23 19 20 23 21 18 0 15 23 24 15 16 15 19 24 24
21 25 25 22 16 22 25 19 15 0 24 24 21 24 19 16 23 19
22 19 20 15 21 17 21 18 23 24 0 24 20 21 20 17 16 20
22 25 23 20 16 21 17 15 24 24 24 0 17 21 24 16 15 23
24 20 21 25 20 25 22 20 15 21 20 17 0 25 19 15 18 15
15 19 25 15 22 25 25 21 16 24 21 21 25 0 19 15 24 22
20 20 18 16 23 24 19 23 15 19 20 24 19 19 0 24 21 18
15 20 15 16 23 19 15 20 19 16 17 16 15 15 24 0 20 18
19 17 21 19 21 15 25 17 24 23 16 15 18 24 21 20 0 25
19 17 21 18 19 17 22 21 24 19 20 23 15 22 18 18 25 0
