16
6
29 30 113 32 142 33
79 88 51 127 32 21
36 75 91 71 118 12
113 29 40 127 18 129
156 91 108 143 131 17
77 53 69 113 61 129
114 99 138 24 80 127
15 119 57 97 54 44
108 22 35 137 106 141
28 45 121 34 109 81
149 6 104 106 23 27
125 54 78 38 120 148
59 89 80 117 96 51
128 80 110 48 100 60
48 59 26 83 68 140
140 43 107 40 72 5
0 20 19 24 15 24 15 20 17 20 17 22 21 15 21 19 16 25
20 0 17 21 22 23 23 20 23 16 22 24 23 21 25 24 24 24
19 17 0 22 24 23 22 24 17 22 22 22 19 24 21 23 17 21
24 21 22 0 25 24 15 17 24 17 25 16 20 21 16 20 20 24
15 22 24 25 0 18 25 17 19 24 23 21 23 17 18 19 18 15
24 23 23 24 18 0 15 15 21 24 15 18 18 19 19 16 19 17
15 23 22 15 25 15 0 17 18 18 20 15 18 21 24 23 22 20
20 20 24 17 17 15 17 0 21 22 16 23 23 22 15 23 25 20
17 23 17 24 19 21 18 21 0 19 23 22 19 15 22 21 19 19
20 16 22 17 24 24 18 22 19 0 22 15 22 16 22 24 16 25
17 22 22 25 23 15 20 16 23 22 0 23 25 20 22 22 20 24
22 24 22 16 21 18 15 23 22 15 23 0 17 19 21 21 22 17
21 23 19 20 23 18 18 23 19 22 25 17 0 25 24 22 17 18
15 21 24 21 17 19 21 22 15 16 20 19 25 0 15 20 23 19
21 25 21 16 18 19 24 15 22 22 22 21 24 15 0 21 21 22
19 24 23 20 19 16 23 23 21 24 22 21 22 20 21 0 24 21
16 24 17 20 18 19 22 25 19 16 20 22 17 23 21 24 0 20
25 24 21 24 15 17 20 20 19 25 24 17 18 19 22 21 20 0
