16
10
46 78 34 77 14 47 75 24 18 12
20 78 23 23 68 49 14 17 41 41
20 47 11 28 13 60 9 41 67 61
13 24 51 44 31 17 70 17 33 78
60 52 32 70 61 1 65 73 54 20
23 73 5 45 73 11 55 60 58 26
73 35 9 70 58 29 28 70 2 64
23 26 79 30 36 44 55 49 78 48
75 77 62 21 9 43 57 66 25 24
63 71 3 76 23 32 64 40 52 31
19 8 49 79 5 59 21 23 61 18
24 24 7 12 66 79 59 56 61 19
59 2 17 32 38 40 3 77 72 61
16 46 65 11 70 40 59 55 75 13
10 43 60 56 18 10 61 68 6 78
65 46 55 60 13 76 58 53 46 48
0 18 21 20 25 18 25 24 17 21 24 16 18 17 17 20 21 21
18 0 25 17 17 17 20 22 19 16 22 15 15 15 24 22 19 21
21 25 0 20 18 25 17 25 15 15 17 16 18 23 16 23 24 15
20 17 20 0 23 18 24 22 24 25 21 25 19 16 21 17 22 22
25 17 18 23 0 22 24 21 17 23 21 20 21 16 23 23 24 25
18 17 25 18 22 0 16 18 19 20 21 21 25 24 23 22 21 20
25 20 17 24 24 16 0 15 15 15 20 15 23 20 16 20 17 24
24 22 25 22 21 18 15 0 21 21 20 15 21 24 22 23 23 24
17 19 15 24 17 19 15 21 0 24 16 19 18 15 16 16 17 24
21 16 15 25 23 20 15 21 24 0 22 23 21 23 25 19 21 19
24 22 17 21 21 21 20 20 16 22 0 19 23 19 17 16 23 17
16 15 16 25 20 21 15 15 19 23 19 0 15 23 15 15 18 20
18 15 18 19 21 25 23 21 18 21 23 15 0 20 21 15 20 22
17 15 23 16 16 24 20 24 15 23 19 23 20 0 19 17 19 17
17 24 16 21 23 23 16 22 16 25 17 15 21 19 0 20 22 24
20 22 23 17 23 22 20 23 16 19 16 15 15 17 20 0 18 22
21 19 24 22 24 21 17 23 17 21 23 18 20 19 22 18 0 22
21 21 15 22 25 20 24 24 24 19 17 20 22 17 24 22 22 0
