16
15
88 128 73 138 76 90 102 95 39 30 39 18 92 125 42 21
0 24 20 15 16 17 18 19 15 17 16 22 17 20 24 19 19 19
24 0 16 24 25 19 22 21 21 16 18 20 17 21 22 18 15 22
20 16 0 25 19 25 21 21 16 17 21 22 17 17 20 22 25 17
15 24 25 0 16 23 21 22 24 25 19 22 20 21 15 17 25 19
16 25 19 16 0 16 16 19 15 20 19 20 21 15 16 18 19 18
17 19 25 23 16 0 24 23 16 23 21 23 23 17 20 15 21 18
18 22 21 21 16 24 0 24 24 21 25 18 16 22 18 22 15 21
19 21 21 22 19 23 24 0 24 22 18 18 23 23 17 22 22 23
15 21 16 24 15 16 24 24 0 18 18 18 18 17 15 23 21 20
17 16 17 25 20 23 21 22 18 0 25 21 23 23 19 16 18 20
16 18 21 19 19 21 25 18 18 25 0 16 24 20 20 22 19 25
22 20 22 22 20 23 18 18 18 21 16 0 15 24 18 23 21 24
17 17 17 20 21 23 16 23 18 23 24 15 0 23 20 21 19 16
20 21 17 21 15 17 22 23 17 23 20 24 23 0 23 22 24 20
24 22 20 15 16 20 18 17 15 19 20 18 20 23 0 19 23 25
19 18 22 17 18 15 22 22 23 16 22 23 21 22 19 0 18 15
19 15 25 25 19 21 15 22 21 18 19 21 19 24 23 18 0 24
19 22 17 19 18 18 21 23 20 20 25 24 16 20 25 15 24 0
