16
24
75 6 18 30 49 68 11 29 32 7 28 18 54 18 8 55 9 78 60 77 43 71 56 30
2 39 38 51 27 73 80 65 58 32 1 23 76 47 43 65 6 64 18 65 6 46 6 69
12 6 40 48 27 13 66 25 28 61 33 8 73 31 45 17 58 22 71 20 27 21 7 52
39 19 48 15 51 47 17 28 80 4 45 51 79 21 20 80 33 16 34 76 19 47 66 33
39 42 51 29 62 79 20 40 17 74 77 67 34 1 26 36 48 66 19 58 15 25 37 62
9 23 41 13 55 56 49 39 27 25 21 19 63 62 77 45 37 1 6 23 44 53 26 24
62 75 23 59 38 79 42 9 11 76 30 80 2 12 26 29 75 7 30 25 58 15 39 71
32 59 28 5 61 31 65 75 39 62 6 4 68 2 29 80 60 71 61 77 55 68 22 13
70 49 48 36 58 25 80 77 11 16 53 35 68 71 41 74 34 60 71 22 20 1 15 15
34 21 58 8 23 6 52 51 79 64 80 60 58 63 48 64 68 46 34 78 40 32 20 80
67 6 21 29 68 52 14 28 75 4 70 41 66 15 22 18 16 34 10 3 35 74 23 3
4 30 20 74 72 67 39 78 72 51 32 11 68 55 77 10 21 79 4 78 60 7 26 1
3 26 56 58 20 74 54 61 53 46 11 29 17 13 30 69 68 23 3 24 10 27 15 3
78 57 25 42 25 57 39 74 19 59 43 79 60 57 28 47 77 21 37 68 19 14 17 13
11 32 26 69 23 60 48 33 4 21 33 54 27 6 8 50 24 29 5 40 69 29 50 61
12 21 61 51 29 46 42 11 58 17 39 30 73 64 15 28 62 43 77 57 77 13 6 76
0 25 15 25 18 19 25 25 19 19 21 18 17 19 17 16 15 19
25 0 22 23 24 22 16 24 24 17 16 16 18 19 15 20 25 19
15 22 0 15 18 25 20 23 16 19 24 15 25 15 24 20 15 17
25 23 15 0 15 25 15 24 25 23 20 16 25 18 21 20 18 23
18 24 18 15 0 22 23 23 25 15 25 20 23 24 18 24 24 21
19 22 25 25 22 0 18 25 23 23 21 17 25 24 18 17 24 17
25 16 20 15 23 18 0 18 18 24 17 25 20 22 17 24 16 23
25 24 23 24 23 25 18 0 16 22 25 24 21 23 18 16 19 25
19 24 16 25 25 23 18 16 0 18 20 21 20 17 24 15 24 25
19 17 19 23 15 23 24 22 18 0 19 22 20 24 20 17 18 21
21 16 24 20 25 21 17 25 20 19 0 23 22 22 16 22 17 22
18 16 15 16 20 17 25 24 21 22 23 0 17 19 19 21 17 22
17 18 25 25 23 25 20 21 20 20 22 17 0 22 22 24 20 17
19 19 15 18 24 24 22 23 17 24 22 19 22 0 17 21 16 19
17 15 24 21 18 18 17 18 24 20 16 19 22 17 0 20 18 19
16 20 20 20 24 17 24 16 15 17 22 21 24 21 20 0 21 16
15 25 15 18 24 24 16 19 24 18 17 17 20 16 18 21 0 25
19 19 17 23 21 17 23 25 25 21 22 22 17 19 19 16 25 0
