16
9
54 50 15 42 40 17 36 8 5 16 29 77 35 44 53 8
0 21 23 16 22 25 24 19 25 17 16 23 25 16 23 24 20 19
21 0 23 18 23 19 21 18 21 15 18 24 16 16 21 19 25 16
23 23 0 15 24 25 23 21 15 20 21 18 25 22 16 18 15 23
16 18 15 0 25 25 22 17 21 24 24 17 22 19 20 19 24 24
22 23 24 25 0 17 18 22 24 16 24 16 15 16 22 20 24 17
25 19 25 25 17 0 17 15 17 21 24 18 21 21 22 21 20 25
24 21 23 22 18 17 0 25 16 15 19 24 17 24 21 21 20 19
19 18 21 17 22 15 25 0 20 15 19 20 24 18 16 19 18 24
25 21 15 21 24 17 16 20 0 22 23 25 22 23 16 25 19 23
17 15 20 24 16 21 15 15 22 0 20 25 24 21 17 19 16 19
16 18 21 24 24 24 19 19 23 20 0 23 23 20 20 18 21 17
23 24 18 17 16 18 24 20 25 25 23 0 24 19 18 24 22 21
25 16 25 22 15 21 17 24 22 24 23 24 0 25 19 15 20 20
16 16 22 19 16 21 24 18 23 21 20 19 25 0 20 16 16 18
23 21 16 20 22 22 21 16 16 17 20 18 19 20 0 22 25 23
24 19 18 19 20 21 21 19 25 19 18 24 15 16 22 0 18 23
20 25 15 24 24 20 20 18 19 16 21 22 20 16 25 18 0 23
19 16 23 24 17 25 19 24 23 19 17 21 20 18 23 23 23 0
