16
10
25 3 39 35 20 12 32 5 18 14
6 33 19 5 26 26 22 31 12 23
18 4 8 21 13 28 25 3 35 16
39 9 15 3 13 18 37 38 5 21
24 22 1 24 24 40 1 6 8 12
36 20 19 6 29 1 15 21 8 24
6 5 24 19 30 13 30 36 28 9
21 22 12 32 7 29 22 12 36 2
38 5 26 14 39 5 31 26 16 35
15 26 14 9 21 3 33 38 30 36
33 8 27 28 24 27 31 5 26 36
21 5 19 14 13 36 36 31 40 13
38 5 19 24 6 20 19 14 3 32
37 40 2 33 40 36 4 36 27 16
25 17 25 31 2 19 38 4 29 17
12 9 12 21 15 9 3 12 20 18
0 23 21 23 21 19 25 21 17 24 21 16 20 22 19 15 24 18
23 0 20 19 17 22 24 24 21 20 23 17 24 24 24 20 23 23
21 20 0 15 19 21 18 15 16 15 16 18 24 21 25 20 18 15
23 19 15 0 23 24 25 21 19 17 18 25 19 23 17 17 20 19
21 17 19 23 0 24 24 19 25 15 16 19 16 25 18 17 17 20
19 22 21 24 24 0 16 23 16 18 23 15 22 18 23 21 21 19
25 24 18 25 24 16 0 24 23 21 18 19 17 25 18 18 23 23
21 24 15 21 19 23 24 0 21 18 24 17 15 15 16 21 21 25
17 21 16 19 25 16 23 21 0 20 15 24 23 16 25 25 18 23
24 20 15 17 15 18 21 18 20 0 24 17 17 24 21 22 25 16
21 23 16 18 16 23 18 24 15 24 0 19 21 19 17 22 18 17
16 17 18 25 19 15 19 17 24 17 19 0 17 23 23 19 18 24
20 24 24 19 16 22 17 15 23 17 21 17 0 25 18 24 17 15
22 24 21 23 25 18 25 15 16 24 19 23 25 0 18 15 22 24
19 24 25 17 18 23 18 16 25 21 17 23 18 18 0 21 15 17
15 20 20 17 17 21 18 21 25 22 22 19 24 15 21 0 24 25
24 23 18 20 17 21 23 21 18 25 18 18 17 22 15 24 0 15
18 23 15 19 20 19 23 25 23 16 17 24 15 24 17 25 15 0
