16
15
136 81 51 60 20 68 48 55 18 45 40 84 96 122 139 130
0 18 25 24 19 24 15 24 25 15 25 17 22 17 16 22 24 19
18 0 18 21 21 17 17 16 20 18 22 20 25 16 22 22 15 18
25 18 0 21 22 23 22 15 15 23 15 23 16 22 18 16 22 24
24 21 21 0 24 23 19 15 19 23 21 16 19 16 18 22 25 18
19 21 22 24 0 23 16 18 22 15 17 23 24 25 20 17 25 21
24 17 23 23 23 0 23 23 17 20 21 17 23 25 23 15 20 16
15 17 22 19 16 23 0 16 15 18 20 22 18 15 21 24 19 23
24 16 15 15 18 23 16 0 17 17 20 24 22 15 17 21 19 17
25 20 15 19 22 17 15 17 0 19 15 17 18 20 15 23 21 15
15 18 23 23 15 20 18 17 19 0 18 25 20 17 16 19 24 25
25 22 15 21 17 21 20 20 15 18 0 18 21 18 16 17 20 23
17 20 23 16 23 17 22 24 17 25 18 0 23 18 23 15 22 18
22 25 16 19 24 23 18 22 18 20 21 23 0 19 17 24 15 22
17 16 22 16 25 25 15 15 20 17 18 18 19 0 24 16 24 20
16 22 18 18 20 23 21 17 15 16 16 23 17 24 0 15 25 21
22 22 16 22 17 15 24 21 23 19 17 15 24 16 15 0 24 25
24 15 22 25 25 20 19 19 21 24 20 22 15 24 25 24 0 20
19 18 24 18 21 16 23 17 15 25 23 18 22 20 21 25 20 0
