16
7
10 16 1 27 33 28 24 32 32 32 40 31 13 32 23 8
0 18 17 25 22 24 15 16 16 22 16 21 16 25 21 17 16 24
18 0 15 21 16 19 16 20 19 23 24 21 18 25 17 20 20 25
17 15 0 21 20 21 19 19 20 19 23 18 17 21 17 23 23 21
25 21 21 0 22 22 23 17 18 25 18 24 15 23 20 18 18 21
22 16 20 22 0 18 19 22 23 20 17 23 25 15 20 21 21 19
24 19 21 22 18 0 24 17 15 25 19 18 17 18 24 19 16 20
15 16 19 23 19 24 0 23 21 24 20 15 20 23 23 16 17 25
16 20 19 17 22 17 23 0 15 25 20 15 20 22 20 19 16 22
16 19 20 18 23 15 21 15 0 20 16 25 24 17 17 16 19 16
22 23 19 25 20 25 24 25 20 0 15 19 21 24 17 24 22 22
16 24 23 18 17 19 20 20 16 15 0 21 22 22 25 23 25 21
21 21 18 24 23 18 15 15 25 19 21 0 16 19 19 20 17 19
16 18 17 15 25 17 20 20 24 21 22 16 0 19 15 17 15 20
25 25 21 23 15 18 23 22 17 24 22 19 19 0 21 24 17 18
21 17 17 20 20 24 23 20 17 17 25 19 15 21 0 16 24 18
17 20 23 18 21 19 16 19 16 24 23 20 17 24 16 0 22 19
16 20 23 18 21 16 17 16 19 22 25 17 15 17 24 22 0 20
24 25 21 21 19 20 25 22 16 22 21 19 20 18 18 19 20 0
