16
9
25 12 22 33 20 6 3 8 22 6 9 18 36 3 37 38
0 21 15 25 20 17 22 25 21 20 24 24 20 23 22 23 18 16
21 0 16 21 16 20 15 23 21 21 20 22 20 16 15 19 22 19
15 16 0 16 19 22 16 16 19 20 25 17 21 17 17 24 24 17
25 21 16 0 18 17 21 25 22 18 20 22 15 16 22 23 20 19
20 16 19 18 0 18 23 21 18 15 15 18 24 19 19 25 17 15
17 20 22 17 18 0 25 19 20 18 23 21 24 19 20 22 23 24
22 15 16 21 23 25 0 15 17 16 21 16 25 22 16 25 22 22
25 23 16 25 21 19 15 0 23 23 23 18 17 25 23 15 17 18
21 21 19 22 18 20 17 23 0 21 20 19 21 23 17 21 25 15
20 21 20 18 15 18 16 23 21 0 15 19 24 24 22 15 21 21
24 20 25 20 15 23 21 23 20 15 0 22 21 20 15 15 21 19
24 22 17 22 18 21 16 18 19 19 22 0 24 23 22 20 16 19
20 20 21 15 24 24 25 17 21 24 21 24 0 19 15 25 15 24
23 16 17 16 19 19 22 25 23 24 20 23 19 0 24 17 17 25
22 15 17 22 19 20 16 23 17 22 15 22 15 24 0 25 17 21
23 19 24 23 25 22 25 15 21 15 15 20 25 17 25 0 15 25
18 22 24 20 17 23 22 17 25 21 21 16 15 17 17 15 0 18
16 19 17 19 15 24 22 18 15 21 19 19 24 25 21 25 18 0
