16
7
157 8 135 12 64 138 40 72 6 145 30 7 77 159 29 55
0 15 24 18 16 25 17 23 22 16 21 18 24 24 24 18 20 15
15 0 25 21 22 17 21 21 16 15 25 24 20 16 20 19 21 18
24 25 0 19 17 23 18 16 25 24 25 22 18 18 15 23 18 18
18 21 19 0 24 24 25 23 24 20 19 22 23 15 25 15 18 20
16 22 17 24 0 15 25 23 16 18 17 25 24 16 22 15 17 23
25 17 23 24 15 0 18 21 21 22 17 21 18 17 16 17 20 22
17 21 18 25 25 18 0 25 18 19 25 23 24 18 18 16 21 25
23 21 16 23 23 21 25 0 19 23 17 21 24 24 25 21 22 24
22 16 25 24 16 21 18 19 0 17 16 19 25 23 21 18 22 24
16 15 24 20 18 22 19 23 17 0 21 22 24 24 15 16 22 23
21 25 25 19 17 17 25 17 16 21 0 23 16 21 20 24 21 22
18 24 22 22 25 21 23 21 19 22 23 0 23 21 23 19 17 16
24 20 18 23 24 18 24 24 25 24 16 23 0 23 17 21 20 18
24 16 18 15 16 17 18 24 23 24 21 21 23 0 24 25 17 22
24 20 15 25 22 16 18 25 21 15 20 23 17 24 0 18 21 16
18 19 23 15 15 17 16 21 18 16 24 19 21 25 18 0 18 24
20 21 18 18 17 20 21 22 22 22 21 17 20 17 21 18 0 19
15 18 18 20 23 22 25 24 24 23 22 16 18 22 16 24 19 0
