16
7
99 82 23 38 16 5 52 74 91 42 154 42 16 75 72 108
0 23 25 21 18 18 25 16 21 17 16 23 25 23 25 15 19 25
23 0 17 18 15 18 24 25 21 17 18 22 22 21 21 24 22 18
25 17 0 19 17 23 17 19 24 21 15 25 15 20 16 19 17 23
21 18 19 0 23 21 15 17 19 15 16 18 21 17 24 18 15 25
18 15 17 23 0 15 22 20 17 18 25 16 16 15 21 23 17 16
18 18 23 21 15 0 19 25 16 24 19 18 22 16 17 20 22 20
25 24 17 15 22 19 0 19 23 15 24 23 18 19 19 16 20 20
16 25 19 17 20 25 19 0 24 17 25 23 15 18 18 21 22 23
21 21 24 19 17 16 23 24 0 17 16 24 23 18 19 15 19 20
17 17 21 15 18 24 15 17 17 0 15 19 25 25 17 15 24 18
16 18 15 16 25 19 24 25 16 15 0 23 16 16 21 22 15 24
23 22 25 18 16 18 23 23 24 19 23 0 23 18 23 22 20 21
25 22 15 21 16 22 18 15 23 25 16 23 0 25 19 23 16 20
23 21 20 17 15 16 19 18 18 25 16 18 25 0 19 21 15 25
25 21 16 24 21 17 19 18 19 17 21 23 19 19 0 21 25 24
15 24 19 18 23 20 16 21 15 15 22 22 23 21 21 0 21 22
19 22 17 15 17 22 20 22 19 24 15 20 16 15 25 21 0 15
25 18 23 25 16 20 20 23 20 18 24 21 20 25 24 22 15 0
