16
8
35 4 35 79 30 11 28 50
13 78 20 6 28 71 40 64
38 48 29 24 14 64 70 35
55 59 74 68 7 19 63 80
24 54 19 46 54 40 68 65
37 10 51 20 49 23 39 67
77 56 25 20 36 34 16 42
29 62 5 49 31 52 1 11
26 23 15 17 21 68 18 58
43 3 28 31 17 59 44 43
49 2 63 42 7 26 73 53
20 22 25 30 75 14 23 7
78 42 31 15 67 1 41 31
29 30 9 52 62 52 41 5
45 58 5 59 54 12 78 46
53 70 24 39 19 39 25 25
0 22 15 24 17 25 25 15 19 21 25 15 17 17 15 18 17 20
22 0 20 20 21 16 17 15 21 17 25 19 21 17 20 16 22 18
15 20 0 20 17 18 19 19 25 18 23 20 21 21 16 15 15 24
24 20 20 0 19 24 20 17 16 21 17 22 15 22 18 24 15 24
17 21 17 19 0 22 25 18 23 23 24 22 20 17 22 24 22 20
25 16 18 24 22 0 23 21 17 15 21 18 22 19 17 24 22 19
25 17 19 20 25 23 0 25 24 23 16 21 15 23 15 25 17 15
15 15 19 17 18 21 25 0 15 23 22 15 21 15 15 19 19 16
19 21 25 16 23 17 24 15 0 24 24 25 21 16 24 16 19 17
21 17 18 21 23 15 23 23 24 0 19 16 25 15 18 22 23 21
25 25 23 17 24 21 16 22 24 19 0 21 23 18 15 19 24 16
15 19 20 22 22 18 21 15 25 16 21 0 22 16 21 25 15 15
17 21 21 15 20 22 15 21 21 25 23 22 0 15 25 25 25 25
17 17 21 22 17 19 23 15 16 15 18 16 15 0 17 19 18 20
15 20 16 18 22 17 15 15 24 18 15 21 25 17 0 19 18 25
18 16 15 24 24 24 25 19 16 22 19 25 25 19 19 0 24 24
17 22 15 15 22 22 17 19 19 23 24 15 25 18 18 24 0 23
20 18 24 24 20 19 15 16 17 21 16 15 25 20 25 24 23 0
