16
16
65 34 71 23 20 72 15 53 14 7 18 55 25 41 47 67
0 23 19 24 15 16 22 16 16 16 16 15 18 24 23 25 17 22
23 0 19 22 19 17 22 23 23 20 19 24 25 19 23 17 24 15
19 19 0 25 23 15 17 16 21 16 15 17 21 15 24 19 24 21
24 22 25 0 24 16 17 19 18 19 22 18 16 17 15 25 18 21
15 19 23 24 0 25 15 17 22 22 22 18 21 24 17 24 18 24
16 17 15 16 25 0 19 24 22 19 25 15 25 18 21 18 17 17
22 22 17 17 15 19 0 19 18 17 24 23 23 23 16 18 18 22
16 23 16 19 17 24 19 0 16 23 15 25 25 15 21 19 20 23
16 23 21 18 22 22 18 16 0 21 20 21 23 23 15 16 18 18
16 20 16 19 22 19 17 23 21 0 22 15 17 15 20 17 15 16
16 19 15 22 22 25 24 15 20 22 0 24 17 18 21 15 25 18
15 24 17 18 18 15 23 25 21 15 24 0 24 17 16 21 21 19
18 25 21 16 21 25 23 25 23 17 17 24 0 18 15 15 16 19
24 19 15 17 24 18 23 15 23 15 18 17 18 0 24 18 18 22
23 23 24 15 17 21 16 21 15 20 21 16 15 24 0 15 25 21
25 17 19 25 24 18 18 19 16 17 15 21 15 18 15 0 15 19
17 24 24 18 18 17 18 20 18 15 25 21 16 18 25 15 0 22
22 15 21 21 24 17 22 23 18 16 18 19 19 22 21 19 22 0
