16
11
32 21 15 32 6 33 29 13 37 24 8 23 33 12 34 36
0 16 19 22 22 19 20 18 23 18 15 24 19 16 23 19 18 15
16 0 16 20 25 19 21 24 24 15 25 23 25 20 23 25 25 17
19 16 0 22 18 18 17 18 22 22 15 22 23 19 18 17 19 16
22 20 22 0 16 17 20 15 21 25 23 22 21 19 25 15 20 16
22 25 18 16 0 15 25 18 15 24 19 20 20 17 15 25 24 25
19 19 18 17 15 0 23 23 20 20 17 19 21 22 23 18 17 23
20 21 17 20 25 23 0 18 25 23 19 24 21 22 15 16 19 24
18 24 18 15 18 23 18 0 22 25 15 15 15 25 24 15 25 19
23 24 22 21 15 20 25 22 0 23 22 25 25 20 15 16 17 24
18 15 22 25 24 20 23 25 23 0 21 24 25 19 22 15 20 16
15 25 15 23 19 17 19 15 22 21 0 15 25 19 22 18 21 20
24 23 22 22 20 19 24 15 25 24 15 0 25 25 15 15 23 23
19 25 23 21 20 21 21 15 25 25 25 25 0 20 24 25 25 21
16 20 19 19 17 22 22 25 20 19 19 25 20 0 15 21 16 15
23 23 18 25 15 23 15 24 15 22 22 15 24 15 0 24 22 16
19 25 17 15 25 18 16 15 16 15 18 15 25 21 24 0 15 19
18 25 19 20 24 17 19 25 17 20 21 23 25 16 22 15 0 22
15 17 16 16 25 23 24 19 24 16 20 23 21 15 16 19 22 0
