16
20
60 22 62 1 115 114 4 28 79 24 51 56 108 89 9 36 30 64 108 72
21 95 120 42 35 56 108 73 37 80 16 83 10 98 54 15 60 81 31 58
46 119 95 90 20 6 92 4 12 51 82 108 18 58 75 48 46 101 66 9
53 86 42 17 81 14 112 51 67 96 26 66 28 87 101 61 58 69 75 63
21 43 82 15 34 82 77 99 29 52 103 46 15 9 9 36 110 74 24 92
58 99 34 82 99 39 104 80 113 120 108 117 10 93 111 77 67 66 71 28
44 97 119 37 15 107 76 3 50 22 49 47 29 22 120 43 31 74 93 43
43 106 22 98 104 80 113 81 78 47 93 27 69 100 103 49 76 94 22 69
102 19 120 18 114 40 49 37 43 56 47 1 89 97 112 74 78 65 2 71
115 67 96 61 91 52 27 100 55 63 41 112 83 8 70 78 102 36 5 94
103 101 30 71 6 96 68 51 75 70 58 31 118 15 69 57 44 80 20 100
51 108 104 68 21 88 102 13 58 109 77 62 29 47 82 117 11 14 86 92
34 77 19 95 34 104 86 114 110 69 83 58 118 35 114 85 4 67 46 68
79 59 68 9 43 9 113 52 66 55 27 48 32 50 85 118 108 27 27 97
31 74 115 87 113 120 118 117 76 98 92 77 92 27 4 65 118 1 75 59
107 16 19 117 31 53 81 92 70 84 85 58 89 16 8 26 11 86 96 55
0 18 15 25 19 18 16 18 23 22 20 16 19 18 19 25 17 16
18 0 17 17 16 15 24 15 16 20 18 23 17 25 24 15 17 23
15 17 0 25 21 22 22 22 25 19 20 19 16 23 21 20 21 15
25 17 25 0 20 17 18 18 17 18 15 19 15 20 15 22 24 24
19 16 21 20 0 23 24 22 22 24 24 15 17 16 20 23 23 16
18 15 22 17 23 0 20 17 25 19 22 21 20 17 15 22 16 15
16 24 22 18 24 20 0 22 15 21 25 15 16 22 21 21 19 25
18 15 22 18 22 17 22 0 25 24 23 24 19 25 22 15 15 20
23 16 25 17 22 25 15 25 0 21 25 23 18 18 22 20 25 19
22 20 19 18 24 19 21 24 21 0 19 16 22 17 19 15 15 21
20 18 20 15 24 22 25 23 25 19 0 21 16 21 16 25 22 15
16 23 19 19 15 21 15 24 23 16 21 0 24 15 17 24 20 22
19 17 16 15 17 20 16 19 18 22 16 24 0 18 20 16 19 19
18 25 23 20 16 17 22 25 18 17 21 15 18 0 15 19 15 24
19 24 21 15 20 15 21 22 22 19 16 17 20 15 0 15 22 25
25 15 20 22 23 22 21 15 20 15 25 24 16 19 15 0 19 18
17 17 21 24 23 16 19 15 25 15 22 20 19 15 22 19 0 16
16 23 15 24 16 15 25 20 19 21 15 22 19 24 25 18 16 0
