16
7
36 82 53 113 26 16 13 83 120 61 58 96 75 86 108 89
0 21 20 23 23 17 22 18 20 22 25 20 18 18 20 25 19 16
21 0 18 21 16 22 24 23 23 24 21 18 18 20 20 24 19 17
20 18 0 21 22 23 24 19 21 17 25 17 23 15 25 23 23 25
23 21 21 0 16 25 22 20 21 18 19 20 20 15 25 25 16 17
23 16 22 16 0 19 23 18 21 15 23 24 23 16 23 15 24 25
17 22 23 25 19 0 25 22 24 20 24 18 24 22 19 23 22 23
22 24 24 22 23 25 0 25 25 21 17 20 22 16 19 25 15 20
18 23 19 20 18 22 25 0 19 20 24 22 22 18 16 23 20 24
20 23 21 21 21 24 25 19 0 19 19 15 21 20 21 21 18 20
22 24 17 18 15 20 21 20 19 0 22 16 25 17 21 25 20 17
25 21 25 19 23 24 17 24 19 22 0 18 20 16 25 15 23 15
20 18 17 20 24 18 20 22 15 16 18 0 18 20 22 23 24 21
18 18 23 20 23 24 22 22 21 25 20 18 0 24 20 23 15 20
18 20 15 15 16 22 16 18 20 17 16 20 24 0 17 17 15 20
20 20 25 25 23 19 19 16 21 21 25 22 20 17 0 21 19 20
25 24 23 25 15 23 25 23 21 25 15 23 23 17 21 0 18 19
19 19 23 16 24 22 15 20 18 20 23 24 15 15 19 18 0 16
16 17 25 17 25 23 20 24 20 17 15 21 20 20 20 19 16 0
