16
22
13 10 34 39 4 25 13 35 28 33 1 30 16 31 37 34 5 38 18 10 25 28
33 18 22 8 10 9 25 12 38 29 6 2 23 26 7 7 27 9 17 39 22 33
39 3 34 15 31 2 4 35 37 12 33 7 32 34 7 1 25 21 2 26 29 4
35 36 11 20 6 18 3 20 29 40 1 7 1 36 20 24 26 24 8 7 21 34
15 18 37 21 21 17 16 4 39 33 21 31 31 40 40 4 19 14 14 31 18 17
10 1 39 16 31 24 1 37 38 4 22 17 30 2 27 14 2 17 36 32 25 34
35 39 11 24 32 32 37 6 13 18 22 33 39 10 23 30 13 37 6 21 8 6
39 34 9 39 12 24 5 34 35 28 11 27 31 37 24 16 23 38 39 20 37 40
24 21 29 4 10 34 10 27 33 12 38 24 2 11 7 17 12 34 4 2 11 5
9 8 40 25 14 11 4 25 28 19 33 27 13 10 15 31 3 32 39 26 29 9
30 19 36 27 25 32 37 17 18 33 36 32 36 23 3 31 22 39 28 22 19 25
25 23 15 39 16 37 4 34 36 2 33 3 27 5 27 26 7 14 32 13 27 24
34 35 13 10 15 19 5 24 28 21 11 7 21 1 25 7 35 29 14 12 17 26
17 21 3 1 39 20 7 14 2 39 4 2 26 13 34 27 6 1 9 39 30 2
31 11 24 16 32 31 32 18 19 14 30 29 37 26 39 37 38 35 27 24 24 3
7 1 30 31 15 3 13 39 30 15 2 14 19 15 37 37 37 25 31 38 32 5
0 19 16 15 16 17 22 15 17 15 22 22 24 15 17 19 19 24
19 0 16 15 22 15 19 20 16 21 18 18 19 21 17 22 17 18
16 16 0 18 16 16 25 25 23 17 23 16 22 20 16 16 18 17
15 15 18 0 18 19 17 21 16 21 23 22 21 15 18 16 16 17
16 22 16 18 0 22 18 17 20 16 22 16 22 21 23 16 23 20
17 15 16 19 22 0 21 15 22 17 17 25 25 21 18 15 18 17
22 19 25 17 18 21 0 19 20 21 24 23 16 20 17 23 18 17
15 20 25 21 17 15 19 0 19 24 22 24 16 18 21 16 15 18
17 16 23 16 20 22 20 19 0 18 22 25 24 16 17 22 16 18
15 21 17 21 16 17 21 24 18 0 21 20 18 21 20 20 22 19
22 18 23 23 22 17 24 22 22 21 0 18 18 22 15 23 21 19
22 18 16 22 16 25 23 24 25 20 18 0 20 19 19 23 19 17
24 19 22 21 22 25 16 16 24 18 18 20 0 21 23 22 20 15
15 21 20 15 21 21 20 18 16 21 22 19 21 0 17 16 15 15
17 17 16 18 23 18 17 21 17 20 15 19 23 17 0 16 19 16
19 22 16 16 16 15 23 16 22 20 23 23 22 16 16 0 23 22
19 17 18 16 23 18 18 15 16 22 21 19 20 15 19 23 0 21
24 18 17 17 20 17 17 18 18 19 19 17 15 15 16 22 21 0
