16
13
14 13 14 12 30 6 28 31 27 38 5 26 40 19 34 30
0 22 17 16 25 21 21 18 19 15 21 21 15 17 18 18 24 22
22 0 24 16 24 22 25 20 20 16 21 15 22 16 25 25 17 19
17 24 0 21 23 18 17 24 24 16 24 25 15 23 20 23 19 23
16 16 21 0 17 25 17 24 19 20 24 15 21 23 19 17 16 24
25 24 23 17 0 20 21 16 17 25 16 21 20 16 21 17 22 21
21 22 18 25 20 0 19 21 20 22 25 16 23 22 20 15 24 21
21 25 17 17 21 19 0 20 15 18 18 16 20 21 23 25 20 23
18 20 24 24 16 21 20 0 18 25 16 15 24 24 16 18 22 25
19 20 24 19 17 20 15 18 0 24 24 18 22 25 15 20 19 24
15 16 16 20 25 22 18 25 24 0 22 15 17 21 21 24 24 18
21 21 24 24 16 25 18 16 24 22 0 23 24 20 24 25 24 17
21 15 25 15 21 16 16 15 18 15 23 0 21 15 21 16 15 19
15 22 15 21 20 23 20 24 22 17 24 21 0 23 25 23 18 16
17 16 23 23 16 22 21 24 25 21 20 15 23 0 23 16 16 25
18 25 20 19 21 20 23 16 15 21 24 21 25 23 0 22 19 22
18 25 23 17 17 15 25 18 20 24 25 16 23 16 22 0 23 18
24 17 19 16 22 24 20 22 19 24 24 15 18 16 19 23 0 22
22 19 23 24 21 21 23 25 24 18 17 19 16 25 22 18 22 0
