16
12
40 47 41 40 12 76 58 7 53 7 4 3 32 50 27 66
0 15 16 25 19 17 18 20 22 25 18 17 20 19 15 23 18 18
15 0 20 23 20 25 22 23 25 21 21 18 15 18 16 24 23 15
16 20 0 16 21 20 19 16 15 25 23 21 15 25 18 19 17 25
25 23 16 0 21 15 19 17 18 16 17 24 24 23 18 17 25 25
19 20 21 21 0 25 20 16 20 16 22 17 18 24 21 18 23 22
17 25 20 15 25 0 22 25 16 25 16 19 18 19 22 18 25 22
18 22 19 19 20 22 0 20 18 25 19 19 23 20 21 22 17 24
20 23 16 17 16 25 20 0 17 17 25 16 24 17 20 20 17 22
22 25 15 18 20 16 18 17 0 19 21 16 24 21 18 22 18 16
25 21 25 16 16 25 25 17 19 0 18 19 25 19 22 21 19 17
18 21 23 17 22 16 19 25 21 18 0 23 20 25 20 19 24 18
17 18 21 24 17 19 19 16 16 19 23 0 18 22 17 20 17 24
20 15 15 24 18 18 23 24 24 25 20 18 0 25 18 17 18 19
19 18 25 23 24 19 20 17 21 19 25 22 25 0 15 16 23 21
15 16 18 18 21 22 21 20 18 22 20 17 18 15 0 21 19 20
23 24 19 17 18 18 22 20 22 21 19 20 17 16 21 0 23 21
18 23 17 25 23 25 17 17 18 19 24 17 18 23 19 23 0 20
18 15 25 25 22 22 24 22 16 17 18 24 19 21 20 21 20 0
