16
11
24 17 16 30 7 22 11 7 36 15 8 34 5 33 23 2
0 15 23 25 23 20 25 15 17 17 23 15 22 19 21 15 18 19
15 0 17 16 22 23 22 22 19 22 21 22 16 21 20 16 16 20
23 17 0 18 20 25 24 21 23 21 24 18 17 17 20 16 17 24
25 16 18 0 21 16 18 16 15 18 25 21 22 23 24 15 22 19
23 22 20 21 0 25 20 23 15 25 22 25 24 18 23 19 25 22
20 23 25 16 25 0 17 24 15 23 20 20 19 23 19 24 15 24
25 22 24 18 20 17 0 19 17 25 19 18 21 21 22 16 19 17
15 22 21 16 23 24 19 0 25 23 17 24 15 19 24 21 15 23
17 19 23 15 15 15 17 25 0 22 20 21 21 25 25 17 16 15
17 22 21 18 25 23 25 23 22 0 25 17 23 21 15 20 22 18
23 21 24 25 22 20 19 17 20 25 0 24 18 19 22 19 16 19
15 22 18 21 25 20 18 24 21 17 24 0 22 23 21 21 19 22
22 16 17 22 24 19 21 15 21 23 18 22 0 22 23 17 25 23
19 21 17 23 18 23 21 19 25 21 19 23 22 0 25 21 21 24
21 20 20 24 23 19 22 24 25 15 22 21 23 25 0 18 18 18
15 16 16 15 19 24 16 21 17 20 19 21 17 21 18 0 19 16
18 16 17 22 25 15 19 15 16 22 16 19 25 21 18 19 0 19
19 20 24 19 22 24 17 23 15 18 19 22 23 24 18 16 19 0
