16
7
57 19 76 50 10 23 10 34 54 51 53 27 72 52 27 26
0 22 25 16 15 20 21 17 18 15 21 22 25 19 16 18 16 19
22 0 19 23 21 18 23 24 17 23 20 18 23 16 21 15 16 25
25 19 0 17 15 21 20 18 17 15 21 21 18 19 22 16 23 16
16 23 17 0 20 22 20 16 21 23 20 17 22 18 21 16 24 25
15 21 15 20 0 20 16 24 24 22 21 19 25 22 24 20 23 22
20 18 21 22 20 0 24 20 16 20 24 21 19 18 18 20 20 18
21 23 20 20 16 24 0 15 23 19 15 25 20 16 23 20 16 22
17 24 18 16 24 20 15 0 23 19 15 21 21 15 15 21 15 23
18 17 17 21 24 16 23 23 0 21 17 18 20 19 18 22 25 16
15 23 15 23 22 20 19 19 21 0 20 18 15 22 15 19 15 24
21 20 21 20 21 24 15 15 17 20 0 24 16 18 24 22 15 21
22 18 21 17 19 21 25 21 18 18 24 0 16 25 23 24 19 24
25 23 18 22 25 19 20 21 20 15 16 16 0 25 17 25 23 25
19 16 19 18 22 18 16 15 19 22 18 25 25 0 24 22 20 15
16 21 22 21 24 18 23 15 18 15 24 23 17 24 0 24 23 15
18 15 16 16 20 20 20 21 22 19 22 24 25 22 24 0 25 24
16 16 23 24 23 20 16 15 25 15 15 19 23 20 23 25 0 24
19 25 16 25 22 18 22 23 16 24 21 24 25 15 15 24 24 0
