16
6
24 19 6 20 39 37
21 32 38 17 30 26
29 1 31 28 22 27
2 24 20 19 36 2
4 39 32 32 26 14
22 29 24 5 10 18
29 27 32 10 37 36
21 3 5 37 32 17
10 22 4 14 35 19
11 26 5 4 8 4
1 8 37 2 32 18
37 24 16 19 19 15
6 7 10 36 35 5
29 32 6 24 24 28
23 37 40 10 6 14
11 34 1 31 6 30
0 15 15 16 24 22 18 20 25 18 23 15 25 22 15 21 21 17
15 0 24 21 15 21 18 24 15 16 15 18 21 20 20 21 25 17
15 24 0 24 25 17 18 16 19 20 17 20 24 21 20 25 18 20
16 21 24 0 15 16 24 15 16 23 20 18 16 24 19 25 18 19
24 15 25 15 0 17 24 23 23 18 15 24 19 25 24 23 21 25
22 21 17 16 17 0 17 23 25 17 17 23 25 19 20 16 18 18
18 18 18 24 24 17 0 17 15 17 25 24 17 16 17 16 24 17
20 24 16 15 23 23 17 0 20 17 19 25 24 20 16 23 16 21
25 15 19 16 23 25 15 20 0 23 16 17 23 18 24 15 17 20
18 16 20 23 18 17 17 17 23 0 19 22 16 17 18 17 22 18
23 15 17 20 15 17 25 19 16 19 0 24 17 22 21 22 25 16
15 18 20 18 24 23 24 25 17 22 24 0 23 20 15 21 22 24
25 21 24 16 19 25 17 24 23 16 17 23 0 25 19 25 16 24
22 20 21 24 25 19 16 20 18 17 22 20 25 0 20 20 25 24
15 20 20 19 24 20 17 16 24 18 21 15 19 20 0 25 17 15
21 21 25 25 23 16 16 23 15 17 22 21 25 20 25 0 21 25
21 25 18 18 21 18 24 16 17 22 25 22 16 25 17 21 0 20
17 17 20 19 25 18 17 21 20 18 16 24 24 24 15 25 20 0
