16
14
74 111 56 1 73 69 8 95 72 116 93 66 79 83
5 81 116 6 94 30 111 8 46 100 54 94 40 66
61 38 104 31 15 65 74 60 53 70 78 97 97 27
112 115 98 14 94 33 40 115 103 33 69 100 84 106
68 91 102 87 119 30 102 62 23 78 11 23 43 22
103 118 114 103 9 20 120 100 118 110 99 12 105 5
108 120 89 74 36 85 54 64 63 87 119 85 110 103
80 60 108 37 118 61 82 41 54 37 104 71 35 93
10 57 95 6 55 81 115 5 86 51 15 114 47 108
48 3 95 58 113 19 114 69 75 7 56 39 35 100
99 63 39 44 115 45 90 111 28 63 41 96 69 28
48 109 54 85 8 102 41 36 61 44 114 95 120 116
26 120 120 110 50 73 93 26 68 13 30 52 97 7
59 107 93 104 81 90 28 110 60 34 46 67 29 30
44 30 62 66 48 9 120 15 100 105 98 53 13 59
12 35 45 106 119 15 22 23 87 41 9 13 27 68
0 18 16 22 17 24 20 19 17 24 19 25 17 15 15 22 19 23
18 0 18 21 25 17 19 22 24 22 19 23 16 23 25 22 20 17
16 18 0 20 19 21 17 22 22 15 25 19 23 21 25 15 24 16
22 21 20 0 16 23 17 15 22 25 25 20 19 20 25 19 25 18
17 25 19 16 0 25 16 20 17 25 15 16 18 15 21 15 18 18
24 17 21 23 25 0 16 21 16 15 25 16 21 20 21 17 16 24
20 19 17 17 16 16 0 16 15 18 23 15 15 22 20 25 25 19
19 22 22 15 20 21 16 0 18 25 24 24 21 19 20 22 16 24
17 24 22 22 17 16 15 18 0 19 20 19 20 19 19 20 20 18
24 22 15 25 25 15 18 25 19 0 24 22 24 16 16 22 22 25
19 19 25 25 15 25 23 24 20 24 0 20 17 21 20 19 24 22
25 23 19 20 16 16 15 24 19 22 20 0 25 19 18 19 18 18
17 16 23 19 18 21 15 21 20 24 17 25 0 22 24 21 20 23
15 23 21 20 15 20 22 19 19 16 21 19 22 0 19 21 15 25
15 25 25 25 21 21 20 20 19 16 20 18 24 19 0 19 21 24
22 22 15 19 15 17 25 22 20 22 19 19 21 21 19 0 16 18
19 20 24 25 18 16 25 16 20 22 24 18 20 15 21 16 0 17
23 17 16 18 18 24 19 24 18 25 22 18 23 25 24 18 17 0
