16
11
49 32 5 66 72 19 72 12 50 77 54 26 33 75 17 29
0 25 17 20 22 23 18 17 24 20 19 18 19 22 18 21 19 24
25 0 24 22 15 25 23 24 18 20 16 15 19 17 21 19 23 21
17 24 0 17 20 17 24 22 21 17 16 23 19 16 19 23 21 18
20 22 17 0 16 25 17 17 18 25 16 17 16 16 18 17 21 21
22 15 20 16 0 22 24 25 23 21 17 15 25 24 16 24 22 18
23 25 17 25 22 0 22 16 19 25 24 18 21 17 23 21 23 21
18 23 24 17 24 22 0 23 18 16 21 18 22 18 15 23 19 25
17 24 22 17 25 16 23 0 21 17 17 25 15 21 15 22 23 19
24 18 21 18 23 19 18 21 0 22 23 22 19 19 25 23 21 20
20 20 17 25 21 25 16 17 22 0 22 17 25 20 24 15 25 19
19 16 16 16 17 24 21 17 23 22 0 23 19 19 21 20 16 19
18 15 23 17 15 18 18 25 22 17 23 0 24 15 19 18 25 16
19 19 19 16 25 21 22 15 19 25 19 24 0 25 20 15 22 15
22 17 16 16 24 17 18 21 19 20 19 15 25 0 24 18 18 24
18 21 19 18 16 23 15 15 25 24 21 19 20 24 0 23 22 22
21 19 23 17 24 21 23 22 23 15 20 18 15 18 23 0 18 18
19 23 21 21 22 23 19 23 21 25 16 25 22 18 22 18 0 20
24 21 18 21 18 21 25 19 20 19 19 16 15 24 22 18 20 0
