16
13
140 158 133 61 154 86 6 129 92 33 4 52 35 59 2 119
0 19 17 24 20 15 25 17 25 21 21 19 18 23 20 22 23 25
19 0 15 15 23 17 24 24 21 15 20 25 21 17 17 17 24 22
17 15 0 17 22 17 25 17 22 18 20 19 16 22 22 24 17 23
24 15 17 0 21 18 22 15 16 21 20 22 19 25 18 21 24 15
20 23 22 21 0 24 15 21 19 15 22 21 19 24 23 21 25 15
15 17 17 18 24 0 22 17 25 16 22 16 22 20 21 25 22 17
25 24 25 22 15 22 0 17 22 17 19 22 19 17 22 21 21 18
17 24 17 15 21 17 17 0 24 20 15 20 23 20 19 24 23 24
25 21 22 16 19 25 22 24 0 18 18 20 23 17 19 17 16 21
21 15 18 21 15 16 17 20 18 0 19 20 19 22 23 16 25 21
21 20 20 20 22 22 19 15 18 19 0 17 21 18 20 18 15 21
19 25 19 22 21 16 22 20 20 20 17 0 20 22 17 20 23 21
18 21 16 19 19 22 19 23 23 19 21 20 0 18 23 23 17 17
23 17 22 25 24 20 17 20 17 22 18 22 18 0 21 19 23 15
20 17 22 18 23 21 22 19 19 23 20 17 23 21 0 25 20 17
22 17 24 21 21 25 21 24 17 16 18 20 23 19 25 0 22 21
23 24 17 24 25 22 21 23 16 25 15 23 17 23 20 22 0 16
25 22 23 15 15 17 18 24 21 21 21 21 17 15 17 21 16 0
