16
15
57 108 102 59 104 68 10 48 116 24 53 80 40 118 98 17
0 23 23 25 20 22 23 25 23 24 20 16 20 25 15 20 18 24
23 0 20 21 20 20 19 22 25 23 17 25 22 22 20 25 22 23
23 20 0 20 20 18 24 20 25 17 23 24 18 25 20 21 18 21
25 21 20 0 23 20 22 24 19 22 21 23 25 18 25 15 23 18
20 20 20 23 0 25 22 18 15 16 20 15 22 17 24 19 24 16
22 20 18 20 25 0 18 16 22 22 20 19 18 20 15 19 23 25
23 19 24 22 22 18 0 24 20 17 22 20 19 16 20 19 21 23
25 22 20 24 18 16 24 0 18 15 24 17 25 23 25 22 22 24
23 25 25 19 15 22 20 18 0 19 24 17 22 15 23 19 18 18
24 23 17 22 16 22 17 15 19 0 25 23 20 16 21 23 21 19
20 17 23 21 20 20 22 24 24 25 0 21 17 25 23 22 20 23
16 25 24 23 15 19 20 17 17 23 21 0 22 17 21 23 16 25
20 22 18 25 22 18 19 25 22 20 17 22 0 18 17 19 23 21
25 22 25 18 17 20 16 23 15 16 25 17 18 0 21 19 17 24
15 20 20 25 24 15 20 25 23 21 23 21 17 21 0 22 15 22
20 25 21 15 19 19 19 22 19 23 22 23 19 19 22 0 23 18
18 22 18 23 24 23 21 22 18 21 20 16 23 17 15 23 0 23
24 23 21 18 16 25 23 24 18 19 23 25 21 24 22 18 23 0
