16
14
33 21 11 6 26 35 31 16 20 34 23 31 30 18
14 8 30 24 12 7 17 31 33 36 9 13 28 3
15 29 3 15 2 33 6 6 31 23 34 26 30 36
30 18 1 21 39 21 30 32 24 33 6 39 19 14
8 16 10 39 11 31 11 6 11 32 29 18 9 10
33 11 32 27 20 24 10 37 37 17 23 34 16 1
29 36 1 10 32 32 29 7 36 3 38 2 19 19
33 35 22 33 8 30 32 28 31 17 32 16 28 30
25 9 37 34 14 37 24 27 3 19 13 16 16 23
2 27 23 4 36 28 14 6 25 3 33 20 18 29
37 33 35 40 29 16 38 12 12 37 39 29 5 27
16 8 29 3 17 26 29 16 23 21 30 15 14 22
17 16 5 13 4 30 22 26 40 32 11 11 23 11
2 1 20 37 30 15 4 23 28 35 26 12 29 34
17 30 22 37 20 30 18 35 34 6 19 11 19 38
12 31 17 16 24 20 32 4 35 31 27 24 4 25
0 15 23 25 23 15 17 15 21 24 22 22 24 20 22 21 21 16
15 0 25 24 17 18 16 15 19 24 16 22 15 16 15 21 22 23
23 25 0 24 20 25 23 19 19 21 24 18 15 16 18 17 25 20
25 24 24 0 21 17 16 20 20 19 21 21 25 20 16 15 17 15
23 17 20 21 0 17 21 16 17 18 21 19 17 18 20 22 15 16
15 18 25 17 17 0 20 22 20 15 23 20 18 23 21 15 17 18
17 16 23 16 21 20 0 21 22 19 23 21 22 25 22 24 17 23
15 15 19 20 16 22 21 0 15 21 15 17 25 22 22 25 18 22
21 19 19 20 17 20 22 15 0 17 22 18 21 15 21 20 19 21
24 24 21 19 18 15 19 21 17 0 19 23 23 21 16 17 19 20
22 16 24 21 21 23 23 15 22 19 0 17 23 23 20 20 18 21
22 22 18 21 19 20 21 17 18 23 17 0 21 19 23 19 23 23
24 15 15 25 17 18 22 25 21 23 23 21 0 21 20 18 25 21
20 16 16 20 18 23 25 22 15 21 23 19 21 0 17 18 16 20
22 15 18 16 20 21 22 22 21 16 20 23 20 17 0 25 23 16
21 21 17 15 22 15 24 25 20 17 20 19 18 18 25 0 21 24
21 22 25 17 15 17 17 18 19 19 18 23 25 16 23 21 0 15
16 23 20 15 16 18 23 22 21 20 21 23 21 20 16 24 15 0
