16
10
112 49 55 54 8 1 114 11 66 66 68 85 6 87 71 20
0 18 24 22 16 25 19 19 25 21 24 15 17 15 22 20 18 21
18 0 20 18 22 23 21 16 18 15 21 21 23 15 18 19 18 23
24 20 0 25 23 19 16 25 23 20 15 21 18 20 18 15 23 20
22 18 25 0 22 17 23 23 20 15 22 21 24 24 24 17 18 24
16 22 23 22 0 16 23 23 17 25 22 16 17 22 25 18 18 25
25 23 19 17 16 0 24 24 24 24 19 24 18 24 25 17 18 17
19 21 16 23 23 24 0 19 21 17 21 17 22 19 23 24 20 15
19 16 25 23 23 24 19 0 18 24 24 19 24 22 22 15 20 19
25 18 23 20 17 24 21 18 0 15 15 19 15 19 15 17 21 25
21 15 20 15 25 24 17 24 15 0 15 20 23 18 24 17 25 25
24 21 15 22 22 19 21 24 15 15 0 16 17 22 17 17 17 25
15 21 21 21 16 24 17 19 19 20 16 0 21 24 22 25 22 21
17 23 18 24 17 18 22 24 15 23 17 21 0 21 15 16 17 19
15 15 20 24 22 24 19 22 19 18 22 24 21 0 21 20 23 17
22 18 18 24 25 25 23 22 15 24 17 22 15 21 0 24 24 16
20 19 15 17 18 17 24 15 17 17 17 25 16 20 24 0 15 20
18 18 23 18 18 18 20 20 21 25 17 22 17 23 24 15 0 24
21 23 20 24 25 17 15 19 25 25 25 21 19 17 16 20 24 0
