16
11
33 15 52 55 77 30 48 4 24 66 9 2 1 10 53 80
0 18 23 20 20 16 19 21 17 15 23 18 25 16 21 17 20 22
18 0 19 16 16 20 17 24 22 23 21 21 24 18 19 22 21 23
23 19 0 17 16 23 23 19 20 19 15 15 18 17 16 21 16 19
20 16 17 0 24 22 21 23 25 23 23 20 16 19 23 21 22 25
20 16 16 24 0 22 15 18 21 22 17 23 17 19 20 16 18 22
16 20 23 22 22 0 24 20 20 19 15 17 18 16 18 18 24 20
19 17 23 21 15 24 0 20 20 19 17 25 21 22 25 25 16 21
21 24 19 23 18 20 20 0 15 25 23 20 20 24 15 23 17 17
17 22 20 25 21 20 20 15 0 20 18 21 15 20 23 24 18 15
15 23 19 23 22 19 19 25 20 0 16 20 22 23 25 15 15 25
23 21 15 23 17 15 17 23 18 16 0 23 19 22 19 24 15 20
18 21 15 20 23 17 25 20 21 20 23 0 20 18 25 18 22 20
25 24 18 16 17 18 21 20 15 22 19 20 0 17 22 15 21 22
16 18 17 19 19 16 22 24 20 23 22 18 17 0 17 20 24 25
21 19 16 23 20 18 25 15 23 25 19 25 22 17 0 19 19 18
17 22 21 21 16 18 25 23 24 15 24 18 15 20 19 0 23 18
20 21 16 22 18 24 16 17 18 15 15 22 21 24 19 23 0 17
22 23 19 25 22 20 21 17 15 25 20 20 22 25 18 18 17 0
