16
6
53 110 40 67 47 47 9 114 91 6 105 120 113 106 28 69
0 15 23 20 22 16 22 18 15 21 16 16 20 15 19 23 24 25
15 0 16 25 16 17 24 21 25 17 17 18 20 20 20 24 19 24
23 16 0 22 24 23 22 23 20 15 15 20 23 18 16 24 18 17
20 25 22 0 22 22 16 20 25 20 17 18 22 20 25 15 17 15
22 16 24 22 0 22 16 20 20 16 22 20 15 23 17 15 24 18
16 17 23 22 22 0 18 24 21 15 22 16 16 23 25 17 24 25
22 24 22 16 16 18 0 18 22 22 24 15 22 15 20 17 24 18
18 21 23 20 20 24 18 0 25 17 17 24 16 19 21 18 18 17
15 25 20 25 20 21 22 25 0 17 24 25 20 22 16 24 23 18
21 17 15 20 16 15 22 17 17 0 22 15 18 17 17 20 19 23
16 17 15 17 22 22 24 17 24 22 0 17 18 18 15 19 20 25
16 18 20 18 20 16 15 24 25 15 17 0 23 18 23 23 21 25
20 20 23 22 15 16 22 16 20 18 18 23 0 16 23 17 20 17
15 20 18 20 23 23 15 19 22 17 18 18 16 0 16 16 23 16
19 20 16 25 17 25 20 21 16 17 15 23 23 16 0 22 17 24
23 24 24 15 15 17 17 18 24 20 19 23 17 16 22 0 22 25
24 19 18 17 24 24 24 18 23 19 20 21 20 23 17 22 0 23
25 24 17 15 18 25 18 17 18 23 25 25 17 16 24 25 23 0
