16
22
84 97 94 37 33 104 110 9 13 4 149 42 52 4 122 18 140 129 110 62 102 37
39 152 29 29 58 84 76 40 107 139 89 153 138 62 107 154 108 76 6 68 37 110
75 110 137 80 153 81 86 68 58 103 98 22 72 23 93 124 42 93 120 45 21 49
84 92 3 118 81 60 150 81 128 14 27 19 42 145 16 83 117 28 70 5 146 103
34 149 77 123 124 50 67 21 78 37 43 137 143 155 67 120 86 80 16 126 118 53
47 19 145 97 146 105 110 63 80 60 123 73 23 134 79 140 146 72 139 91 98 104
28 25 103 54 151 91 73 93 82 91 73 54 101 42 121 48 58 146 160 26 101 1
112 25 115 107 22 125 93 9 135 11 78 46 51 52 132 122 64 130 1 115 82 50
92 24 97 6 125 59 143 83 77 22 123 39 140 94 67 28 79 46 149 64 63 59
8 104 18 60 40 89 44 71 72 102 142 155 44 94 40 34 9 117 41 118 50 119
93 78 143 59 101 132 76 119 112 93 122 67 124 133 132 47 93 40 142 43 84 47
69 3 145 106 98 83 122 80 47 99 37 35 74 107 59 51 146 124 108 123 51 96
101 150 157 20 69 82 13 120 3 154 13 153 102 64 40 130 94 66 71 21 47 104
151 55 111 138 30 154 145 20 24 26 100 96 33 109 57 23 155 121 26 69 14 97
117 86 62 30 16 85 33 121 32 138 126 49 146 48 73 2 5 81 122 34 44 137
15 55 140 160 98 143 66 131 149 29 39 69 85 126 75 140 68 77 128 25 32 120
0 16 17 22 15 23 22 22 20 18 23 22 15 21 22 18 16 21
16 0 20 17 18 15 17 22 25 20 22 24 17 23 25 22 23 19
17 20 0 19 21 21 23 15 25 21 19 24 17 18 24 22 16 21
22 17 19 0 21 20 23 19 20 16 22 21 15 20 16 23 24 23
15 18 21 21 0 24 17 24 22 15 20 24 15 24 23 23 19 15
23 15 21 20 24 0 18 20 19 17 20 21 15 17 15 17 17 20
22 17 23 23 17 18 0 22 22 24 17 18 19 22 21 25 17 20
22 22 15 19 24 20 22 0 18 22 17 24 15 15 24 23 21 16
20 25 25 20 22 19 22 18 0 22 15 18 22 16 19 21 24 20
18 20 21 16 15 17 24 22 22 0 20 23 24 21 16 18 25 15
23 22 19 22 20 20 17 17 15 20 0 20 16 17 17 21 17 25
22 24 24 21 24 21 18 24 18 23 20 0 19 23 16 19 19 17
15 17 17 15 15 15 19 15 22 24 16 19 0 19 22 22 23 23
21 23 18 20 24 17 22 15 16 21 17 23 19 0 21 15 17 15
22 25 24 16 23 15 21 24 19 16 17 16 22 21 0 25 22 18
18 22 22 23 23 17 25 23 21 18 21 19 22 15 25 0 21 16
16 23 16 24 19 17 17 21 24 25 17 19 23 17 22 21 0 17
21 19 21 23 15 20 20 16 20 15 25 17 23 15 18 16 17 0
