16
5
24 27 29 8 4 6 32 15 24 1 22 16 33 16 17 40
0 16 23 23 25 21 16 16 15 22 24 23 18 15 20 23 19 20
16 0 25 23 17 22 22 25 21 20 21 21 22 18 24 21 19 24
23 25 0 20 18 15 18 20 21 16 23 18 16 23 16 19 20 25
23 23 20 0 18 23 18 22 16 19 24 24 24 22 16 17 19 21
25 17 18 18 0 19 24 23 24 21 15 17 24 18 20 18 25 15
21 22 15 23 19 0 22 24 16 23 21 25 18 22 20 21 24 25
16 22 18 18 24 22 0 18 16 16 20 16 22 18 25 22 22 17
16 25 20 22 23 24 18 0 25 23 20 16 21 25 15 24 17 20
15 21 21 16 24 16 16 25 0 21 21 16 21 18 15 25 22 23
22 20 16 19 21 23 16 23 21 0 20 20 22 16 15 25 15 19
24 21 23 24 15 21 20 20 21 20 0 22 15 17 16 19 23 20
23 21 18 24 17 25 16 16 16 20 22 0 18 21 15 21 15 21
18 22 16 24 24 18 22 21 21 22 15 18 0 18 21 23 24 22
15 18 23 22 18 22 18 25 18 16 17 21 18 0 22 20 23 24
20 24 16 16 20 20 25 15 15 15 16 15 21 22 0 17 23 19
23 21 19 17 18 21 22 24 25 25 19 21 23 20 17 0 21 17
19 19 20 19 25 24 22 17 22 15 23 15 24 23 23 21 0 20
20 24 25 21 15 25 17 20 23 19 20 21 22 24 19 17 20 0
