16
6
20 50 34 79 100 119 89 160 92 86 84 96 80 51 137 151
0 19 22 20 23 23 24 19 25 18 19 15 24 18 16 19 24 25
19 0 15 21 22 19 21 23 22 19 18 16 23 22 21 19 22 23
22 15 0 19 23 24 21 24 15 23 17 20 20 18 23 18 20 25
20 21 19 0 15 19 19 17 17 18 25 19 23 21 24 23 18 21
23 22 23 15 0 22 18 19 19 18 25 24 17 21 21 21 22 24
23 19 24 19 22 0 17 23 20 24 19 20 16 19 21 17 24 22
24 21 21 19 18 17 0 16 19 23 16 24 23 19 15 23 23 20
19 23 24 17 19 23 16 0 22 18 18 19 17 25 16 16 25 19
25 22 15 17 19 20 19 22 0 21 15 21 16 22 20 25 21 17
18 19 23 18 18 24 23 18 21 0 24 24 23 19 20 18 21 25
19 18 17 25 25 19 16 18 15 24 0 24 18 17 18 25 24 20
15 16 20 19 24 20 24 19 21 24 24 0 15 15 21 23 16 18
24 23 20 23 17 16 23 17 16 23 18 15 0 16 24 20 18 19
18 22 18 21 21 19 19 25 22 19 17 15 16 0 15 23 20 24
16 21 23 24 21 21 15 16 20 20 18 21 24 15 0 15 21 21
19 19 18 23 21 17 23 16 25 18 25 23 20 23 15 0 24 22
24 22 20 18 22 24 23 25 21 21 24 16 18 20 21 24 0 17
25 23 25 21 24 22 20 19 17 25 20 18 19 24 21 22 17 0
