16
10
57 15 14 3 27 3 44 38 26 59 66 75 60 27 38 46
0 23 15 16 24 20 24 19 15 16 21 21 19 20 23 24 24 20
23 0 16 16 18 18 18 17 20 17 18 19 17 21 20 16 15 16
15 16 0 16 15 16 19 15 18 16 23 20 19 25 20 15 16 23
16 16 16 0 20 23 23 16 20 18 16 16 23 21 21 16 22 18
24 18 15 20 0 24 19 15 17 23 24 16 16 15 16 18 16 21
20 18 16 23 24 0 15 25 16 25 16 18 25 20 17 15 16 15
24 18 19 23 19 15 0 23 15 24 19 20 20 24 24 15 18 21
19 17 15 16 15 25 23 0 17 18 17 15 16 18 22 24 18 24
15 20 18 20 17 16 15 17 0 16 17 15 25 19 21 18 18 23
16 17 16 18 23 25 24 18 16 0 24 24 22 25 20 18 19 23
21 18 23 16 24 16 19 17 17 24 0 25 19 21 25 16 23 19
21 19 20 16 16 18 20 15 15 24 25 0 15 19 21 24 21 17
19 17 19 23 16 25 20 16 25 22 19 15 0 22 22 16 16 21
20 21 25 21 15 20 24 18 19 25 21 19 22 0 16 17 16 19
23 20 20 21 16 17 24 22 21 20 25 21 22 16 0 20 21 18
24 16 15 16 18 15 15 24 18 18 16 24 16 17 20 0 17 20
24 15 16 22 16 16 18 18 18 19 23 21 16 16 21 17 0 25
20 16 23 18 21 15 21 24 23 23 19 17 21 19 18 20 25 0
