16
26
49 40 60 31 36 63 74 70 62 18 66 23 63 22 77 14 42 29 30 79 22 80 42 66 41 47
30 3 21 61 39 45 80 73 5 32 29 51 24 15 52 45 78 28 36 47 73 28 4 40 28 45
16 42 43 79 28 1 3 40 31 66 68 28 58 67 29 40 49 38 21 62 1 46 5 37 54 77
58 7 73 48 48 66 58 20 80 41 76 26 18 21 50 30 56 71 4 63 16 1 31 11 80 3
62 68 27 37 4 75 27 19 64 45 61 13 65 17 54 52 1 52 40 52 35 72 31 19 53 17
65 11 78 18 13 29 46 36 45 80 59 7 77 68 46 16 70 48 3 36 61 24 48 61 35 34
46 79 8 62 15 41 43 54 58 15 45 48 20 29 10 27 34 72 11 6 49 4 57 27 31 76
56 4 34 78 53 5 57 76 43 35 22 79 43 40 64 65 39 2 40 6 33 24 71 53 56 14
68 8 24 31 6 35 2 37 5 19 60 42 40 69 69 12 15 11 56 33 31 36 32 66 58 29
32 3 49 75 33 17 26 69 42 70 36 30 69 7 38 68 55 59 49 61 49 73 7 2 29 44
3 7 38 45 71 16 25 32 27 21 18 38 50 42 44 41 17 80 35 13 5 34 52 73 5 43
33 39 63 26 16 36 75 36 52 53 36 32 18 44 46 43 70 54 6 50 65 15 3 76 5 71
69 9 45 23 46 73 70 12 43 20 80 51 19 80 51 71 30 58 80 34 16 79 42 46 56 3
34 31 48 44 74 76 59 42 14 41 21 54 59 75 31 25 79 70 68 56 25 4 22 74 48 44
1 18 55 60 79 12 25 63 54 3 50 59 21 9 36 33 40 53 27 70 46 76 14 63 79 42
55 20 60 76 19 78 75 34 43 18 18 48 14 18 16 78 37 5 36 57 30 48 72 27 80 24
0 24 25 19 19 19 21 20 17 21 17 17 22 24 18 22 19 15
24 0 16 24 19 21 18 17 21 19 20 25 24 24 24 24 17 23
25 16 0 20 18 25 16 20 16 22 19 21 18 25 15 22 24 22
19 24 20 0 21 19 21 18 21 23 17 25 24 16 25 17 20 25
19 19 18 21 0 25 24 21 16 19 24 16 19 19 16 17 25 21
19 21 25 19 25 0 18 24 18 23 21 19 20 16 17 23 24 16
21 18 16 21 24 18 0 20 25 24 17 17 23 17 18 15 25 18
20 17 20 18 21 24 20 0 23 23 20 20 17 25 18 21 16 23
17 21 16 21 16 18 25 23 0 24 23 23 20 20 22 15 15 23
21 19 22 23 19 23 24 23 24 0 22 24 15 25 20 16 24 17
17 20 19 17 24 21 17 20 23 22 0 17 22 18 24 25 22 24
17 25 21 25 16 19 17 20 23 24 17 0 20 23 20 22 21 17
22 24 18 24 19 20 23 17 20 15 22 20 0 16 16 25 20 24
24 24 25 16 19 16 17 25 20 25 18 23 16 0 23 18 16 23
18 24 15 25 16 17 18 18 22 20 24 20 16 23 0 22 15 18
22 24 22 17 17 23 15 21 15 16 25 22 25 18 22 0 19 24
19 17 24 20 25 24 25 16 15 24 22 21 20 16 15 19 0 18
15 23 22 25 21 16 18 23 23 17 24 17 24 23 18 24 18 0
