16
20
65 40 119 77 52 115 78 32 112 11 44 80 99 86 110 73 23 80 53 18
47 55 2 78 26 110 88 102 16 11 34 69 117 75 37 87 104 55 44 11
75 90 83 23 60 86 40 110 59 27 12 99 51 104 25 24 119 33 105 15
114 111 94 45 62 65 97 114 17 65 19 106 102 101 85 59 73 119 29 70
98 10 11 59 33 113 13 76 44 3 105 80 25 51 24 42 119 32 43 118
86 11 36 41 56 38 76 102 59 79 57 62 72 114 74 14 26 85 52 36
8 104 62 83 95 99 40 23 45 20 44 20 109 116 49 76 81 120 21 1
78 119 105 109 85 33 47 119 58 63 14 16 5 93 59 88 111 39 30 63
96 75 19 103 80 23 85 31 91 12 100 64 113 35 101 11 63 6 89 9
90 92 12 99 74 77 45 107 5 89 81 59 105 81 22 64 53 105 88 63
95 59 106 50 5 115 25 39 43 102 96 103 17 22 57 109 56 84 97 90
120 46 3 62 38 105 48 72 93 26 67 10 95 9 90 2 88 46 37 12
104 39 114 19 68 41 50 50 92 1 16 14 24 84 104 116 43 28 1 2
26 37 50 9 110 98 37 57 58 119 57 118 37 112 25 67 109 11 86 43
32 94 52 41 8 100 79 7 104 115 79 24 21 14 44 27 79 58 60 27
30 34 68 97 59 40 8 109 102 74 70 66 63 29 110 93 33 81 77 68
0 16 24 22 16 22 17 21 21 17 17 17 16 24 17 19 23 20
16 0 17 25 19 22 20 24 24 19 21 15 17 23 17 20 21 16
24 17 0 17 24 18 18 24 22 20 22 19 22 22 20 15 23 15
22 25 17 0 25 17 20 17 16 23 22 25 17 21 22 19 23 22
16 19 24 25 0 23 25 23 25 24 16 16 17 21 20 21 23 20
22 22 18 17 23 0 25 16 20 23 18 24 21 24 17 20 18 17
17 20 18 20 25 25 0 18 15 21 25 21 15 23 24 24 24 19
21 24 24 17 23 16 18 0 22 21 22 23 20 23 21 19 16 22
21 24 22 16 25 20 15 22 0 17 15 23 25 22 25 17 18 17
17 19 20 23 24 23 21 21 17 0 15 19 16 18 23 20 20 20
17 21 22 22 16 18 25 22 15 15 0 22 24 15 23 21 23 19
17 15 19 25 16 24 21 23 23 19 22 0 18 25 19 20 24 19
16 17 22 17 17 21 15 20 25 16 24 18 0 24 17 16 21 24
24 23 22 21 21 24 23 23 22 18 15 25 24 0 15 25 17 15
17 17 20 22 20 17 24 21 25 23 23 19 17 15 0 19 17 19
19 20 15 19 21 20 24 19 17 20 21 20 16 25 19 0 25 24
23 21 23 23 23 18 24 16 18 20 23 24 21 17 17 25 0 23
20 16 15 22 20 17 19 22 17 20 19 19 24 15 19 24 23 0
