16
8
105 137 93 68 39 40 119 92
100 25 142 157 42 134 62 138
59 60 59 99 92 65 3 25
109 5 82 54 80 46 66 58
58 49 123 47 58 55 9 39
30 49 28 107 112 89 33 5
8 118 59 146 30 51 34 75
72 111 103 76 58 91 122 73
150 105 113 68 124 128 92 131
70 36 75 123 110 88 10 102
45 51 27 104 3 120 66 113
53 76 99 60 19 45 25 141
116 75 147 13 89 32 39 10
102 116 126 143 34 22 1 95
151 15 146 148 51 102 20 124
54 158 40 148 60 101 43 74
0 21 21 23 18 23 19 19 23 23 19 23 24 25 22 15 23 16
21 0 19 17 18 23 15 18 19 21 22 16 23 19 22 20 19 25
21 19 0 18 16 19 20 16 23 19 15 23 22 17 20 21 17 15
23 17 18 0 22 17 19 23 18 16 23 24 23 18 15 15 22 18
18 18 16 22 0 21 25 21 15 19 19 18 24 17 18 21 23 24
23 23 19 17 21 0 25 19 15 16 22 23 16 15 19 22 18 18
19 15 20 19 25 25 0 22 25 16 21 16 21 20 17 16 18 18
19 18 16 23 21 19 22 0 22 21 17 17 25 25 24 23 15 22
23 19 23 18 15 15 25 22 0 19 23 25 15 23 15 24 23 25
23 21 19 16 19 16 16 21 19 0 22 19 17 16 19 16 22 17
19 22 15 23 19 22 21 17 23 22 0 20 15 25 25 24 20 17
23 16 23 24 18 23 16 17 25 19 20 0 23 22 16 25 16 25
24 23 22 23 24 16 21 25 15 17 15 23 0 24 20 16 22 17
25 19 17 18 17 15 20 25 23 16 25 22 24 0 18 22 15 22
22 22 20 15 18 19 17 24 15 19 25 16 20 18 0 18 22 15
15 20 21 15 21 22 16 23 24 16 24 25 16 22 18 0 15 24
23 19 17 22 23 18 18 15 23 22 20 16 22 15 22 15 0 17
16 25 15 18 24 18 18 22 25 17 17 25 17 22 15 24 17 0
