16
11
34 17 107 96 25 7 60 74 70 81 72 25 47 15 113 51
0 18 20 16 15 21 19 16 22 19 24 15 25 25 17 16 15 19
18 0 18 22 15 22 20 18 19 19 18 16 15 17 17 23 15 19
20 18 0 15 24 24 18 19 20 23 17 19 23 23 16 20 24 22
16 22 15 0 18 18 16 15 22 23 18 20 20 19 17 23 25 16
15 15 24 18 0 24 21 25 18 17 17 23 20 20 20 20 21 17
21 22 24 18 24 0 23 19 20 17 21 21 16 19 24 18 20 21
19 20 18 16 21 23 0 23 25 21 15 21 19 25 19 17 15 17
16 18 19 15 25 19 23 0 18 24 25 17 25 15 20 16 16 18
22 19 20 22 18 20 25 18 0 17 20 20 25 20 15 24 16 24
19 19 23 23 17 17 21 24 17 0 16 24 16 19 19 22 18 17
24 18 17 18 17 21 15 25 20 16 0 16 19 16 24 23 20 23
15 16 19 20 23 21 21 17 20 24 16 0 25 16 16 21 18 17
25 15 23 20 20 16 19 25 25 16 19 25 0 19 16 17 20 15
25 17 23 19 20 19 25 15 20 19 16 16 19 0 23 24 17 16
17 17 16 17 20 24 19 20 15 19 24 16 16 23 0 17 21 22
16 23 20 23 20 18 17 16 24 22 23 21 17 24 17 0 17 17
15 15 24 25 21 20 15 16 16 18 20 18 20 17 21 17 0 23
19 19 22 16 17 21 17 18 24 17 23 17 15 16 22 17 23 0
