16
26
68 49 4 56 8 46 13 89 52 84 73 64 86 56 14 39 31 76 53 65 54 25 75 63 92 114
16 11 28 80 119 79 68 9 74 60 16 58 65 24 113 109 42 43 82 36 78 1 115 81 93 53
89 39 62 40 86 104 45 4 58 13 63 105 4 51 102 77 116 104 33 46 45 103 99 114 89 45
119 19 57 26 8 45 33 13 14 2 19 42 56 96 14 25 104 16 114 41 67 71 52 70 48 31
116 62 4 3 99 107 65 41 4 44 104 92 7 118 116 58 109 117 86 100 93 118 51 5 78 64
104 96 61 60 86 63 74 100 98 29 18 18 94 92 60 48 86 55 93 8 18 89 28 58 52 112
76 14 65 99 97 52 15 79 100 99 102 62 44 79 28 1 52 25 58 120 89 71 105 39 79 2
40 41 31 1 104 114 94 109 104 108 20 44 47 41 6 24 35 59 112 66 20 18 89 15 29 61
61 76 33 82 78 120 117 11 53 76 102 52 48 119 47 70 51 90 80 20 84 115 8 13 14 91
73 52 27 92 112 1 107 10 118 32 61 60 1 89 37 3 119 51 15 33 63 33 31 54 86 96
47 76 8 77 45 60 51 40 62 25 33 15 89 26 55 68 20 82 75 9 19 101 106 67 20 98
82 70 98 3 56 93 53 34 4 120 114 2 84 50 91 55 23 112 56 89 117 74 90 53 56 100
23 46 84 77 25 80 77 66 43 13 114 84 81 56 47 10 50 88 1 65 55 78 47 59 22 37
120 55 90 100 98 3 109 69 114 102 114 16 69 55 38 101 45 42 28 110 44 25 66 23 112 49
19 17 10 60 111 17 24 110 96 107 77 15 25 20 54 66 43 27 9 54 66 22 70 2 13 51
113 116 12 73 46 76 48 14 1 112 69 72 43 81 76 10 62 112 92 69 77 83 26 113 50 88
0 25 20 20 22 22 19 18 21 15 22 16 16 19 24 20 18 24
25 0 21 20 18 24 21 22 22 21 24 21 22 16 16 15 22 16
20 21 0 18 19 16 16 21 19 23 24 24 18 16 24 15 15 15
20 20 18 0 24 24 22 20 19 24 23 19 15 22 15 21 16 24
22 18 19 24 0 21 25 23 21 20 18 22 16 21 19 18 24 20
22 24 16 24 21 0 19 22 24 15 23 23 16 16 15 20 16 19
19 21 16 22 25 19 0 21 18 20 24 17 18 23 25 23 17 20
18 22 21 20 23 22 21 0 23 23 20 19 23 22 15 22 18 19
21 22 19 19 21 24 18 23 0 21 24 24 15 21 17 17 21 21
15 21 23 24 20 15 20 23 21 0 24 18 17 17 17 24 20 24
22 24 24 23 18 23 24 20 24 24 0 20 17 17 25 22 22 24
16 21 24 19 22 23 17 19 24 18 20 0 21 25 23 18 21 16
16 22 18 15 16 16 18 23 15 17 17 21 0 25 23 22 25 24
19 16 16 22 21 16 23 22 21 17 17 25 25 0 17 19 16 22
24 16 24 15 19 15 25 15 17 17 25 23 23 17 0 23 25 20
20 15 15 21 18 20 23 22 17 24 22 18 22 19 23 0 17 24
18 22 15 16 24 16 17 18 21 20 22 21 25 16 25 17 0 15
24 16 15 24 20 19 20 19 21 24 24 16 24 22 20 24 15 0
