16
4
51 26 26 41 63 32 110 46 25 52 1 41 57 13 104 112
0 15 15 23 18 15 17 25 16 24 18 25 25 16 24 19 17 19
15 0 15 18 15 16 19 24 22 25 23 15 15 24 20 18 22 18
15 15 0 20 17 16 21 22 21 24 18 19 21 22 15 25 19 25
23 18 20 0 21 20 22 20 18 18 18 20 17 21 17 24 24 24
18 15 17 21 0 22 24 15 22 24 22 18 21 25 17 15 16 23
15 16 16 20 22 0 22 20 24 16 18 17 24 25 25 17 21 20
17 19 21 22 24 22 0 24 15 16 24 19 25 17 17 16 15 19
25 24 22 20 15 20 24 0 23 21 23 18 23 24 17 19 22 24
16 22 21 18 22 24 15 23 0 22 18 15 25 25 21 19 15 21
24 25 24 18 24 16 16 21 22 0 23 21 20 22 16 15 23 20
18 23 18 18 22 18 24 23 18 23 0 23 16 16 21 20 18 19
25 15 19 20 18 17 19 18 15 21 23 0 15 23 16 25 17 25
25 15 21 17 21 24 25 23 25 20 16 15 0 17 22 22 16 25
16 24 22 21 25 25 17 24 25 22 16 23 17 0 23 23 16 22
24 20 15 17 17 25 17 17 21 16 21 16 22 23 0 15 16 15
19 18 25 24 15 17 16 19 19 15 20 25 22 23 15 0 15 15
17 22 19 24 16 21 15 22 15 23 18 17 16 16 16 15 0 16
19 18 25 24 23 20 19 24 21 20 19 25 25 22 15 15 16 0
