16
26
32 16 11 32 10 37 20 40 3 34 35 40 26 38 14 29 21 30 29 27 10 39 9 1 29 11
6 21 35 7 1 13 8 5 23 27 11 29 40 37 18 2 2 7 19 4 7 10 10 33 38 40
10 27 40 32 26 4 36 14 22 40 21 8 5 3 27 7 14 6 1 19 20 13 38 21 21 23
17 20 21 28 34 5 36 19 25 25 9 15 27 37 15 40 25 18 10 24 25 16 5 25 6 32
17 23 7 22 24 25 4 23 7 39 8 38 16 4 12 8 14 25 3 3 27 21 2 25 38 20
7 40 32 40 4 36 8 6 34 26 36 15 8 33 35 19 20 37 25 17 22 25 36 30 6 23
34 9 36 34 7 38 38 37 24 34 17 4 36 33 1 38 31 31 10 25 11 2 1 37 25 36
37 18 12 28 5 30 38 27 10 1 40 17 39 6 24 39 18 13 37 17 31 13 6 23 14 19
25 12 7 4 12 22 11 20 1 16 33 25 23 39 14 14 17 1 38 13 33 23 15 10 26 14
39 21 20 34 2 31 32 25 31 2 37 10 26 27 16 37 31 30 18 8 3 27 5 16 22 22
37 19 11 14 19 7 17 16 23 23 15 27 11 13 31 8 29 39 26 18 11 11 39 28 11 10
21 12 35 1 5 20 37 30 4 8 6 27 27 18 22 32 29 24 22 17 32 4 15 34 12 26
12 14 34 37 30 5 19 14 26 35 32 8 35 21 5 16 36 12 29 33 34 1 15 13 40 27
16 7 12 21 36 1 12 14 36 31 17 11 29 30 33 9 22 15 27 40 29 20 14 15 15 2
7 17 12 25 11 21 40 23 2 34 9 2 3 32 14 11 25 18 18 38 40 40 15 36 9 19
2 5 30 12 8 3 24 10 39 29 36 5 19 20 40 5 33 38 14 1 37 24 13 35 2 11
0 20 20 16 15 21 24 25 19 16 21 24 23 18 25 19 16 24
20 0 18 15 23 22 23 21 20 17 17 24 20 17 17 25 23 16
20 18 0 16 18 19 25 24 24 19 22 18 16 18 17 25 19 24
16 15 16 0 24 21 23 19 19 15 24 25 22 15 22 17 21 16
15 23 18 24 0 20 22 25 23 22 20 23 15 15 15 20 22 20
21 22 19 21 20 0 21 16 21 23 21 23 20 20 20 18 23 22
24 23 25 23 22 21 0 22 22 22 15 20 17 25 25 15 24 22
25 21 24 19 25 16 22 0 17 20 15 24 24 24 21 16 19 16
19 20 24 19 23 21 22 17 0 15 23 16 23 18 19 19 18 15
16 17 19 15 22 23 22 20 15 0 24 23 22 22 23 25 16 24
21 17 22 24 20 21 15 15 23 24 0 23 19 21 21 23 17 17
24 24 18 25 23 23 20 24 16 23 23 0 25 17 25 22 25 21
23 20 16 22 15 20 17 24 23 22 19 25 0 25 20 16 23 25
18 17 18 15 15 20 25 24 18 22 21 17 25 0 19 21 24 18
25 17 17 22 15 20 25 21 19 23 21 25 20 19 0 16 18 23
19 25 25 17 20 18 15 16 19 25 23 22 16 21 16 0 22 19
16 23 19 21 22 23 24 19 18 16 17 25 23 24 18 22 0 20
24 16 24 16 20 22 22 16 15 24 17 21 25 18 23 19 20 0
