16
12
1 27 3 35 40 18 36 17 25 1 37 19 17 12 37 1
0 15 25 25 19 25 18 16 19 19 25 24 22 19 17 25 19 20
15 0 17 25 22 19 20 18 16 23 24 24 16 15 21 25 18 25
25 17 0 16 25 20 16 19 18 15 19 21 16 23 15 15 15 18
25 25 16 0 20 21 25 22 21 20 24 23 17 20 19 24 25 25
19 22 25 20 0 25 23 16 20 24 24 20 24 17 25 17 20 23
25 19 20 21 25 0 22 22 18 19 17 19 20 17 25 16 23 16
18 20 16 25 23 22 0 21 24 18 16 17 22 16 25 24 25 20
16 18 19 22 16 22 21 0 24 21 22 25 16 18 25 17 18 19
19 16 18 21 20 18 24 24 0 19 24 16 18 21 22 25 16 23
19 23 15 20 24 19 18 21 19 0 23 18 22 21 22 19 23 19
25 24 19 24 24 17 16 22 24 23 0 18 24 24 23 19 16 16
24 24 21 23 20 19 17 25 16 18 18 0 15 21 23 15 15 25
22 16 16 17 24 20 22 16 18 22 24 15 0 24 23 17 23 25
19 15 23 20 17 17 16 18 21 21 24 21 24 0 25 25 19 15
17 21 15 19 25 25 25 25 22 22 23 23 23 25 0 24 18 23
25 25 15 24 17 16 24 17 25 19 19 15 17 25 24 0 24 16
19 18 15 25 20 23 25 18 16 23 16 15 23 19 18 24 0 18
20 25 18 25 23 16 20 19 23 19 16 25 25 15 23 16 18 0
