16
14
28 25 33 20 2 40 17 35 34 31 37 9 1 32 15 6
0 25 23 18 20 15 17 25 16 16 18 18 18 17 23 18 16 25
25 0 17 20 20 20 24 16 21 25 22 25 23 18 25 18 15 17
23 17 0 25 24 18 25 17 17 17 20 17 19 19 15 21 21 18
18 20 25 0 24 15 21 18 19 22 16 20 16 23 25 22 25 25
20 20 24 24 0 20 16 20 23 16 20 20 16 21 25 21 25 24
15 20 18 15 20 0 22 21 18 21 15 24 22 19 25 20 24 25
17 24 25 21 16 22 0 20 16 16 23 19 17 18 15 18 22 18
25 16 17 18 20 21 20 0 25 15 25 24 22 18 24 24 15 16
16 21 17 19 23 18 16 25 0 15 19 18 25 24 23 18 22 25
16 25 17 22 16 21 16 15 15 0 17 21 22 23 22 24 18 20
18 22 20 16 20 15 23 25 19 17 0 19 19 18 20 18 17 15
18 25 17 20 20 24 19 24 18 21 19 0 18 24 16 20 24 19
18 23 19 16 16 22 17 22 25 22 19 18 0 20 19 18 21 17
17 18 19 23 21 19 18 18 24 23 18 24 20 0 17 22 22 21
23 25 15 25 25 25 15 24 23 22 20 16 19 17 0 22 22 19
18 18 21 22 21 20 18 24 18 24 18 20 18 22 22 0 17 25
16 15 21 25 25 24 22 15 22 18 17 24 21 22 22 17 0 19
25 17 18 25 24 25 18 16 25 20 15 19 17 21 19 25 19 0
