16
15
8 16 31 16 3 13 40 2 31 25 10 40 10 32 23 28
0 20 18 20 20 19 20 21 21 23 15 25 21 20 16 23 17 23
20 0 25 17 23 25 17 25 23 19 16 15 25 18 15 20 22 24
18 25 0 18 22 15 20 21 20 17 21 23 24 25 18 17 24 20
20 17 18 0 23 16 24 21 15 23 23 20 19 15 21 20 21 16
20 23 22 23 0 24 15 20 25 22 16 23 23 17 16 22 21 18
19 25 15 16 24 0 25 24 17 25 25 20 24 22 22 15 22 17
20 17 20 24 15 25 0 20 19 22 16 16 19 24 25 15 21 20
21 25 21 21 20 24 20 0 24 25 16 17 19 23 21 19 24 17
21 23 20 15 25 17 19 24 0 19 22 23 18 24 21 17 23 24
23 19 17 23 22 25 22 25 19 0 19 16 16 23 22 16 17 18
15 16 21 23 16 25 16 16 22 19 0 21 15 16 15 24 24 21
25 15 23 20 23 20 16 17 23 16 21 0 16 21 21 21 17 20
21 25 24 19 23 24 19 19 18 16 15 16 0 19 20 16 25 24
20 18 25 15 17 22 24 23 24 23 16 21 19 0 21 19 21 17
16 15 18 21 16 22 25 21 21 22 15 21 20 21 0 17 16 23
23 20 17 20 22 15 15 19 17 16 24 21 16 19 17 0 19 18
17 22 24 21 21 22 21 24 23 17 24 17 25 21 16 19 0 16
23 24 20 16 18 17 20 17 24 18 21 20 24 17 23 18 16 0
