16
18
24 18 45 112 10 36 94 2 27 105 38 100 95 119 33 113 90 26
99 112 27 79 45 43 98 35 49 9 70 81 12 51 42 14 51 53
11 75 114 98 86 89 21 64 83 80 62 80 78 74 78 109 24 48
110 26 117 67 92 97 91 26 73 68 3 14 54 12 103 95 26 15
14 23 95 103 111 87 111 19 103 108 81 12 109 94 58 27 54 87
107 97 39 45 24 94 32 6 106 1 74 39 11 39 15 51 41 75
56 102 38 73 79 60 99 43 64 39 78 66 97 105 74 1 46 97
12 88 78 72 40 49 22 21 69 55 80 80 119 4 40 74 12 117
79 112 105 94 102 113 78 52 107 46 72 69 90 68 56 64 67 57
10 93 74 117 106 37 26 55 61 35 50 95 3 60 60 18 90 46
112 97 4 61 106 92 86 110 22 35 8 84 46 93 71 31 78 3
48 48 22 110 110 14 109 118 103 96 40 93 18 102 78 90 16 1
71 29 118 5 69 120 14 36 90 98 46 52 58 101 16 4 11 66
51 9 21 15 116 98 74 117 71 33 24 31 38 94 67 65 63 34
53 18 66 23 80 15 106 23 31 72 119 63 21 7 28 119 41 98
20 82 87 61 109 104 99 31 81 105 50 26 80 64 71 5 11 68
0 21 20 19 25 16 17 16 23 24 15 22 20 19 25 18 24 18
21 0 16 21 17 25 16 18 24 23 25 19 19 24 19 22 22 19
20 16 0 19 16 16 23 16 24 22 15 25 19 25 19 22 17 25
19 21 19 0 24 25 19 25 20 24 17 17 19 24 19 25 17 17
25 17 16 24 0 16 15 18 24 22 25 24 18 15 21 21 19 25
16 25 16 25 16 0 17 24 16 17 22 18 19 16 24 16 23 17
17 16 23 19 15 17 0 15 22 15 18 18 20 25 23 22 15 22
16 18 16 25 18 24 15 0 25 21 23 25 16 15 15 15 25 24
23 24 24 20 24 16 22 25 0 17 18 18 23 21 16 17 18 23
24 23 22 24 22 17 15 21 17 0 21 21 21 19 22 15 25 20
15 25 15 17 25 22 18 23 18 21 0 23 22 19 15 16 20 22
22 19 25 17 24 18 18 25 18 21 23 0 24 17 17 16 20 21
20 19 19 19 18 19 20 16 23 21 22 24 0 25 18 16 20 16
19 24 25 24 15 16 25 15 21 19 19 17 25 0 25 23 21 18
25 19 19 19 21 24 23 15 16 22 15 17 18 25 0 18 18 24
18 22 22 25 21 16 22 15 17 15 16 16 16 23 18 0 23 22
24 22 17 17 19 23 15 25 18 25 20 20 20 21 18 23 0 21
18 19 25 17 25 17 22 24 23 20 22 21 16 18 24 22 21 0
