16
10
11 15 12 40 14 11 22 5 24 7 27 16 25 10 12 34
0 19 19 17 25 23 25 20 21 16 20 21 18 21 21 16 19 25
19 0 17 25 19 17 24 17 20 23 22 25 16 19 15 23 20 21
19 17 0 23 17 19 24 19 19 19 15 19 17 20 24 24 17 16
17 25 23 0 16 24 18 23 25 15 16 23 20 25 20 25 15 24
25 19 17 16 0 23 16 18 16 17 22 23 21 21 21 19 16 25
23 17 19 24 23 0 20 25 25 21 19 24 19 23 23 21 25 17
25 24 24 18 16 20 0 20 17 18 21 22 23 17 19 24 20 18
20 17 19 23 18 25 20 0 24 17 23 20 18 19 15 17 23 16
21 20 19 25 16 25 17 24 0 16 22 22 25 25 24 21 17 17
16 23 19 15 17 21 18 17 16 0 19 23 21 15 24 25 25 22
20 22 15 16 22 19 21 23 22 19 0 18 20 22 25 24 16 19
21 25 19 23 23 24 22 20 22 23 18 0 25 25 20 18 16 22
18 16 17 20 21 19 23 18 25 21 20 25 0 22 20 21 24 21
21 19 20 25 21 23 17 19 25 15 22 25 22 0 18 19 25 17
21 15 24 20 21 23 19 15 24 24 25 20 20 18 0 19 24 17
16 23 24 25 19 21 24 17 21 25 24 18 21 19 19 0 21 18
19 20 17 15 16 25 20 23 17 25 16 16 24 25 24 21 0 17
25 21 16 24 25 17 18 16 17 22 19 22 21 17 17 18 17 0
