16
24
35 36 9 11 8 16 27 34 33 24 6 33 29 35 11 32 11 22 25 35 20 9 25 7
18 15 36 11 17 7 19 30 21 15 9 20 26 31 7 14 36 37 29 11 18 11 11 18
26 24 40 26 26 34 18 28 26 17 39 9 37 11 27 19 27 20 16 38 7 1 5 9
34 5 13 24 27 23 30 7 22 40 15 18 34 7 29 26 32 20 1 14 28 4 22 10
28 16 23 10 40 16 22 21 6 32 4 39 15 9 17 25 5 1 16 37 38 21 13 6
40 34 39 24 29 28 22 2 35 22 5 12 15 4 15 20 32 15 11 3 38 17 29 4
14 22 5 23 34 21 4 31 22 20 7 3 38 23 5 35 26 22 40 40 12 34 9 26
34 28 14 31 13 32 5 36 5 7 29 16 7 38 37 16 13 15 29 32 19 7 32 39
40 40 39 32 10 11 13 14 4 19 36 25 15 22 22 2 1 33 31 37 6 19 29 38
12 16 38 18 7 15 28 28 14 35 25 35 28 36 28 20 8 3 26 5 30 16 10 28
17 27 13 12 6 29 39 38 18 4 14 19 19 2 12 6 16 21 19 16 36 40 39 2
14 31 3 14 29 7 19 9 7 37 2 38 40 27 11 13 26 17 11 20 10 15 6 4
38 40 13 2 27 23 4 32 35 2 30 10 31 26 6 4 19 5 23 36 36 12 7 9
4 33 32 37 1 19 16 25 30 35 10 36 11 6 32 31 37 1 18 23 34 1 4 34
16 4 2 21 1 27 30 8 12 12 20 7 28 31 23 23 6 5 27 20 28 25 14 3
25 21 9 18 19 30 10 35 2 28 8 18 30 3 26 39 1 20 5 13 40 34 34 28
0 25 16 19 21 21 25 23 18 17 16 23 20 20 25 20 25 18
25 0 19 25 20 17 25 20 25 22 18 20 25 19 22 18 19 18
16 19 0 24 16 21 22 22 21 17 16 15 17 15 25 25 23 23
19 25 24 0 16 15 18 19 24 18 19 19 16 25 15 22 22 16
21 20 16 16 0 18 21 19 20 24 22 22 18 20 21 23 19 22
21 17 21 15 18 0 24 24 16 16 23 25 24 15 19 24 15 22
25 25 22 18 21 24 0 24 22 17 19 15 20 24 20 21 17 22
23 20 22 19 19 24 24 0 18 16 22 18 16 17 19 23 22 18
18 25 21 24 20 16 22 18 0 25 19 15 19 25 20 23 18 25
17 22 17 18 24 16 17 16 25 0 23 17 20 18 17 22 17 16
16 18 16 19 22 23 19 22 19 23 0 19 23 23 20 16 16 15
23 20 15 19 22 25 15 18 15 17 19 0 20 20 15 15 22 25
20 25 17 16 18 24 20 16 19 20 23 20 0 20 22 25 23 19
20 19 15 25 20 15 24 17 25 18 23 20 20 0 19 21 24 21
25 22 25 15 21 19 20 19 20 17 20 15 22 19 0 25 20 24
20 18 25 22 23 24 21 23 23 22 16 15 25 21 25 0 23 20
25 19 23 22 19 15 17 22 18 17 16 22 23 24 20 23 0 18
18 18 23 16 22 22 22 18 25 16 15 25 19 21 24 20 18 0
