16
8
3 31 152 50 124 56 13 62 125 49 12 130 148 8 18 136
0 24 22 19 21 16 23 19 17 24 18 22 18 22 18 18 17 16
24 0 15 25 22 24 18 23 23 16 22 20 21 23 19 25 22 20
22 15 0 22 19 23 25 21 18 16 22 25 19 20 16 15 18 22
19 25 22 0 16 17 15 21 16 15 22 19 25 21 19 20 23 25
21 22 19 16 0 24 23 23 15 16 15 20 19 22 23 19 25 24
16 24 23 17 24 0 16 22 24 22 23 16 17 22 16 18 21 16
23 18 25 15 23 16 0 17 22 21 22 20 19 22 18 18 18 18
19 23 21 21 23 22 17 0 19 15 20 17 22 15 19 21 20 16
17 23 18 16 15 24 22 19 0 21 25 22 23 24 19 22 17 21
24 16 16 15 16 22 21 15 21 0 18 22 19 15 21 22 18 21
18 22 22 22 15 23 22 20 25 18 0 25 18 17 15 18 20 21
22 20 25 19 20 16 20 17 22 22 25 0 25 16 16 19 24 24
18 21 19 25 19 17 19 22 23 19 18 25 0 25 21 16 23 24
22 23 20 21 22 22 22 15 24 15 17 16 25 0 18 18 22 16
18 19 16 19 23 16 18 19 19 21 15 16 21 18 0 16 24 25
18 25 15 20 19 18 18 21 22 22 18 19 16 18 16 0 15 15
17 22 18 23 25 21 18 20 17 18 20 24 23 22 24 15 0 23
16 20 22 25 24 16 18 16 21 21 21 24 24 16 25 15 23 0
