16
4
118 114 48 2
51 25 40 9
58 1 97 40
33 115 91 92
114 45 55 120
53 33 109 93
100 66 116 114
119 39 96 64
6 79 81 73
96 99 107 92
49 8 77 88
103 87 96 6
36 16 79 15
43 11 76 29
47 15 112 94
41 44 99 34
0 25 25 15 18 19 21 22 18 19 17 21 19 21 18 20 19 21
25 0 23 18 17 25 22 21 17 17 23 24 25 19 20 24 18 21
25 23 0 19 21 23 21 17 25 23 18 22 15 15 19 23 24 20
15 18 19 0 24 16 18 21 20 16 22 18 18 17 20 17 20 18
18 17 21 24 0 21 20 17 17 23 23 21 19 15 25 17 21 18
19 25 23 16 21 0 18 25 16 24 23 21 19 20 24 23 18 19
21 22 21 18 20 18 0 22 20 17 15 17 25 23 21 23 16 16
22 21 17 21 17 25 22 0 15 20 20 20 24 15 21 20 25 19
18 17 25 20 17 16 20 15 0 16 25 22 15 17 17 19 25 16
19 17 23 16 23 24 17 20 16 0 15 17 21 22 20 17 18 17
17 23 18 22 23 23 15 20 25 15 0 17 16 18 15 15 22 19
21 24 22 18 21 21 17 20 22 17 17 0 23 17 19 25 22 24
19 25 15 18 19 19 25 24 15 21 16 23 0 25 18 22 21 17
21 19 15 17 15 20 23 15 17 22 18 17 25 0 22 22 16 24
18 20 19 20 25 24 21 21 17 20 15 19 18 22 0 16 15 15
20 24 23 17 17 23 23 20 19 17 15 25 22 22 16 0 24 18
19 18 24 20 21 18 16 25 25 18 22 22 21 16 15 24 0 19
21 21 20 18 18 19 16 19 16 17 19 24 17 24 15 18 19 0
