16
12
114 158 137 37 75 157 30 35 17 123 17 80
31 137 92 85 142 28 16 86 82 108 3 41
134 122 105 56 22 85 130 69 4 39 97 88
111 88 38 39 22 43 50 97 123 29 44 91
13 2 71 2 7 50 42 86 109 106 103 71
45 50 67 62 56 59 125 53 116 102 2 143
147 6 124 125 122 113 145 68 143 128 107 107
156 25 70 24 109 150 25 22 154 16 122 29
119 108 75 125 73 47 125 95 104 56 153 113
48 56 64 54 42 50 19 141 123 22 23 81
61 155 53 133 78 7 157 67 111 120 112 117
20 70 104 84 137 97 70 92 147 14 93 112
68 66 101 83 69 135 151 111 119 122 117 106
1 120 133 67 108 149 93 74 39 44 40 114
75 155 55 43 4 66 29 151 77 29 132 4
124 106 115 29 1 13 10 124 78 5 67 47
0 22 22 23 21 24 15 23 16 17 25 16 17 25 23 17 25 17
22 0 19 24 17 16 19 18 23 15 16 19 23 25 25 17 15 25
22 19 0 17 15 21 17 18 23 15 18 20 21 21 23 23 16 22
23 24 17 0 18 20 22 22 15 21 17 15 16 17 23 16 19 22
21 17 15 18 0 16 22 19 15 24 25 19 20 19 24 21 16 22
24 16 21 20 16 0 22 15 19 23 22 20 20 23 23 16 16 23
15 19 17 22 22 22 0 16 22 21 18 23 21 23 24 24 25 21
23 18 18 22 19 15 16 0 23 25 23 18 22 19 19 23 24 24
16 23 23 15 15 19 22 23 0 20 20 17 16 18 22 19 25 15
17 15 15 21 24 23 21 25 20 0 15 16 15 20 16 18 20 15
25 16 18 17 25 22 18 23 20 15 0 21 24 25 22 15 16 15
16 19 20 15 19 20 23 18 17 16 21 0 25 17 16 15 21 17
17 23 21 16 20 20 21 22 16 15 24 25 0 16 24 19 21 25
25 25 21 17 19 23 23 19 18 20 25 17 16 0 20 16 19 24
23 25 23 23 24 23 24 19 22 16 22 16 24 20 0 21 24 16
17 17 23 16 21 16 24 23 19 18 15 15 19 16 21 0 15 24
25 15 16 19 16 16 25 24 25 20 16 21 21 19 24 15 0 21
17 25 22 22 22 23 21 24 15 15 15 17 25 24 16 24 21 0
