16
12
128 16 141 97 5 84 91 48 18 73 113 73 18 33 141 51
0 20 24 16 21 16 23 22 17 24 17 18 25 22 17 20 17 16
20 0 18 24 18 19 22 23 15 25 19 20 18 24 25 17 18 21
24 18 0 20 20 20 22 20 16 25 25 20 16 18 15 16 17 22
16 24 20 0 16 17 18 15 22 19 24 18 18 20 15 23 24 19
21 18 20 16 0 15 15 24 19 24 20 22 15 24 22 19 15 20
16 19 20 17 15 0 25 19 21 21 25 16 17 15 22 17 21 22
23 22 22 18 15 25 0 21 25 19 21 24 15 18 17 20 21 17
22 23 20 15 24 19 21 0 18 22 25 15 25 19 18 20 17 16
17 15 16 22 19 21 25 18 0 23 19 21 20 19 17 22 21 24
24 25 25 19 24 21 19 22 23 0 18 19 23 20 15 23 20 23
17 19 25 24 20 25 21 25 19 18 0 25 19 16 18 18 24 20
18 20 20 18 22 16 24 15 21 19 25 0 15 15 25 18 18 23
25 18 16 18 15 17 15 25 20 23 19 15 0 22 22 20 16 17
22 24 18 20 24 15 18 19 19 20 16 15 22 0 18 20 15 21
17 25 15 15 22 22 17 18 17 15 18 25 22 18 0 24 15 18
20 17 16 23 19 17 20 20 22 23 18 18 20 20 24 0 25 22
17 18 17 24 15 21 21 17 21 20 24 18 16 15 15 25 0 24
16 21 22 19 20 22 17 16 24 23 20 23 17 21 18 22 24 0
