16
26
116 25 128 110 90 146 26 105 70 74 58 147 90 63 10 155 4 111 60 53 45 93 93 81 125 110
146 55 28 150 116 13 81 88 60 71 110 129 73 52 84 136 101 149 142 53 20 158 144 71 121 91
146 119 102 126 39 16 147 68 41 98 156 74 12 127 160 128 25 101 20 96 27 120 65 53 84 70
37 91 25 16 82 101 35 152 54 70 133 49 90 149 42 124 153 128 133 42 12 125 51 35 5 33
83 69 154 79 41 27 89 83 127 36 20 44 65 58 105 57 11 69 122 3 158 147 150 114 122 48
27 76 39 34 121 96 25 20 1 66 38 22 19 102 150 139 8 71 17 68 69 78 72 100 15 80
71 41 4 45 33 121 47 94 82 87 120 118 88 8 66 136 77 70 49 9 144 8 97 63 51 25
127 31 94 14 76 120 12 115 56 90 88 1 130 130 114 69 47 114 51 76 47 116 43 67 50 91
66 4 133 84 14 69 65 61 44 14 36 115 98 116 71 88 81 76 142 4 141 107 127 31 41 90
8 33 94 140 123 34 55 75 97 55 92 38 132 87 85 24 155 99 104 17 150 156 43 60 141 150
77 153 129 125 84 152 54 46 76 138 28 155 124 5 3 149 102 81 24 144 54 107 67 28 40 131
54 34 29 91 55 130 92 11 51 5 94 21 83 26 73 13 73 92 36 21 51 86 48 153 40 73
146 122 79 111 143 67 62 23 66 83 89 19 4 157 112 118 98 20 17 135 21 94 10 129 86 97
95 88 46 45 58 26 105 127 138 74 73 83 149 14 120 34 5 114 144 119 154 33 119 22 148 63
37 100 71 145 119 153 124 20 146 84 101 109 56 103 96 6 72 154 127 3 103 118 119 143 149 10
27 1 97 32 108 158 109 25 109 23 139 68 122 110 152 58 97 55 12 76 49 148 41 122 48 126
0 18 19 18 16 21 19 17 16 17 19 16 16 21 18 21 18 19
18 0 15 21 23 21 24 24 15 22 20 21 22 19 25 20 16 23
19 15 0 24 25 20 20 15 20 16 22 24 23 24 23 17 25 18
18 21 24 0 18 17 24 24 24 21 24 15 19 19 21 24 22 23
16 23 25 18 0 17 23 18 22 15 20 25 22 17 23 16 16 16
21 21 20 17 17 0 15 17 24 17 16 16 15 15 18 17 20 18
19 24 20 24 23 15 0 19 17 25 15 24 25 18 23 21 20 20
17 24 15 24 18 17 19 0 20 16 17 21 20 20 21 18 16 21
16 15 20 24 22 24 17 20 0 16 15 17 19 16 16 25 16 25
17 22 16 21 15 17 25 16 16 0 21 18 22 19 19 20 21 22
19 20 22 24 20 16 15 17 15 21 0 21 17 19 20 16 17 19
16 21 24 15 25 16 24 21 17 18 21 0 19 21 17 19 23 25
16 22 23 19 22 15 25 20 19 22 17 19 0 20 21 19 19 24
21 19 24 19 17 15 18 20 16 19 19 21 20 0 24 17 15 19
18 25 23 21 23 18 23 21 16 19 20 17 21 24 0 20 23 24
21 20 17 24 16 17 21 18 25 20 16 19 19 17 20 0 24 17
18 16 25 22 16 20 20 16 16 21 17 23 19 15 23 24 0 25
19 23 18 23 16 18 20 21 25 22 19 25 24 19 24 17 25 0
