16
5
42 36 41 68 41 11 15 28 23 13 15 26 62 68 37 29
0 19 17 23 21 17 23 24 18 20 22 24 15 24 24 19 21 25
19 0 19 21 24 19 25 19 25 24 15 19 23 18 25 15 22 16
17 19 0 24 21 15 24 15 18 15 15 21 20 16 22 23 22 22
23 21 24 0 16 18 23 22 24 20 24 25 18 20 18 24 20 16
21 24 21 16 0 18 16 16 16 25 19 17 17 20 19 22 20 23
17 19 15 18 18 0 25 18 18 25 24 18 21 19 16 15 25 21
23 25 24 23 16 25 0 19 19 15 16 25 21 24 16 23 22 25
24 19 15 22 16 18 19 0 22 16 18 25 17 22 21 18 17 15
18 25 18 24 16 18 19 22 0 23 15 24 24 17 24 19 18 17
20 24 15 20 25 25 15 16 23 0 18 17 16 20 24 21 21 24
22 15 15 24 19 24 16 18 15 18 0 15 20 15 15 19 16 25
24 19 21 25 17 18 25 25 24 17 15 0 17 21 18 24 25 19
15 23 20 18 17 21 21 17 24 16 20 17 0 25 16 24 22 25
24 18 16 20 20 19 24 22 17 20 15 21 25 0 25 17 22 20
24 25 22 18 19 16 16 21 24 24 15 18 16 25 0 15 15 15
19 15 23 24 22 15 23 18 19 21 19 24 24 17 15 0 18 23
21 22 22 20 20 25 22 17 18 21 16 25 22 22 15 18 0 21
25 16 22 16 23 21 25 15 17 24 25 19 25 20 15 23 21 0
