16
20
150 43 55 124 7 75 4 38 110 102 8 69 96 61 1 20 90 97 50 99
26 117 144 28 107 83 4 45 25 21 82 67 151 64 62 68 76 62 152 5
134 139 130 135 66 157 120 101 50 62 9 33 49 59 118 112 95 89 48 155
156 75 31 159 42 127 2 52 119 11 88 89 66 69 70 143 116 78 40 106
21 97 107 23 143 134 23 153 63 22 63 55 48 3 81 8 98 42 94 119
144 76 84 129 71 89 121 94 55 77 41 146 141 61 157 84 91 71 99 135
108 83 41 151 44 61 101 48 92 30 33 149 111 54 67 154 57 104 38 151
101 5 68 132 56 58 27 38 107 1 100 19 32 73 57 23 72 80 15 105
30 79 59 86 89 89 154 64 134 156 61 132 44 20 145 155 59 62 67 112
7 133 149 35 64 78 82 67 124 67 142 82 142 46 112 41 17 106 122 35
60 16 79 13 26 83 68 129 118 32 44 104 42 19 8 97 122 51 14 51
15 16 43 131 69 16 88 80 74 124 23 143 153 127 76 127 48 154 107 17
126 140 111 153 21 124 45 76 71 126 10 141 29 26 155 61 31 113 111 95
41 56 56 88 46 157 42 10 132 146 113 17 52 48 15 116 68 20 35 39
113 157 53 56 151 62 11 17 114 20 25 116 33 136 88 137 113 133 46 123
5 38 53 88 119 18 17 129 116 128 63 36 96 86 142 80 64 112 45 70
0 17 22 24 21 19 15 23 16 25 24 24 20 25 20 16 24 19
17 0 18 21 17 19 15 19 17 17 19 16 22 17 24 24 16 15
22 18 0 24 23 18 16 23 19 21 17 25 20 15 18 22 15 19
24 21 24 0 15 17 18 22 24 23 19 23 23 20 19 18 15 16
21 17 23 15 0 17 21 19 23 16 19 15 24 25 19 21 23 20
19 19 18 17 17 0 23 22 19 21 19 23 20 18 19 16 16 15
15 15 16 18 21 23 0 25 18 16 15 17 16 18 25 15 19 18
23 19 23 22 19 22 25 0 15 18 20 21 16 15 24 19 22 22
16 17 19 24 23 19 18 15 0 18 19 18 20 22 24 18 21 20
25 17 21 23 16 21 16 18 18 0 25 23 24 21 21 19 22 18
24 19 17 19 19 19 15 20 19 25 0 17 23 15 20 22 15 16
24 16 25 23 15 23 17 21 18 23 17 0 20 22 23 15 21 17
20 22 20 23 24 20 16 16 20 24 23 20 0 24 25 21 20 18
25 17 15 20 25 18 18 15 22 21 15 22 24 0 16 19 25 20
20 24 18 19 19 19 25 24 24 21 20 23 25 16 0 15 17 18
16 24 22 18 21 16 15 19 18 19 22 15 21 19 15 0 15 16
24 16 15 15 23 16 19 22 21 22 15 21 20 25 17 15 0 24
19 15 19 16 20 15 18 22 20 18 16 17 18 20 18 16 24 0
