16
7
29 81 116 81 92 34 120 70 91 74 64 3 28 36 18 11
0 18 23 15 20 23 19 18 22 23 19 15 19 21 23 20 18 20
18 0 15 21 16 25 25 24 15 22 21 18 21 22 19 21 20 21
23 15 0 25 18 20 22 21 19 19 23 24 19 18 25 25 19 25
15 21 25 0 21 21 16 23 15 21 20 21 24 17 25 21 23 22
20 16 18 21 0 15 23 19 17 20 24 19 25 18 23 21 21 16
23 25 20 21 15 0 17 17 18 17 21 17 16 25 23 16 22 18
19 25 22 16 23 17 0 25 20 23 25 18 20 19 19 22 23 15
18 24 21 23 19 17 25 0 16 24 22 23 19 23 17 24 21 24
22 15 19 15 17 18 20 16 0 24 25 21 19 21 24 23 16 15
23 22 19 21 20 17 23 24 24 0 23 24 22 19 23 16 21 21
19 21 23 20 24 21 25 22 25 23 0 19 21 18 16 19 17 15
15 18 24 21 19 17 18 23 21 24 19 0 21 17 16 23 19 15
19 21 19 24 25 16 20 19 19 22 21 21 0 21 19 23 17 25
21 22 18 17 18 25 19 23 21 19 18 17 21 0 24 18 15 15
23 19 25 25 23 23 19 17 24 23 16 16 19 24 0 23 17 19
20 21 25 21 21 16 22 24 23 16 19 23 23 18 23 0 17 20
18 20 19 23 21 22 23 21 16 21 17 19 17 15 17 17 0 20
20 21 25 22 16 18 15 24 15 21 15 15 25 15 19 20 20 0
