16
10
83 4 9 93 9 105 89 4 24 141
116 15 58 89 153 79 111 51 70 45
27 2 71 22 110 14 104 75 158 129
123 2 74 14 99 126 28 102 66 104
81 122 104 48 136 97 69 70 109 72
58 23 45 151 42 13 158 132 42 84
148 125 76 29 69 116 99 158 43 11
57 113 136 150 85 90 89 80 12 157
111 158 75 11 153 154 21 114 45 49
79 7 75 66 22 80 139 108 94 123
109 141 137 52 102 105 87 154 101 130
76 18 105 127 123 147 78 146 51 11
38 20 60 102 75 21 81 35 29 80
114 53 157 99 159 55 64 87 65 30
97 97 14 98 20 73 63 44 141 49
133 56 51 82 55 43 96 89 45 103
0 17 22 25 18 21 23 21 20 19 21 24 20 16 20 22 16 19
17 0 24 20 15 16 19 18 16 16 25 25 22 25 24 16 23 18
22 24 0 17 19 22 23 16 25 17 15 20 17 22 18 23 19 23
25 20 17 0 25 19 21 20 19 16 16 22 15 18 15 25 18 18
18 15 19 25 0 23 15 20 23 17 16 25 16 17 17 18 16 24
21 16 22 19 23 0 15 22 24 22 16 24 17 16 22 25 19 18
23 19 23 21 15 15 0 15 19 16 24 16 17 22 23 18 22 25
21 18 16 20 20 22 15 0 15 20 20 18 18 19 16 25 15 22
20 16 25 19 23 24 19 15 0 18 23 22 23 24 18 19 19 20
19 16 17 16 17 22 16 20 18 0 16 19 25 18 15 18 15 21
21 25 15 16 16 16 24 20 23 16 0 19 19 15 18 21 16 21
24 25 20 22 25 24 16 18 22 19 19 0 23 21 20 15 16 15
20 22 17 15 16 17 17 18 23 25 19 23 0 18 16 24 17 16
16 25 22 18 17 16 22 19 24 18 15 21 18 0 22 21 23 25
20 24 18 15 17 22 23 16 18 15 18 20 16 22 0 22 21 17
22 16 23 25 18 25 18 25 19 18 21 15 24 21 22 0 20 23
16 23 19 18 16 19 22 15 19 15 16 16 17 23 21 20 0 16
19 18 23 18 24 18 25 22 20 21 21 15 16 25 17 23 16 0
