16
9
14 20 15 9 1 38 35 38 11 26 13 37 39 33 22 30
0 15 20 19 20 22 19 18 17 22 18 23 21 23 25 16 23 16
15 0 15 19 21 15 20 17 19 24 25 25 15 16 19 21 16 25
20 15 0 23 17 22 16 19 24 19 22 23 18 23 25 15 21 17
19 19 23 0 19 15 23 24 22 21 16 23 25 22 20 15 17 17
20 21 17 19 0 19 19 25 21 15 24 20 22 20 17 20 19 21
22 15 22 15 19 0 17 17 21 18 17 19 17 23 18 17 15 24
19 20 16 23 19 17 0 24 22 20 17 16 23 17 15 24 21 20
18 17 19 24 25 17 24 0 17 18 22 24 16 25 15 21 23 19
17 19 24 22 21 21 22 17 0 17 17 19 23 19 19 15 20 19
22 24 19 21 15 18 20 18 17 0 19 21 23 16 17 20 19 20
18 25 22 16 24 17 17 22 17 19 0 18 24 25 22 16 22 22
23 25 23 23 20 19 16 24 19 21 18 0 22 23 15 16 16 20
21 15 18 25 22 17 23 16 23 23 24 22 0 19 15 25 15 19
23 16 23 22 20 23 17 25 19 16 25 23 19 0 24 19 18 15
25 19 25 20 17 18 15 15 19 17 22 15 15 24 0 23 18 15
16 21 15 15 20 17 24 21 15 20 16 16 25 19 23 0 20 18
23 16 21 17 19 15 21 23 20 19 22 16 15 18 18 20 0 21
16 25 17 17 21 24 20 19 19 20 22 20 19 15 15 18 21 0
