16
6
57 7 74 45 33 58 3 66 70 57 24 74 70 64 39 44
0 21 17 15 19 18 16 21 18 22 20 15 25 17 17 20 25 19
21 0 15 17 22 20 21 21 17 23 25 18 17 23 22 23 16 22
17 15 0 18 16 23 25 18 22 22 22 17 23 17 21 16 22 21
15 17 18 0 15 16 16 18 23 17 21 21 17 19 16 23 23 15
19 22 16 15 0 24 15 25 18 20 18 25 25 15 19 21 16 21
18 20 23 16 24 0 22 21 22 18 25 22 20 15 16 23 16 16
16 21 25 16 15 22 0 16 24 20 19 19 24 20 21 24 19 21
21 21 18 18 25 21 16 0 17 16 19 21 20 25 19 17 16 20
18 17 22 23 18 22 24 17 0 23 24 19 23 16 24 23 24 25
22 23 22 17 20 18 20 16 23 0 18 25 25 21 15 18 24 22
20 25 22 21 18 25 19 19 24 18 0 22 22 25 15 21 24 15
15 18 17 21 25 22 19 21 19 25 22 0 22 19 25 15 20 18
25 17 23 17 25 20 24 20 23 25 22 22 0 25 24 18 22 15
17 23 17 19 15 15 20 25 16 21 25 19 25 0 15 20 23 18
17 22 21 16 19 16 21 19 24 15 15 25 24 15 0 16 25 15
20 23 16 23 21 23 24 17 23 18 21 15 18 20 16 0 23 24
25 16 22 23 16 16 19 16 24 24 24 20 22 23 25 23 0 25
19 22 21 15 21 16 21 20 25 22 15 18 15 18 15 24 25 0
