16
14
9 96 85 103 64 18 19 99 18 47 89 28 103 99
111 62 108 87 99 51 20 63 112 35 10 46 112 45
44 18 47 104 103 22 82 46 3 67 48 26 85 75
5 32 30 100 76 34 68 21 9 83 55 2 68 32
37 55 18 45 119 65 34 5 23 44 103 16 97 64
62 69 103 85 40 66 62 15 89 60 47 85 64 42
26 43 96 59 97 26 92 95 7 107 68 83 67 45
111 45 2 1 8 96 35 81 82 21 66 66 117 24
25 49 5 91 23 1 24 49 54 65 25 26 14 75
106 87 79 17 17 67 6 86 79 4 55 65 18 31
5 103 50 6 95 69 19 37 1 27 98 45 63 13
50 33 98 81 51 44 120 92 21 46 29 71 75 99
29 87 36 72 29 66 66 56 59 72 83 55 37 104
44 8 4 105 21 118 19 24 115 104 99 44 49 115
63 103 44 7 97 49 105 26 11 43 112 15 7 42
15 89 76 20 97 12 5 118 3 71 107 119 64 39
0 21 21 24 25 19 18 25 20 19 18 16 21 19 20 17 19 18
21 0 17 21 25 17 15 23 25 25 15 19 19 15 15 24 16 17
21 17 0 21 21 21 17 17 19 15 19 21 19 17 15 15 25 16
24 21 21 0 16 19 23 23 25 19 25 16 25 23 15 20 18 23
25 25 21 16 0 19 20 16 19 19 18 17 16 19 18 23 20 25
19 17 21 19 19 0 25 23 15 18 24 18 17 15 22 21 25 15
18 15 17 23 20 25 0 15 22 25 23 19 24 20 25 17 15 23
25 23 17 23 16 23 15 0 22 20 23 20 16 24 20 22 15 20
20 25 19 25 19 15 22 22 0 16 25 23 24 15 24 15 21 19
19 25 15 19 19 18 25 20 16 0 21 17 21 20 17 15 22 16
18 15 19 25 18 24 23 23 25 21 0 24 17 23 23 18 17 20
16 19 21 16 17 18 19 20 23 17 24 0 15 17 24 19 24 22
21 19 19 25 16 17 24 16 24 21 17 15 0 18 21 18 21 15
19 15 17 23 19 15 20 24 15 20 23 17 18 0 15 23 17 24
20 15 15 15 18 22 25 20 24 17 23 24 21 15 0 17 23 24
17 24 15 20 23 21 17 22 15 15 18 19 18 23 17 0 25 18
19 16 25 18 20 25 15 15 21 22 17 24 21 17 23 25 0 22
18 17 16 23 25 15 23 20 19 16 20 22 15 24 24 18 22 0
