16
6
22 122 3 90 16 58
38 72 53 32 13 159
2 126 18 132 135 146
3 17 114 40 120 71
143 129 34 90 160 2
99 10 98 45 13 7
84 80 99 156 58 16
33 112 3 39 141 91
115 137 60 149 109 42
46 149 100 94 98 60
115 77 126 118 151 91
89 90 4 6 103 41
146 42 129 85 37 80
28 120 104 158 17 19
33 110 81 42 43 128
79 130 159 89 23 122
0 17 19 24 17 16 25 15 15 16 24 23 23 24 25 21 17 15
17 0 15 24 17 24 22 25 16 24 22 18 24 20 15 19 23 19
19 15 0 19 18 25 19 18 17 23 25 23 24 17 22 25 19 17
24 24 19 0 17 19 15 17 16 16 25 19 19 20 21 18 21 16
17 17 18 17 0 24 22 18 23 19 17 19 21 25 20 20 24 20
16 24 25 19 24 0 16 20 20 25 20 18 19 18 21 22 17 24
25 22 19 15 22 16 0 16 23 18 16 25 23 15 17 20 22 15
15 25 18 17 18 20 16 0 21 23 20 17 23 15 24 16 25 16
15 16 17 16 23 20 23 21 0 18 15 23 22 18 23 16 23 16
16 24 23 16 19 25 18 23 18 0 24 19 20 18 15 22 17 25
24 22 25 25 17 20 16 20 15 24 0 21 20 24 23 25 18 15
23 18 23 19 19 18 25 17 23 19 21 0 18 22 15 17 24 24
23 24 24 19 21 19 23 23 22 20 20 18 0 23 23 18 25 19
24 20 17 20 25 18 15 15 18 18 24 22 23 0 19 25 18 24
25 15 22 21 20 21 17 24 23 15 23 15 23 19 0 23 16 16
21 19 25 18 20 22 20 16 16 22 25 17 18 25 23 0 16 22
17 23 19 21 24 17 22 25 23 17 18 24 25 18 16 16 0 15
15 19 17 16 20 24 15 16 16 25 15 24 19 24 16 22 15 0
