16
10
80 32 104 119 57 54 44 51 55 85 19 4 81 82 108 38
0 20 21 24 22 18 20 21 22 24 22 19 15 24 16 19 25 24
20 0 16 25 22 24 20 25 21 18 17 18 24 23 20 17 23 16
21 16 0 15 19 25 17 18 18 24 15 16 18 15 18 16 20 19
24 25 15 0 15 21 19 20 18 22 18 22 22 15 16 15 18 20
22 22 19 15 0 16 19 19 15 18 23 22 21 23 23 25 15 17
18 24 25 21 16 0 20 23 20 23 23 15 17 16 23 19 15 17
20 20 17 19 19 20 0 25 20 19 25 24 16 18 18 25 21 23
21 25 18 20 19 23 25 0 20 23 19 17 22 24 25 17 17 17
22 21 18 18 15 20 20 20 0 16 19 19 19 24 17 21 25 20
24 18 24 22 18 23 19 23 16 0 22 15 23 20 19 23 24 18
22 17 15 18 23 23 25 19 19 22 0 23 20 23 22 18 16 19
19 18 16 22 22 15 24 17 19 15 23 0 21 17 20 24 15 19
15 24 18 22 21 17 16 22 19 23 20 21 0 19 19 20 25 16
24 23 15 15 23 16 18 24 24 20 23 17 19 0 15 19 15 25
16 20 18 16 23 23 18 25 17 19 22 20 19 15 0 19 18 20
19 17 16 15 25 19 25 17 21 23 18 24 20 19 19 0 17 18
25 23 20 18 15 15 21 17 25 24 16 15 25 15 18 17 0 16
24 16 19 20 17 17 23 17 20 18 19 19 16 25 20 18 16 0
