16
11
44 40 74 25 6 118 79 23 46 8 79 81 30 1 35 108
0 20 25 22 17 23 25 21 21 20 16 18 21 17 23 16 19 16
20 0 15 17 17 19 16 20 24 20 24 19 17 17 19 18 23 24
25 15 0 25 17 19 19 21 19 25 22 16 15 21 16 23 22 17
22 17 25 0 22 16 17 17 16 19 17 21 24 18 24 17 18 25
17 17 17 22 0 18 16 19 23 18 18 15 16 17 20 20 25 19
23 19 19 16 18 0 18 18 23 17 20 16 20 22 24 15 22 23
25 16 19 17 16 18 0 25 15 24 16 19 20 23 21 24 18 17
21 20 21 17 19 18 25 0 18 23 23 16 15 25 23 17 16 21
21 24 19 16 23 23 15 18 0 24 19 24 20 25 21 25 22 20
20 20 25 19 18 17 24 23 24 0 17 25 20 17 19 25 17 22
16 24 22 17 18 20 16 23 19 17 0 18 25 17 25 19 24 23
18 19 16 21 15 16 19 16 24 25 18 0 16 17 24 22 21 24
21 17 15 24 16 20 20 15 20 20 25 16 0 20 25 19 22 22
17 17 21 18 17 22 23 25 25 17 17 17 20 0 25 23 19 25
23 19 16 24 20 24 21 23 21 19 25 24 25 25 0 19 23 24
16 18 23 17 20 15 24 17 25 25 19 22 19 23 19 0 21 15
19 23 22 18 25 22 18 16 22 17 24 21 22 19 23 21 0 18
16 24 17 25 19 23 17 21 20 22 23 24 22 25 24 15 18 0
