16
18
76 26 22 129 45 44 33 12 52 134 129 95 156 42 1 105 101 159
94 28 151 100 48 71 80 137 93 45 60 132 51 124 160 143 137 116
52 40 156 140 58 114 131 94 98 106 135 88 118 10 63 102 28 47
108 3 112 20 107 80 8 46 102 117 111 153 49 62 120 143 147 125
101 88 146 109 49 135 155 138 151 96 76 73 41 57 29 38 92 92
92 112 49 1 2 138 118 22 69 6 153 97 59 121 45 58 43 150
116 27 155 103 68 9 5 52 27 84 55 121 28 100 109 41 41 107
134 121 116 151 124 144 115 153 16 22 144 76 16 158 58 63 79 26
91 33 140 76 77 154 24 124 64 36 137 24 142 49 123 150 134 1
140 13 91 63 29 1 106 24 53 63 106 123 121 48 128 154 87 102
75 79 27 146 55 143 34 127 117 46 94 108 88 67 61 12 65 45
88 70 96 126 70 101 28 99 37 142 152 49 18 11 140 78 5 58
36 72 151 158 55 154 85 115 117 147 83 135 153 7 74 51 91 73
137 148 136 116 9 111 43 51 144 34 100 54 84 33 139 131 110 26
129 39 102 100 8 27 138 19 56 137 17 83 97 96 43 153 69 126
134 123 45 89 50 128 69 71 143 149 117 144 82 62 21 55 58 131
0 16 21 23 23 23 25 23 17 18 22 16 16 23 21 20 18 20
16 0 23 22 20 23 19 20 24 18 16 21 16 20 22 25 22 23
21 23 0 17 22 15 17 15 20 17 17 16 19 20 25 16 16 16
23 22 17 0 25 18 19 16 20 16 24 18 17 17 22 22 21 25
23 20 22 25 0 21 23 21 22 16 17 18 25 23 16 16 16 20
23 23 15 18 21 0 21 16 24 20 17 24 16 16 15 19 24 23
25 19 17 19 23 21 0 22 17 17 17 17 18 24 17 18 25 20
23 20 15 16 21 16 22 0 22 17 25 24 21 18 25 24 24 23
17 24 20 20 22 24 17 22 0 17 19 22 21 23 17 23 15 15
18 18 17 16 16 20 17 17 17 0 25 22 19 23 22 23 17 17
22 16 17 24 17 17 17 25 19 25 0 18 23 19 21 22 21 18
16 21 16 18 18 24 17 24 22 22 18 0 20 16 15 25 17 25
16 16 19 17 25 16 18 21 21 19 23 20 0 22 20 20 24 15
23 20 20 17 23 16 24 18 23 23 19 16 22 0 20 18 25 17
21 22 25 22 16 15 17 25 17 22 21 15 20 20 0 16 22 23
20 25 16 22 16 19 18 24 23 23 22 25 20 18 16 0 18 17
18 22 16 21 16 24 25 24 15 17 21 17 24 25 22 18 0 24
20 23 16 25 20 23 20 23 15 17 18 25 15 17 23 17 24 0
