16
4
112 54 98 27 108 85 103 49 108 82 60 106 23 120 78 104
0 23 24 25 21 16 18 16 15 20 22 19 21 25 21 25 18 24
23 0 15 21 23 15 23 15 21 20 18 23 22 25 20 18 16 25
24 15 0 21 25 18 21 19 16 20 16 15 23 18 25 17 16 21
25 21 21 0 16 18 18 16 22 24 23 18 24 21 22 16 16 15
21 23 25 16 0 25 15 15 24 22 19 18 25 22 22 20 25 22
16 15 18 18 25 0 24 19 16 19 24 17 22 22 23 22 21 17
18 23 21 18 15 24 0 22 23 25 18 22 15 23 20 24 19 25
16 15 19 16 15 19 22 0 23 19 24 20 20 16 21 23 19 22
15 21 16 22 24 16 23 23 0 22 16 23 20 20 23 21 22 22
20 20 20 24 22 19 25 19 22 0 20 23 22 23 24 19 24 20
22 18 16 23 19 24 18 24 16 20 0 19 15 20 15 15 24 19
19 23 15 18 18 17 22 20 23 23 19 0 24 20 21 18 19 15
21 22 23 24 25 22 15 20 20 22 15 24 0 24 15 20 21 23
25 25 18 21 22 22 23 16 20 23 20 20 24 0 19 21 17 17
21 20 25 22 22 23 20 21 23 24 15 21 15 19 0 20 20 19
25 18 17 16 20 22 24 23 21 19 15 18 20 21 20 0 22 16
18 16 16 16 25 21 19 19 22 24 24 19 21 17 20 22 0 20
24 25 21 15 22 17 25 22 22 20 19 15 23 17 19 16 20 0
