16
5
12 56 80 44 65 18 13 34 41 2 29 2 57 80 14 29
0 16 16 23 19 24 24 16 21 23 20 21 20 21 18 23 17 18
16 0 21 22 24 24 19 21 20 16 17 24 20 23 20 15 15 17
16 21 0 16 17 18 25 20 18 16 17 20 23 23 17 17 24 16
23 22 16 0 15 21 23 16 22 16 23 22 20 18 15 15 21 19
19 24 17 15 0 17 25 15 22 23 18 22 25 25 19 19 19 16
24 24 18 21 17 0 21 25 15 22 20 15 22 19 17 22 19 20
24 19 25 23 25 21 0 21 22 21 22 18 15 19 22 18 17 21
16 21 20 16 15 25 21 0 22 16 17 17 24 25 20 25 18 15
21 20 18 22 22 15 22 22 0 17 19 20 17 18 17 17 16 21
23 16 16 16 23 22 21 16 17 0 18 23 21 18 21 16 24 20
20 17 17 23 18 20 22 17 19 18 0 25 17 19 25 22 15 18
21 24 20 22 22 15 18 17 20 23 25 0 15 24 21 21 24 18
20 20 23 20 25 22 15 24 17 21 17 15 0 21 24 25 20 22
21 23 23 18 25 19 19 25 18 18 19 24 21 0 24 20 23 20
18 20 17 15 19 17 22 20 17 21 25 21 24 24 0 20 16 19
23 15 17 15 19 22 18 25 17 16 22 21 25 20 20 0 19 16
17 15 24 21 19 19 17 18 16 24 15 24 20 23 16 19 0 16
18 17 16 19 16 20 21 15 21 20 18 18 22 20 19 16 16 0
