16
9
11 5 12 84 66 92 55 94 24 110 24 34 74 23 111 6
0 25 19 16 18 22 15 19 25 17 17 25 23 17 16 24 20 18
25 0 24 23 22 23 25 24 24 23 19 15 19 21 19 16 20 25
19 24 0 17 20 19 19 22 22 22 20 25 21 18 21 18 15 24
16 23 17 0 25 24 19 19 20 21 21 16 22 23 25 22 16 18
18 22 20 25 0 24 22 18 21 24 25 19 22 18 21 15 15 24
22 23 19 24 24 0 24 25 25 21 15 23 25 22 24 20 22 16
15 25 19 19 22 24 0 17 18 22 19 23 19 15 25 15 15 19
19 24 22 19 18 25 17 0 24 17 25 24 24 17 19 18 22 16
25 24 22 20 21 25 18 24 0 25 17 24 25 22 17 25 22 18
17 23 22 21 24 21 22 17 25 0 19 20 25 17 22 24 19 23
17 19 20 21 25 15 19 25 17 19 0 18 19 24 18 19 21 18
25 15 25 16 19 23 23 24 24 20 18 0 24 17 20 25 20 18
23 19 21 22 22 25 19 24 25 25 19 24 0 17 16 24 21 20
17 21 18 23 18 22 15 17 22 17 24 17 17 0 25 17 17 21
16 19 21 25 21 24 25 19 17 22 18 20 16 25 0 24 18 15
24 16 18 22 15 20 15 18 25 24 19 25 24 17 24 0 23 17
20 20 15 16 15 22 15 22 22 19 21 20 21 17 18 23 0 18
18 25 24 18 24 16 19 16 18 23 18 18 20 21 15 17 18 0
