16
10
95 27 101 62 145 114 19 82 75 14
132 102 102 157 69 1 148 104 2 69
159 1 135 36 41 103 70 6 123 90
132 149 70 3 1 4 94 40 88 118
153 131 32 42 129 57 153 71 69 27
92 68 119 16 48 30 155 41 145 99
124 52 54 58 59 87 124 70 132 107
124 149 137 105 6 9 104 5 50 61
76 21 86 97 84 73 49 131 81 95
96 56 109 78 69 130 96 30 84 157
154 12 150 120 25 136 132 74 108 112
10 71 86 4 118 2 36 159 52 155
98 54 76 140 57 160 65 150 112 45
10 94 147 130 38 128 154 156 24 148
160 2 36 155 5 36 98 72 68 33
58 61 111 48 7 33 86 41 136 71
0 15 21 25 15 18 25 25 22 15 21 18 25 18 22 24 17 16
15 0 24 22 22 18 17 21 17 19 17 16 18 17 18 15 20 16
21 24 0 17 20 23 16 22 15 23 16 18 24 23 17 15 18 21
25 22 17 0 19 21 17 15 20 17 21 17 19 23 25 21 19 24
15 22 20 19 0 19 20 16 17 23 18 23 20 15 17 15 25 19
18 18 23 21 19 0 15 24 21 23 16 19 18 21 25 15 18 22
25 17 16 17 20 15 0 20 21 18 19 17 16 19 24 20 16 18
25 21 22 15 16 24 20 0 19 17 18 19 21 16 21 23 20 19
22 17 15 20 17 21 21 19 0 22 21 17 20 18 19 24 23 19
15 19 23 17 23 23 18 17 22 0 21 19 25 20 24 24 25 18
21 17 16 21 18 16 19 18 21 21 0 21 23 21 18 18 20 21
18 16 18 17 23 19 17 19 17 19 21 0 15 25 20 19 18 20
25 18 24 19 20 18 16 21 20 25 23 15 0 23 16 19 19 17
18 17 23 23 15 21 19 16 18 20 21 25 23 0 22 24 25 23
22 18 17 25 17 25 24 21 19 24 18 20 16 22 0 23 22 15
24 15 15 21 15 15 20 23 24 24 18 19 19 24 23 0 15 25
17 20 18 19 25 18 16 20 23 25 20 18 19 25 22 15 0 20
16 16 21 24 19 22 18 19 19 18 21 20 17 23 15 25 20 0
