16
20
3 3 25 39 6 5 8 30 39 15 1 16 19 13 9 14 37 34 19 26
15 24 12 24 26 13 24 34 27 22 4 33 17 4 32 25 21 29 9 9
25 15 36 14 34 13 11 19 11 38 11 12 36 25 34 17 18 7 35 5
11 23 17 28 33 8 5 20 37 38 13 5 8 14 26 18 20 30 35 35
8 12 40 18 27 18 34 30 21 5 31 37 26 30 9 40 28 4 31 12
30 3 20 33 11 6 15 28 7 40 18 19 33 35 35 20 9 32 14 30
26 19 4 17 39 19 23 32 22 31 12 11 18 38 5 22 18 27 40 1
6 32 23 21 8 10 7 36 1 3 15 39 19 23 35 39 38 10 34 21
6 40 21 10 11 5 27 7 21 1 15 33 21 29 38 37 32 20 8 11
32 17 23 37 33 38 34 39 34 10 40 7 8 36 12 2 25 19 11 12
23 24 24 12 19 14 38 10 40 32 25 14 31 37 11 35 35 1 20 16
21 2 12 40 27 38 13 31 15 16 8 25 11 1 40 6 11 9 22 40
27 29 30 39 23 11 1 25 25 36 14 8 13 26 13 27 7 19 24 30
10 19 10 23 33 37 20 34 38 22 18 17 27 11 35 39 39 35 23 15
5 37 22 28 1 17 29 29 18 21 31 5 10 20 33 7 29 4 34 4
23 12 17 36 8 4 39 9 24 5 37 22 16 22 1 9 26 18 40 15
0 18 16 17 21 20 22 25 21 20 15 23 22 19 17 25 21 21
18 0 22 18 15 18 15 22 19 24 23 22 24 15 17 21 17 25
16 22 0 15 16 21 21 24 23 22 22 17 21 22 21 21 25 15
17 18 15 0 24 19 24 25 24 24 22 16 22 22 15 20 21 18
21 15 16 24 0 25 15 17 19 20 20 25 19 19 17 18 21 15
20 18 21 19 25 0 16 23 20 15 21 20 18 16 16 18 22 25
22 15 21 24 15 16 0 22 23 25 25 20 24 21 18 21 17 15
25 22 24 25 17 23 22 0 20 22 23 24 24 24 24 22 16 15
21 19 23 24 19 20 23 20 0 17 16 20 23 24 20 25 24 15
20 24 22 24 20 15 25 22 17 0 20 25 25 17 21 18 23 23
15 23 22 22 20 21 25 23 16 20 0 24 15 19 17 17 18 16
23 22 17 16 25 20 20 24 20 25 24 0 17 24 20 22 22 19
22 24 21 22 19 18 24 24 23 25 15 17 0 24 24 16 16 15
19 15 22 22 19 16 21 24 24 17 19 24 24 0 15 23 20 20
17 17 21 15 17 16 18 24 20 21 17 20 24 15 0 22 22 20
25 21 21 20 18 18 21 22 25 18 17 22 16 23 22 0 23 21
21 17 25 21 21 22 17 16 24 23 18 22 16 20 22 23 0 24
21 25 15 18 15 25 15 15 15 23 16 19 15 20 20 21 24 0
