16
4
114 30 97 119
91 114 76 115
107 95 27 61
106 40 101 30
47 109 68 69
74 61 16 82
79 85 19 101
109 85 23 3
31 32 83 8
51 51 93 1
119 47 117 76
75 72 77 105
99 81 41 110
78 5 20 74
87 85 66 97
20 9 69 11
0 19 21 17 15 22 18 25 22 19 24 25 23 18 20 15 25 16
19 0 23 25 16 23 19 21 25 15 18 22 23 15 16 20 25 20
21 23 0 23 20 19 23 18 22 24 22 17 23 17 25 15 22 23
17 25 23 0 18 19 17 22 17 21 18 19 18 16 23 22 19 19
15 16 20 18 0 19 17 21 24 16 22 16 25 19 16 23 19 16
22 23 19 19 19 0 24 22 22 18 24 25 16 24 20 24 16 16
18 19 23 17 17 24 0 21 20 15 17 18 22 15 23 20 15 22
25 21 18 22 21 22 21 0 24 20 18 24 25 19 17 20 25 16
22 25 22 17 24 22 20 24 0 16 21 23 24 25 16 16 20 17
19 15 24 21 16 18 15 20 16 0 18 19 24 16 17 21 17 22
24 18 22 18 22 24 17 18 21 18 0 16 24 17 16 19 15 17
25 22 17 19 16 25 18 24 23 19 16 0 23 19 24 17 19 17
23 23 23 18 25 16 22 25 24 24 24 23 0 20 23 20 16 18
18 15 17 16 19 24 15 19 25 16 17 19 20 0 25 15 23 18
20 16 25 23 16 20 23 17 16 17 16 24 23 25 0 24 21 15
15 20 15 22 23 24 20 20 16 21 19 17 20 15 24 0 24 19
25 25 22 19 19 16 15 25 20 17 15 19 16 23 21 24 0 23
16 20 23 19 16 16 22 16 17 22 17 17 18 18 15 19 23 0
