16
12
103 88 80 120 83 96 50 20 98 52 85 26
58 71 18 15 32 55 113 42 117 6 53 27
42 7 67 97 110 17 110 113 113 80 23 31
80 115 24 1 43 6 107 60 3 86 49 35
26 76 87 42 98 103 91 39 98 103 66 31
78 29 17 113 12 114 68 7 3 66 70 26
18 52 67 74 119 16 97 32 4 70 9 32
69 118 54 110 38 44 33 105 20 100 7 74
45 115 104 80 94 28 71 60 42 93 4 32
90 64 61 64 102 32 82 26 55 32 65 24
100 22 38 83 98 83 5 24 19 77 21 12
26 6 88 1 100 23 90 97 115 36 46 3
48 32 17 77 77 26 90 110 30 111 73 15
43 61 8 119 13 26 104 75 53 92 95 118
104 115 56 21 96 54 20 22 99 63 34 35
74 44 21 8 61 22 120 71 47 42 90 19
0 22 15 19 15 23 20 18 19 20 17 15 20 24 25 15 23 24
22 0 24 15 22 25 21 24 15 20 19 17 16 16 15 24 25 18
15 24 0 22 19 18 18 22 25 15 24 15 20 16 25 21 24 22
19 15 22 0 18 17 20 23 24 24 15 23 25 19 18 23 23 21
15 22 19 18 0 22 20 23 22 25 16 22 16 25 16 18 23 15
23 25 18 17 22 0 24 24 19 16 17 22 20 15 20 15 25 21
20 21 18 20 20 24 0 23 21 15 18 15 22 23 15 23 15 25
18 24 22 23 23 24 23 0 16 22 21 18 16 17 23 24 24 15
19 15 25 24 22 19 21 16 0 24 19 18 24 21 21 25 24 17
20 20 15 24 25 16 15 22 24 0 19 25 18 15 23 23 18 18
17 19 24 15 16 17 18 21 19 19 0 23 22 15 18 16 18 24
15 17 15 23 22 22 15 18 18 25 23 0 25 20 18 21 22 21
20 16 20 25 16 20 22 16 24 18 22 25 0 25 21 18 20 25
24 16 16 19 25 15 23 17 21 15 15 20 25 0 16 16 17 20
25 15 25 18 16 20 15 23 21 23 18 18 21 16 0 17 25 23
15 24 21 23 18 15 23 24 25 23 16 21 18 16 17 0 24 25
23 25 24 23 23 25 15 24 24 18 18 22 20 17 25 24 0 25
24 18 22 21 15 21 25 15 17 18 24 21 25 20 23 25 25 0
