16
5
6 11 52 29 111 83 71 9 59 107 33 59 14 2 29 64
0 17 20 23 23 25 18 15 18 22 22 23 25 25 20 19 15 25
17 0 25 15 22 25 17 18 21 25 16 25 22 25 18 24 19 23
20 25 0 18 23 18 21 16 21 19 25 21 23 23 19 23 23 18
23 15 18 0 16 23 22 20 21 25 24 21 16 25 23 21 17 24
23 22 23 16 0 23 15 17 20 15 24 23 19 22 16 20 24 17
25 25 18 23 23 0 22 21 15 17 15 16 22 21 24 21 19 25
18 17 21 22 15 22 0 19 19 20 15 24 17 17 24 23 20 23
15 18 16 20 17 21 19 0 25 18 17 24 24 20 23 15 22 19
18 21 21 21 20 15 19 25 0 22 15 25 24 18 25 15 25 20
22 25 19 25 15 17 20 18 22 0 16 19 15 18 18 23 19 21
22 16 25 24 24 15 15 17 15 16 0 19 19 22 15 25 17 24
23 25 21 21 23 16 24 24 25 19 19 0 17 16 16 15 20 19
25 22 23 16 19 22 17 24 24 15 19 17 0 16 20 21 21 23
25 25 23 25 22 21 17 20 18 18 22 16 16 0 24 18 17 22
20 18 19 23 16 24 24 23 25 18 15 16 20 24 0 22 19 18
19 24 23 21 20 21 23 15 15 23 25 15 21 18 22 0 15 17
15 19 23 17 24 19 20 22 25 19 17 20 21 17 19 15 0 22
25 23 18 24 17 25 23 19 20 21 24 19 23 22 18 17 22 0
