16
20
31 15 30 23 33 30 36 34 32 2 36 29 15 34 38 27 36 10 12 29
37 31 5 25 4 22 24 38 9 31 23 30 31 11 13 33 30 21 6 25
5 40 35 6 15 4 27 16 2 18 29 28 28 31 19 6 11 29 19 37
40 27 15 13 2 3 2 38 21 35 33 10 22 20 33 11 22 36 37 26
7 24 7 2 33 32 38 19 28 13 32 27 17 32 38 23 21 37 24 38
18 9 23 22 15 25 22 23 7 35 12 40 18 37 21 9 25 16 21 37
3 2 38 12 6 37 26 13 25 6 9 12 3 27 30 8 1 39 2 1
1 22 39 36 5 4 25 38 11 2 31 17 4 39 38 26 9 12 30 40
6 39 24 7 22 30 1 36 3 10 29 1 17 30 29 3 11 20 10 40
15 29 7 38 23 31 29 31 18 35 15 39 40 12 1 8 21 40 10 8
8 4 25 30 14 40 26 37 34 4 34 27 8 20 17 32 19 30 16 27
20 10 17 11 28 27 7 31 24 32 16 4 35 24 18 26 24 21 29 12
24 37 17 24 39 28 38 5 34 3 1 25 31 40 34 27 40 32 26 2
6 26 2 28 34 21 39 39 1 1 18 26 7 6 19 20 7 11 28 6
39 10 19 26 18 9 37 7 1 14 31 4 30 4 13 35 6 37 2 22
5 30 31 40 9 6 26 28 40 40 3 14 24 1 8 2 11 39 14 38
0 18 15 17 25 16 19 16 20 22 16 21 17 23 16 16 17 20
18 0 23 16 22 24 25 19 15 21 22 20 19 18 19 21 24 17
15 23 0 22 21 15 15 23 23 24 24 23 21 25 22 23 23 23
17 16 22 0 17 17 24 25 19 17 20 15 25 15 21 25 15 21
25 22 21 17 0 24 16 19 22 22 18 25 18 19 20 16 22 22
16 24 15 17 24 0 15 15 17 25 22 15 23 16 15 17 22 17
19 25 15 24 16 15 0 18 18 23 18 17 24 17 20 18 15 16
16 19 23 25 19 15 18 0 24 21 23 20 19 21 15 21 24 18
20 15 23 19 22 17 18 24 0 15 18 20 21 18 24 21 24 22
22 21 24 17 22 25 23 21 15 0 24 20 17 25 15 24 20 15
16 22 24 20 18 22 18 23 18 24 0 22 19 18 22 19 23 19
21 20 23 15 25 15 17 20 20 20 22 0 19 19 15 21 15 19
17 19 21 25 18 23 24 19 21 17 19 19 0 22 24 21 18 20
23 18 25 15 19 16 17 21 18 25 18 19 22 0 19 17 17 18
16 19 22 21 20 15 20 15 24 15 22 15 24 19 0 21 17 15
16 21 23 25 16 17 18 21 21 24 19 21 21 17 21 0 21 18
17 24 23 15 22 22 15 24 24 20 23 15 18 17 17 21 0 15
20 17 23 21 22 17 16 18 22 15 19 19 20 18 15 18 15 0
