16
13
56 45 15 10 29 26 71 15 45 71 2 70 39 26 73 27
0 21 24 18 15 21 23 25 21 20 23 24 17 19 21 21 22 18
21 0 23 17 20 22 17 24 21 16 20 24 25 21 18 24 20 15
24 23 0 19 23 15 25 24 20 17 24 23 16 23 18 15 18 19
18 17 19 0 15 20 19 16 16 21 21 19 24 15 18 18 24 21
15 20 23 15 0 15 23 15 19 23 16 16 18 23 24 20 21 19
21 22 15 20 15 0 25 19 18 25 20 17 20 17 17 25 22 19
23 17 25 19 23 25 0 15 22 15 23 25 22 23 17 20 23 18
25 24 24 16 15 19 15 0 25 23 22 19 25 22 19 15 17 17
21 21 20 16 19 18 22 25 0 19 15 25 20 25 22 15 15 23
20 16 17 21 23 25 15 23 19 0 24 23 21 17 17 18 19 17
23 20 24 21 16 20 23 22 15 24 0 20 19 23 21 22 23 25
24 24 23 19 16 17 25 19 25 23 20 0 22 21 18 20 16 16
17 25 16 24 18 20 22 25 20 21 19 22 0 16 15 24 20 24
19 21 23 15 23 17 23 22 25 17 23 21 16 0 23 22 16 25
21 18 18 18 24 17 17 19 22 17 21 18 15 23 0 15 22 16
21 24 15 18 20 25 20 15 15 18 22 20 24 22 15 0 25 19
22 20 18 24 21 22 23 17 15 19 23 16 20 16 22 25 0 16
18 15 19 21 19 19 18 17 23 17 25 16 24 25 16 19 16 0
