16
4
36 58 20 59
23 20 60 22
5 3 24 6
42 39 31 76
56 21 2 20
19 56 35 2
15 26 8 2
35 15 8 1
64 69 25 76
20 12 48 69
19 23 80 77
18 7 34 77
79 78 51 8
63 27 43 80
31 80 74 26
66 79 20 52
0 20 20 18 25 15 19 24 25 24 24 16 22 18 15 18 24 17
20 0 18 24 21 22 22 22 19 25 17 25 23 21 17 21 16 20
20 18 0 23 19 17 21 22 20 16 17 18 25 15 25 15 20 20
18 24 23 0 22 20 24 17 18 16 22 15 18 22 23 16 22 15
25 21 19 22 0 19 15 25 20 23 22 22 19 15 22 17 23 25
15 22 17 20 19 0 18 23 19 20 19 16 24 21 25 22 23 20
19 22 21 24 15 18 0 22 24 25 16 19 15 22 25 25 24 20
24 22 22 17 25 23 22 0 23 22 17 16 24 18 24 18 25 18
25 19 20 18 20 19 24 23 0 16 21 22 24 19 18 20 24 15
24 25 16 16 23 20 25 22 16 0 18 23 22 23 23 21 22 23
24 17 17 22 22 19 16 17 21 18 0 17 21 23 16 21 20 22
16 25 18 15 22 16 19 16 22 23 17 0 24 17 17 23 18 16
22 23 25 18 19 24 15 24 24 22 21 24 0 20 18 25 17 19
18 21 15 22 15 21 22 18 19 23 23 17 20 0 20 22 20 23
15 17 25 23 22 25 25 24 18 23 16 17 18 20 0 19 15 15
18 21 15 16 17 22 25 18 20 21 21 23 25 22 19 0 17 15
24 16 20 22 23 23 24 25 24 22 20 18 17 20 15 17 0 22
17 20 20 15 25 20 20 18 15 23 22 16 19 23 15 15 22 0
