16
18
37 22 132 12 83 142 35 72 74 144 93 156 155 138 28 70 143 79
44 9 53 95 29 47 146 115 101 57 89 32 23 131 127 19 134 143
53 64 103 5 57 138 110 23 127 143 22 125 10 12 68 61 73 128
67 41 54 62 130 140 31 6 42 80 113 126 42 25 96 50 6 22
45 15 122 62 67 143 73 143 147 84 94 26 102 129 72 32 16 107
15 150 118 126 145 64 105 76 57 130 59 111 137 17 58 78 133 29
121 33 106 77 58 147 113 2 14 27 88 112 55 89 23 82 52 142
44 130 62 125 125 118 91 122 68 140 86 12 34 160 24 151 5 80
69 130 56 53 62 92 43 23 88 35 23 72 56 52 133 129 89 43
54 8 111 23 135 25 132 112 153 103 83 71 20 160 104 41 4 24
113 45 82 129 89 126 149 45 108 130 63 160 88 61 104 16 86 155
19 139 28 45 146 38 3 84 146 57 56 17 94 155 16 100 5 78
95 4 105 138 68 26 39 24 99 17 81 77 25 89 149 49 96 25
74 102 138 13 55 82 78 159 18 20 105 67 6 24 19 125 41 43
76 99 158 141 138 143 52 2 113 7 144 137 109 133 159 125 107 101
37 31 53 75 76 128 137 37 61 39 101 109 124 158 27 76 18 159
0 23 16 19 23 18 21 18 18 25 25 15 16 25 17 20 23 23
23 0 20 21 15 22 20 17 17 17 19 24 18 19 22 20 23 22
16 20 0 21 25 17 25 22 17 18 17 17 19 24 23 16 15 20
19 21 21 0 15 25 25 20 17 18 16 17 19 25 17 25 18 20
23 15 25 15 0 15 24 23 19 24 24 24 16 22 17 20 22 15
18 22 17 25 15 0 16 15 23 18 18 18 16 16 17 23 19 20
21 20 25 25 24 16 0 18 18 21 21 15 18 15 23 20 18 15
18 17 22 20 23 15 18 0 25 24 19 24 25 17 22 25 17 25
18 17 17 17 19 23 18 25 0 23 20 24 23 23 19 17 18 22
25 17 18 18 24 18 21 24 23 0 23 25 24 16 23 25 21 19
25 19 17 16 24 18 21 19 20 23 0 16 20 18 20 25 20 25
15 24 17 17 24 18 15 24 24 25 16 0 21 19 18 19 20 17
16 18 19 19 16 16 18 25 23 24 20 21 0 16 24 23 16 17
25 19 24 25 22 16 15 17 23 16 18 19 16 0 23 20 15 20
17 22 23 17 17 17 23 22 19 23 20 18 24 23 0 15 21 22
20 20 16 25 20 23 20 25 17 25 25 19 23 20 15 0 17 18
23 23 15 18 22 19 18 17 18 21 20 20 16 15 21 17 0 18
23 22 20 20 15 20 15 25 22 19 25 17 17 20 22 18 18 0
