16
16
70 95 4 78 52 92 97 80 73 86 95 56 27 53 104 65
0 18 21 18 18 20 21 21 24 16 21 15 16 24 24 22 24 25
18 0 16 24 16 19 18 17 25 23 20 17 23 16 16 16 16 19
21 16 0 25 17 15 19 24 24 21 25 21 15 21 20 23 15 21
18 24 25 0 24 19 19 23 17 17 15 16 24 23 19 20 17 19
18 16 17 24 0 16 25 18 23 16 25 19 24 23 17 17 20 22
20 19 15 19 16 0 18 23 21 20 16 19 22 25 21 16 22 23
21 18 19 19 25 18 0 15 19 21 19 19 23 15 22 16 24 19
21 17 24 23 18 23 15 0 17 22 19 23 15 20 15 23 22 22
24 25 24 17 23 21 19 17 0 17 15 25 20 22 25 21 25 16
16 23 21 17 16 20 21 22 17 0 21 23 18 25 18 18 25 15
21 20 25 15 25 16 19 19 15 21 0 24 23 15 19 22 20 23
15 17 21 16 19 19 19 23 25 23 24 0 24 18 16 21 23 20
16 23 15 24 24 22 23 15 20 18 23 24 0 25 17 18 15 17
24 16 21 23 23 25 15 20 22 25 15 18 25 0 21 17 19 23
24 16 20 19 17 21 22 15 25 18 19 16 17 21 0 19 16 17
22 16 23 20 17 16 16 23 21 18 22 21 18 17 19 0 20 17
24 16 15 17 20 22 24 22 25 25 20 23 15 19 16 20 0 15
25 19 21 19 22 23 19 22 16 15 23 20 17 23 17 17 15 0
