16
9
68 62 138 92 85 33 40 137 104 116 127 22 149 141 107 132
0 24 15 18 20 25 22 20 18 22 24 15 19 15 16 25 21 15
24 0 18 17 17 25 20 25 16 25 18 21 18 21 15 15 23 16
15 18 0 20 20 17 19 21 18 23 23 22 15 21 22 23 22 16
18 17 20 0 25 25 15 17 18 24 20 22 22 17 19 21 21 17
20 17 20 25 0 16 21 17 18 24 17 15 24 23 16 22 16 16
25 25 17 25 16 0 16 19 22 23 15 20 24 15 18 21 20 18
22 20 19 15 21 16 0 18 18 21 22 21 24 24 19 16 19 20
20 25 21 17 17 19 18 0 21 21 15 23 24 20 22 17 18 20
18 16 18 18 18 22 18 21 0 23 24 23 25 22 23 21 16 19
22 25 23 24 24 23 21 21 23 0 19 18 15 17 18 25 25 16
24 18 23 20 17 15 22 15 24 19 0 19 23 20 18 25 18 23
15 21 22 22 15 20 21 23 23 18 19 0 19 22 23 15 20 18
19 18 15 22 24 24 24 24 25 15 23 19 0 22 21 22 20 16
15 21 21 17 23 15 24 20 22 17 20 22 22 0 15 19 20 21
16 15 22 19 16 18 19 22 23 18 18 23 21 15 0 22 25 15
25 15 23 21 22 21 16 17 21 25 25 15 22 19 22 0 25 16
21 23 22 21 16 20 19 18 16 25 18 20 20 20 25 25 0 15
15 16 16 17 16 18 20 20 19 16 23 18 16 21 15 16 15 0
