16
15
13 11 8 18 34 18 40 26 5 34 2 31 9 31 38 14
0 16 15 20 24 24 24 18 17 25 18 16 16 20 19 16 23 22
16 0 19 21 22 15 16 16 15 18 18 25 24 15 25 21 23 15
15 19 0 20 24 15 21 21 21 24 22 16 25 22 25 19 17 17
20 21 20 0 17 25 23 22 15 16 18 23 22 17 23 21 19 25
24 22 24 17 0 25 23 20 17 25 17 18 15 16 25 16 19 23
24 15 15 25 25 0 17 18 19 24 16 17 25 18 19 16 20 19
24 16 21 23 23 17 0 22 19 24 20 16 15 18 21 23 25 15
18 16 21 22 20 18 22 0 17 20 15 18 18 16 24 16 21 18
17 15 21 15 17 19 19 17 0 17 25 22 19 19 20 17 15 18
25 18 24 16 25 24 24 20 17 0 19 20 24 22 25 21 24 16
18 18 22 18 17 16 20 15 25 19 0 25 23 18 25 22 21 17
16 25 16 23 18 17 16 18 22 20 25 0 22 23 15 20 19 17
16 24 25 22 15 25 15 18 19 24 23 22 0 15 16 21 21 18
20 15 22 17 16 18 18 16 19 22 18 23 15 0 21 24 22 16
19 25 25 23 25 19 21 24 20 25 25 15 16 21 0 21 15 24
16 21 19 21 16 16 23 16 17 21 22 20 21 24 21 0 16 23
23 23 17 19 19 20 25 21 15 24 21 19 21 22 15 16 0 20
22 15 17 25 23 19 15 18 18 16 17 17 18 16 24 23 20 0
