16
10
36 35 71 45 45 63 39 39 12 16
65 34 64 42 32 72 60 1 37 47
34 32 52 33 36 77 60 22 49 2
26 12 25 79 49 67 14 73 61 47
65 52 31 39 34 44 72 5 73 10
47 49 34 65 26 13 37 13 44 31
3 56 27 80 46 19 77 6 43 61
4 3 71 28 74 46 76 2 47 8
21 80 19 15 68 65 40 23 34 58
32 5 24 17 16 49 44 15 66 54
66 25 25 20 41 31 65 37 76 27
79 39 2 9 3 36 21 57 19 53
80 8 58 6 12 7 63 42 43 64
61 75 63 69 8 72 58 25 37 47
71 59 45 12 35 45 29 7 15 52
65 2 65 53 26 46 73 71 15 48
0 22 25 21 17 22 20 22 17 22 24 18 23 24 17 18 24 20
22 0 17 22 25 15 20 25 24 23 25 22 23 25 23 24 16 23
25 17 0 17 17 22 24 20 16 16 22 17 20 18 24 20 20 22
21 22 17 0 17 19 21 23 15 17 25 18 21 19 18 18 21 16
17 25 17 17 0 18 25 20 25 24 19 22 18 18 15 19 15 19
22 15 22 19 18 0 24 23 22 22 16 18 21 22 22 15 25 19
20 20 24 21 25 24 0 25 23 25 15 21 18 18 25 25 17 18
22 25 20 23 20 23 25 0 18 19 22 25 22 22 20 23 23 16
17 24 16 15 25 22 23 18 0 18 15 22 21 20 17 25 17 17
22 23 16 17 24 22 25 19 18 0 22 23 23 19 20 22 21 25
24 25 22 25 19 16 15 22 15 22 0 22 21 22 22 16 20 22
18 22 17 18 22 18 21 25 22 23 22 0 25 24 17 20 17 17
23 23 20 21 18 21 18 22 21 23 21 25 0 16 21 25 23 22
24 25 18 19 18 22 18 22 20 19 22 24 16 0 19 17 17 22
17 23 24 18 15 22 25 20 17 20 22 17 21 19 0 24 18 18
18 24 20 18 19 15 25 23 25 22 16 20 25 17 24 0 16 23
24 16 20 21 15 25 17 23 17 21 20 17 23 17 18 16 0 17
20 23 22 16 19 19 18 16 17 25 22 17 22 22 18 23 17 0
