16
9
120 8 17 55 112 101 2 54 19 108 67 57 113 28 78 63
0 17 18 21 21 19 15 21 16 19 22 17 24 15 23 22 20 21
17 0 24 22 16 20 22 20 24 17 20 19 17 23 23 15 16 19
18 24 0 19 15 19 18 24 24 22 25 24 22 19 15 15 21 18
21 22 19 0 15 17 20 17 17 25 23 17 25 24 18 16 16 23
21 16 15 15 0 21 22 18 15 18 15 24 25 18 19 18 15 15
19 20 19 17 21 0 15 22 21 22 19 19 25 19 15 20 15 20
15 22 18 20 22 15 0 22 23 16 20 24 16 19 23 19 20 20
21 20 24 17 18 22 22 0 20 16 20 23 20 17 23 15 21 19
16 24 24 17 15 21 23 20 0 17 21 25 24 23 17 22 22 22
19 17 22 25 18 22 16 16 17 0 24 15 24 18 24 18 19 17
22 20 25 23 15 19 20 20 21 24 0 20 19 25 22 16 20 19
17 19 24 17 24 19 24 23 25 15 20 0 15 24 24 21 15 16
24 17 22 25 25 25 16 20 24 24 19 15 0 16 20 18 16 15
15 23 19 24 18 19 19 17 23 18 25 24 16 0 17 19 18 21
23 23 15 18 19 15 23 23 17 24 22 24 20 17 0 25 16 20
22 15 15 16 18 20 19 15 22 18 16 21 18 19 25 0 24 17
20 16 21 16 15 15 20 21 22 19 20 15 16 18 16 24 0 16
21 19 18 23 15 20 20 19 22 17 19 16 15 21 20 17 16 0
