16
10
51 63 33 112 8 16 8 120 84 45 103 33 109 113 19 17
0 19 16 16 19 19 19 17 23 21 20 24 17 16 25 24 16 23
19 0 22 24 19 23 17 24 15 19 24 21 25 16 18 23 20 17
16 22 0 16 23 17 21 24 17 24 23 17 18 25 24 15 24 22
16 24 16 0 21 21 18 16 21 20 21 15 25 16 18 17 23 17
19 19 23 21 0 19 15 17 19 18 15 15 22 17 16 23 21 20
19 23 17 21 19 0 24 25 22 21 19 24 25 17 17 22 25 21
19 17 21 18 15 24 0 22 23 17 19 19 25 21 19 17 21 25
17 24 24 16 17 25 22 0 23 24 19 19 16 19 15 25 19 23
23 15 17 21 19 22 23 23 0 22 15 16 15 25 19 24 20 23
21 19 24 20 18 21 17 24 22 0 22 17 18 18 21 22 17 16
20 24 23 21 15 19 19 19 15 22 0 19 22 16 18 21 16 24
24 21 17 15 15 24 19 19 16 17 19 0 24 15 20 19 22 21
17 25 18 25 22 25 25 16 15 18 22 24 0 17 22 23 21 19
16 16 25 16 17 17 21 19 25 18 16 15 17 0 24 17 18 25
25 18 24 18 16 17 19 15 19 21 18 20 22 24 0 16 21 18
24 23 15 17 23 22 17 25 24 22 21 19 23 17 16 0 19 16
16 20 24 23 21 25 21 19 20 17 16 22 21 18 21 19 0 15
23 17 22 17 20 21 25 23 23 16 24 21 19 25 18 16 15 0
