16
10
115 148 21 112 95 138 72 77 83 116 67 137 134 129 26 53
0 23 22 17 20 23 25 22 19 18 17 21 18 20 22 23 20 15
23 0 18 22 20 20 23 19 17 25 25 24 25 22 25 16 19 17
22 18 0 17 15 19 22 18 23 25 21 21 16 19 17 24 16 22
17 22 17 0 20 22 20 18 21 19 24 18 17 23 17 18 24 21
20 20 15 20 0 18 18 20 19 24 23 17 19 22 17 20 16 18
23 20 19 22 18 0 20 22 23 18 23 24 19 15 23 20 21 22
25 23 22 20 18 20 0 19 17 24 19 16 16 15 25 20 17 19
22 19 18 18 20 22 19 0 24 17 22 20 20 19 20 22 22 18
19 17 23 21 19 23 17 24 0 19 21 24 15 19 20 25 20 23
18 25 25 19 24 18 24 17 19 0 23 15 15 17 17 23 19 16
17 25 21 24 23 23 19 22 21 23 0 15 23 22 17 23 18 21
21 24 21 18 17 24 16 20 24 15 15 0 19 25 24 20 23 17
18 25 16 17 19 19 16 20 15 15 23 19 0 25 20 16 25 15
20 22 19 23 22 15 15 19 19 17 22 25 25 0 19 25 21 18
22 25 17 17 17 23 25 20 20 17 17 24 20 19 0 19 19 20
23 16 24 18 20 20 20 22 25 23 23 20 16 25 19 0 22 16
20 19 16 24 16 21 17 22 20 19 18 23 25 21 19 22 0 24
15 17 22 21 18 22 19 18 23 16 21 17 15 18 20 16 24 0
