16
12
29 18 9 10 32 30 15 22 2 13 20 2 38 38 34 33
0 17 17 18 17 16 21 15 21 19 24 20 25 25 15 21 24 15
17 0 16 25 17 19 16 22 16 25 25 23 23 15 21 25 21 24
17 16 0 16 20 17 18 15 18 17 19 15 25 19 20 15 16 20
18 25 16 0 21 15 18 23 24 21 22 22 18 21 24 25 15 21
17 17 20 21 0 20 25 25 18 16 19 20 17 16 25 21 20 17
16 19 17 15 20 0 15 23 24 21 19 20 19 20 23 23 25 15
21 16 18 18 25 15 0 23 25 21 22 22 20 25 17 20 16 21
15 22 15 23 25 23 23 0 20 19 23 17 18 15 19 22 16 20
21 16 18 24 18 24 25 20 0 17 15 19 18 23 23 16 21 22
19 25 17 21 16 21 21 19 17 0 20 17 25 24 24 23 15 15
24 25 19 22 19 19 22 23 15 20 0 16 19 25 16 18 23 25
20 23 15 22 20 20 22 17 19 17 16 0 19 15 23 24 16 23
25 23 25 18 17 19 20 18 18 25 19 19 0 21 24 17 24 17
25 15 19 21 16 20 25 15 23 24 25 15 21 0 16 21 24 15
15 21 20 24 25 23 17 19 23 24 16 23 24 16 0 25 19 21
21 25 15 25 21 23 20 22 16 23 18 24 17 21 25 0 25 15
24 21 16 15 20 25 16 16 21 15 23 16 24 24 19 25 0 18
15 24 20 21 17 15 21 20 22 15 25 23 17 15 21 15 18 0
