16
18
29 10 9 27 19 11 16 28 27 8 33 33 14 37 22 27 2 1
20 15 33 35 14 32 27 40 13 15 19 16 20 40 17 20 28 32
1 24 1 10 30 1 2 33 31 37 21 23 30 19 39 21 15 34
13 33 29 6 31 15 26 12 21 35 10 14 11 35 1 39 40 12
15 13 31 3 28 16 1 34 40 19 26 26 19 36 14 6 14 3
23 32 13 31 12 37 24 22 37 33 8 34 25 21 24 29 30 39
22 24 14 6 37 23 28 30 21 32 9 31 13 9 1 28 3 28
27 4 40 12 7 15 2 7 6 22 34 21 20 17 6 33 8 17
35 5 5 16 17 27 5 28 31 2 8 24 20 1 32 21 17 14
6 33 24 37 9 19 20 21 3 29 39 28 12 39 14 9 37 31
22 20 8 23 3 7 16 26 15 13 5 14 31 25 17 6 24 1
10 11 9 14 19 13 23 29 16 9 11 29 2 27 29 39 36 26
12 6 9 26 14 10 16 40 40 14 12 11 20 18 22 5 40 40
15 30 2 2 40 38 3 17 34 7 5 30 19 36 16 19 20 3
4 10 29 29 10 5 14 18 30 34 26 1 4 34 7 21 17 5
32 37 9 11 16 32 12 34 27 30 27 23 32 37 24 22 32 26
0 20 17 25 15 20 21 16 23 24 20 15 16 15 20 25 24 19
20 0 25 18 21 17 16 20 25 18 20 18 22 16 23 22 16 17
17 25 0 25 17 20 20 25 23 22 21 23 24 21 19 25 22 15
25 18 25 0 17 15 18 17 20 23 17 23 15 25 20 15 20 21
15 21 17 17 0 21 25 19 19 19 15 15 21 18 25 23 21 15
20 17 20 15 21 0 17 15 21 22 15 22 24 23 18 15 18 21
21 16 20 18 25 17 0 20 22 18 18 22 22 25 21 25 24 15
16 20 25 17 19 15 20 0 19 21 22 25 16 18 25 19 20 17
23 25 23 20 19 21 22 19 0 16 22 17 23 17 20 18 20 17
24 18 22 23 19 22 18 21 16 0 19 18 18 15 22 24 16 17
20 20 21 17 15 15 18 22 22 19 0 22 20 16 20 22 22 17
15 18 23 23 15 22 22 25 17 18 22 0 22 25 21 15 15 16
16 22 24 15 21 24 22 16 23 18 20 22 0 17 20 18 18 23
15 16 21 25 18 23 25 18 17 15 16 25 17 0 21 22 18 23
20 23 19 20 25 18 21 25 20 22 20 21 20 21 0 24 23 20
25 22 25 15 23 15 25 19 18 24 22 15 18 22 24 0 16 24
24 16 22 20 21 18 24 20 20 16 22 15 18 18 23 16 0 15
19 17 15 21 15 21 15 17 17 17 17 16 23 23 20 24 15 0
