16
10
115 118 79 17 55 116 85 30 23 52 120 67 61 120 71 56
0 22 22 23 25 25 20 18 19 18 21 15 15 23 22 17 20 24
22 0 23 20 19 24 16 19 18 16 19 23 21 15 19 21 21 19
22 23 0 15 15 23 18 20 19 24 16 17 20 25 19 19 22 25
23 20 15 0 21 21 22 21 21 24 16 23 16 20 16 15 23 23
25 19 15 21 0 23 23 15 21 15 22 20 22 19 17 24 16 21
25 24 23 21 23 0 22 15 21 17 22 25 18 24 16 22 19 18
20 16 18 22 23 22 0 15 16 16 20 25 23 15 23 19 17 17
18 19 20 21 15 15 15 0 15 16 21 25 18 15 24 17 18 21
19 18 19 21 21 21 16 15 0 23 20 24 16 15 20 17 19 22
18 16 24 24 15 17 16 16 23 0 19 15 16 24 23 19 23 15
21 19 16 16 22 22 20 21 20 19 0 16 21 22 20 17 18 25
15 23 17 23 20 25 25 25 24 15 16 0 24 23 15 24 22 18
15 21 20 16 22 18 23 18 16 16 21 24 0 21 23 18 21 21
23 15 25 20 19 24 15 15 15 24 22 23 21 0 24 25 18 15
22 19 19 16 17 16 23 24 20 23 20 15 23 24 0 18 20 20
17 21 19 15 24 22 19 17 17 19 17 24 18 25 18 0 22 21
20 21 22 23 16 19 17 18 19 23 18 22 21 18 20 22 0 22
24 19 25 23 21 18 17 21 22 15 25 18 21 15 20 21 22 0
