16
15
38 39 79 75 26 65 64 39 39 20 24 62 77 72 52 17
0 20 23 17 22 20 18 25 16 22 15 22 18 15 19 21 19 18
20 0 22 20 20 23 20 23 24 17 20 19 17 19 19 17 22 23
23 22 0 15 15 24 22 19 19 17 15 24 15 17 20 15 20 16
17 20 15 0 23 16 23 16 20 21 25 25 15 20 20 23 18 15
22 20 15 23 0 19 18 24 16 17 19 16 17 21 16 17 25 24
20 23 24 16 19 0 20 19 15 25 16 15 22 24 16 19 17 24
18 20 22 23 18 20 0 15 23 24 22 19 20 20 22 24 23 17
25 23 19 16 24 19 15 0 24 23 17 22 20 15 17 22 25 22
16 24 19 20 16 15 23 24 0 16 15 15 19 20 17 16 24 17
22 17 17 21 17 25 24 23 16 0 20 16 19 24 17 19 25 22
15 20 15 25 19 16 22 17 15 20 0 22 21 19 15 15 25 19
22 19 24 25 16 15 19 22 15 16 22 0 24 19 17 25 20 18
18 17 15 15 17 22 20 20 19 19 21 24 0 16 18 23 21 24
15 19 17 20 21 24 20 15 20 24 19 19 16 0 25 25 20 20
19 19 20 20 16 16 22 17 17 17 15 17 18 25 0 20 19 22
21 17 15 23 17 19 24 22 16 19 15 25 23 25 20 0 25 23
19 22 20 18 25 17 23 25 24 25 25 20 21 20 19 25 0 24
18 23 16 15 24 24 17 22 17 22 19 18 24 20 22 23 24 0
