16
14
74 45 61 30 35 5 23 44 62 5 32 15 44 58
6 29 57 44 5 66 46 13 69 29 77 7 71 55
73 14 39 25 58 58 4 13 31 49 71 63 28 55
67 15 29 51 27 9 9 37 69 53 3 2 56 29
54 25 77 36 69 38 69 50 15 61 48 5 75 10
37 72 70 59 32 46 7 78 33 39 37 68 48 80
42 55 33 28 53 51 33 62 52 59 79 60 37 63
79 72 67 3 2 27 12 46 38 49 42 38 66 28
61 45 3 47 55 65 37 42 50 18 62 52 12 40
58 46 16 71 78 34 14 65 40 18 19 66 18 58
6 65 51 48 54 26 47 16 77 43 33 80 46 49
13 32 21 17 67 48 18 43 52 42 59 24 31 56
73 51 11 61 66 75 60 33 22 18 24 74 65 56
13 71 56 21 21 76 45 40 56 76 44 62 50 39
9 8 54 68 52 16 58 76 62 56 68 69 58 63
79 32 56 51 20 75 40 57 10 55 32 9 66 58
0 19 16 19 20 21 22 25 16 18 19 17 19 17 17 22 15 20
19 0 16 20 16 21 15 20 15 15 23 19 17 16 15 15 20 25
16 16 0 18 21 25 15 22 24 15 20 25 24 21 25 20 24 20
19 20 18 0 18 15 15 15 23 17 18 20 17 15 20 25 16 24
20 16 21 18 0 20 21 19 21 18 16 22 17 15 20 21 25 24
21 21 25 15 20 0 23 23 16 23 20 25 20 24 21 25 18 19
22 15 15 15 21 23 0 19 15 25 25 24 15 18 16 16 22 17
25 20 22 15 19 23 19 0 17 23 21 24 24 25 15 16 24 21
16 15 24 23 21 16 15 17 0 22 22 15 15 19 25 15 21 25
18 15 15 17 18 23 25 23 22 0 23 16 24 24 15 17 21 16
19 23 20 18 16 20 25 21 22 23 0 25 17 17 16 19 21 18
17 19 25 20 22 25 24 24 15 16 25 0 16 16 19 22 18 17
19 17 24 17 17 20 15 24 15 24 17 16 0 16 15 21 17 23
17 16 21 15 15 24 18 25 19 24 17 16 16 0 16 24 16 18
17 15 25 20 20 21 16 15 25 15 16 19 15 16 0 23 24 24
22 15 20 25 21 25 16 16 15 17 19 22 21 24 23 0 20 20
15 20 24 16 25 18 22 24 21 21 21 18 17 16 24 20 0 18
20 25 20 24 24 19 17 21 25 16 18 17 23 18 24 20 18 0
