16
13
31 13 12 19 21 10 21 21 14 3 9 28 33 33 2 15
0 16 16 17 18 18 22 20 22 19 23 17 15 19 17 17 19 22
16 0 15 19 19 25 25 16 25 18 23 21 15 18 21 18 24 16
16 15 0 16 16 19 24 16 20 20 16 24 17 15 15 21 16 20
17 19 16 0 23 16 20 21 24 21 16 17 25 19 16 25 21 17
18 19 16 23 0 15 24 16 23 17 25 17 21 15 15 24 24 17
18 25 19 16 15 0 15 23 15 22 21 21 25 21 16 20 25 21
22 25 24 20 24 15 0 16 19 24 18 22 15 18 25 20 16 22
20 16 16 21 16 23 16 0 19 20 24 22 19 17 16 19 25 21
22 25 20 24 23 15 19 19 0 23 24 22 16 17 25 18 23 23
19 18 20 21 17 22 24 20 23 0 25 23 25 19 22 23 17 16
23 23 16 16 25 21 18 24 24 25 0 19 16 19 15 17 19 15
17 21 24 17 17 21 22 22 22 23 19 0 24 16 18 20 22 15
15 15 17 25 21 25 15 19 16 25 16 24 0 20 23 20 16 15
19 18 15 19 15 21 18 17 17 19 19 16 20 0 16 16 17 20
17 21 15 16 15 16 25 16 25 22 15 18 23 16 0 15 18 24
17 18 21 25 24 20 20 19 18 23 17 20 20 16 15 0 15 18
19 24 16 21 24 25 16 25 23 17 19 22 16 17 18 15 0 21
22 16 20 17 17 21 22 21 23 16 15 15 15 20 24 18 21 0
