16
9
33 13 51 12 44 54 14 41 61 41 77 34 40 68 30 35
0 23 19 17 17 21 17 21 18 25 18 20 24 19 20 24 22 19
23 0 20 16 24 22 21 20 21 16 18 18 18 23 24 18 18 25
19 20 0 16 21 20 20 19 21 23 19 21 22 20 16 17 19 22
17 16 16 0 25 23 20 20 25 16 24 21 24 25 22 24 20 20
17 24 21 25 0 17 19 20 24 19 16 17 22 21 15 23 15 22
21 22 20 23 17 0 24 17 25 24 17 17 23 15 19 19 15 17
17 21 20 20 19 24 0 20 24 21 18 18 19 15 21 16 21 24
21 20 19 20 20 17 20 0 19 25 20 25 18 15 19 24 16 25
18 21 21 25 24 25 24 19 0 18 15 25 20 18 22 21 16 24
25 16 23 16 19 24 21 25 18 0 24 23 24 23 18 22 21 15
18 18 19 24 16 17 18 20 15 24 0 21 22 20 19 17 15 19
20 18 21 21 17 17 18 25 25 23 21 0 22 22 17 17 22 15
24 18 22 24 22 23 19 18 20 24 22 22 0 22 19 24 16 18
19 23 20 25 21 15 15 15 18 23 20 22 22 0 23 15 16 23
20 24 16 22 15 19 21 19 22 18 19 17 19 23 0 20 20 19
24 18 17 24 23 19 16 24 21 22 17 17 24 15 20 0 20 22
22 18 19 20 15 15 21 16 16 21 15 22 16 16 20 20 0 22
19 25 22 20 22 17 24 25 24 15 19 15 18 23 19 22 22 0
