16
9
41 46 7 35 11 5 19 66 74 7 60 20 36 3 4 63
0 23 18 19 16 18 17 23 15 19 24 22 25 25 18 16 20 23
23 0 21 19 19 25 24 25 20 21 23 15 25 21 21 23 22 23
18 21 0 22 18 22 17 20 18 24 23 16 18 19 16 25 20 24
19 19 22 0 18 24 17 16 17 22 16 25 18 25 20 16 18 24
16 19 18 18 0 25 19 22 22 15 17 23 22 23 23 15 16 21
18 25 22 24 25 0 23 15 25 25 19 25 17 20 19 23 17 20
17 24 17 17 19 23 0 21 20 25 22 18 16 15 22 18 17 23
23 25 20 16 22 15 21 0 15 22 18 19 19 17 17 17 18 24
15 20 18 17 22 25 20 15 0 16 15 15 24 24 25 25 21 25
19 21 24 22 15 25 25 22 16 0 21 24 16 19 20 19 15 18
24 23 23 16 17 19 22 18 15 21 0 20 18 25 21 17 25 20
22 15 16 25 23 25 18 19 15 24 20 0 16 22 21 20 23 24
25 25 18 18 22 17 16 19 24 16 18 16 0 18 18 18 24 15
25 21 19 25 23 20 15 17 24 19 25 22 18 0 15 25 17 17
18 21 16 20 23 19 22 17 25 20 21 21 18 15 0 23 22 15
16 23 25 16 15 23 18 17 25 19 17 20 18 25 23 0 23 23
20 22 20 18 16 17 17 18 21 15 25 23 24 17 22 23 0 17
23 23 24 24 21 20 23 24 25 18 20 24 15 17 15 23 17 0
