16
22
19 44 1 79 57 10 65 19 24 51 59 15 75 43 23 18 60 25 19 27 38 7
53 19 73 76 44 2 61 59 36 71 61 15 73 79 39 75 7 47 31 75 52 6
56 38 63 28 28 24 71 36 61 25 78 69 54 6 18 5 1 43 54 11 48 43
80 52 30 25 23 32 42 72 59 18 47 74 34 36 21 35 76 71 48 71 30 42
33 28 53 59 59 16 37 59 56 78 58 79 34 4 29 43 42 37 7 15 69 75
64 76 14 77 1 33 33 6 15 30 9 61 13 13 66 63 3 14 68 72 59 20
6 63 53 11 79 64 52 80 22 59 40 26 3 68 8 12 56 52 42 59 42 14
28 54 35 73 53 55 49 20 66 41 28 9 48 72 44 34 67 61 65 28 69 60
68 5 14 56 28 5 56 30 8 54 2 59 30 8 42 9 17 24 31 2 50 14
72 43 12 5 14 64 70 47 79 63 15 71 23 77 75 80 6 80 18 59 76 5
34 31 65 22 80 57 74 67 55 40 43 58 31 13 50 64 13 28 54 7 47 30
13 29 36 34 20 16 64 33 73 77 18 15 25 23 56 27 18 61 80 22 54 47
60 28 42 71 8 56 29 74 59 57 16 7 2 78 51 27 66 57 61 26 42 13
38 32 64 79 36 4 9 15 22 73 15 68 80 17 31 61 67 63 10 14 76 11
21 27 17 15 12 28 67 64 8 25 13 13 37 59 64 5 22 30 2 63 9 75
52 24 27 59 73 25 60 27 1 34 62 35 27 54 77 32 47 57 26 35 37 68
0 24 18 16 22 20 20 21 22 15 22 18 24 19 16 25 21 20
24 0 16 17 16 17 22 21 23 21 25 17 18 25 18 22 24 17
18 16 0 24 24 18 20 20 21 21 20 17 21 24 23 23 19 20
16 17 24 0 24 18 16 21 23 22 21 20 19 17 23 18 15 22
22 16 24 24 0 17 23 22 15 17 23 15 15 17 16 16 20 24
20 17 18 18 17 0 21 25 19 22 21 23 17 17 15 16 19 21
20 22 20 16 23 21 0 25 24 22 15 18 21 17 23 20 18 16
21 21 20 21 22 25 25 0 22 25 20 18 25 20 19 15 20 20
22 23 21 23 15 19 24 22 0 15 23 24 25 16 20 21 24 16
15 21 21 22 17 22 22 25 15 0 20 18 19 17 23 23 22 19
22 25 20 21 23 21 15 20 23 20 0 19 16 18 25 19 25 19
18 17 17 20 15 23 18 18 24 18 19 0 23 24 15 21 16 15
24 18 21 19 15 17 21 25 25 19 16 23 0 24 15 16 24 21
19 25 24 17 17 17 17 20 16 17 18 24 24 0 15 21 22 18
16 18 23 23 16 15 23 19 20 23 25 15 15 15 0 15 18 24
25 22 23 18 16 16 20 15 21 23 19 21 16 21 15 0 20 16
21 24 19 15 20 19 18 20 24 22 25 16 24 22 18 20 0 22
20 17 20 22 24 21 16 20 16 19 19 15 21 18 24 16 22 0
