16
16
79 36 40 68 16 3 93 31 114 9 42 74 29 25 42 82
0 22 25 24 19 18 18 19 20 17 22 25 17 20 20 17 17 25
22 0 20 22 22 17 19 20 25 18 16 20 20 23 15 19 16 24
25 20 0 15 17 15 24 24 22 15 15 22 21 23 24 20 17 15
24 22 15 0 25 25 16 18 19 16 22 15 18 25 17 18 21 17
19 22 17 25 0 19 23 20 23 17 24 21 25 21 20 17 18 23
18 17 15 25 19 0 15 16 24 23 20 18 16 16 20 16 24 24
18 19 24 16 23 15 0 20 16 17 23 21 24 25 16 21 15 21
19 20 24 18 20 16 20 0 19 21 25 19 24 20 15 19 17 21
20 25 22 19 23 24 16 19 0 20 25 16 18 15 18 23 21 19
17 18 15 16 17 23 17 21 20 0 21 25 24 15 16 18 22 17
22 16 15 22 24 20 23 25 25 21 0 21 20 15 20 23 16 22
25 20 22 15 21 18 21 19 16 25 21 0 20 21 21 17 22 17
17 20 21 18 25 16 24 24 18 24 20 20 0 18 18 20 16 21
20 23 23 25 21 16 25 20 15 15 15 21 18 0 22 15 18 25
20 15 24 17 20 20 16 15 18 16 20 21 18 22 0 17 19 16
17 19 20 18 17 16 21 19 23 18 23 17 20 15 17 0 18 21
17 16 17 21 18 24 15 17 21 22 16 22 16 18 19 18 0 23
25 24 15 17 23 24 21 21 19 17 22 17 21 25 16 21 23 0
