16
26
8 32 24 25 7 19 40 35 18 22 9 14 31 10 33 37 30 17 40 22 8 37 6 2 1 30
30 12 8 39 28 1 26 28 8 2 13 9 34 40 17 18 20 14 24 28 10 38 14 13 2 29
6 14 32 32 10 21 28 11 25 35 10 25 22 33 26 15 24 22 25 21 37 32 21 21 9 9
8 14 40 12 11 36 21 17 28 36 33 13 12 9 36 22 22 15 36 26 8 18 15 7 34 8
5 27 23 19 40 40 38 17 22 36 15 26 8 40 40 36 1 11 29 10 28 31 25 20 1 12
16 29 40 7 15 4 11 23 10 31 24 34 36 11 32 16 37 36 33 27 16 35 8 2 31 32
27 2 32 19 30 14 24 24 40 15 30 17 17 17 9 13 29 28 7 33 29 9 1 32 5 33
39 30 3 10 26 27 3 25 10 28 20 17 16 3 13 1 28 23 7 17 16 10 32 8 13 19
27 30 37 29 1 10 22 17 4 1 27 4 6 35 4 31 3 32 4 26 27 15 26 35 33 40
31 8 20 3 20 24 40 15 19 15 22 17 15 14 9 15 3 8 13 31 24 32 8 34 18 22
5 13 8 13 9 21 18 25 24 21 28 23 39 35 26 16 30 26 36 35 2 3 31 10 15 15
14 16 19 37 23 17 8 22 26 36 40 12 20 16 22 31 13 40 20 22 29 25 18 29 1 22
20 15 22 34 35 27 3 9 7 35 36 13 21 27 34 36 24 29 9 1 16 25 29 27 16 15
18 20 10 9 4 37 7 9 10 26 14 5 36 12 40 21 40 25 16 12 15 19 40 4 8 2
23 1 18 20 5 29 31 35 5 33 26 37 35 25 10 7 23 35 7 8 19 11 39 4 33 33
34 29 31 13 4 12 26 34 31 1 30 35 22 17 26 13 13 3 21 13 24 1 38 32 37 13
0 20 21 24 25 21 21 22 16 21 18 15 15 21 23 19 25 20
20 0 24 24 23 20 17 23 19 21 23 21 21 21 15 25 20 23
21 24 0 22 21 21 19 21 21 20 21 16 24 20 24 20 18 20
24 24 22 0 22 16 24 23 23 23 25 23 20 18 19 18 25 22
25 23 21 22 0 19 23 23 23 18 24 16 16 19 16 20 16 23
21 20 21 16 19 0 20 23 21 22 19 24 23 25 25 18 18 24
21 17 19 24 23 20 0 19 15 16 19 17 22 23 25 15 19 24
22 23 21 23 23 23 19 0 23 22 23 20 22 16 20 23 21 21
16 19 21 23 23 21 15 23 0 23 21 15 23 22 18 15 16 17
21 21 20 23 18 22 16 22 23 0 19 25 24 15 18 25 18 18
18 23 21 25 24 19 19 23 21 19 0 18 25 23 19 22 19 16
15 21 16 23 16 24 17 20 15 25 18 0 16 22 22 24 21 16
15 21 24 20 16 23 22 22 23 24 25 16 0 15 20 18 15 22
21 21 20 18 19 25 23 16 22 15 23 22 15 0 16 18 23 23
23 15 24 19 16 25 25 20 18 18 19 22 20 16 0 22 19 23
19 25 20 18 20 18 15 23 15 25 22 24 18 18 22 0 20 24
25 20 18 25 16 18 19 21 16 18 19 21 15 23 19 20 0 15
20 23 20 22 23 24 24 21 17 18 16 16 22 23 23 24 15 0
