16
12
89 44 2 47 70 9 110 53 118 88 1 79 25 85 9 60
0 25 24 15 24 19 15 18 22 18 23 21 20 17 18 20 16 21
25 0 24 22 23 23 15 21 17 23 15 22 25 18 25 18 16 20
24 24 0 15 25 16 18 15 20 19 25 21 20 24 25 21 22 24
15 22 15 0 17 18 16 25 15 25 23 22 19 16 21 23 15 19
24 23 25 17 0 20 23 15 23 21 17 18 25 19 25 21 22 16
19 23 16 18 20 0 23 21 23 21 15 19 16 25 16 15 19 17
15 15 18 16 23 23 0 16 15 15 22 24 22 20 21 22 23 20
18 21 15 25 15 21 16 0 17 16 19 20 22 15 15 22 23 20
22 17 20 15 23 23 15 17 0 23 22 25 24 15 16 22 15 17
18 23 19 25 21 21 15 16 23 0 21 15 18 20 15 18 17 25
23 15 25 23 17 15 22 19 22 21 0 23 15 24 19 15 22 22
21 22 21 22 18 19 24 20 25 15 23 0 24 23 24 22 24 25
20 25 20 19 25 16 22 22 24 18 15 24 0 15 18 25 19 16
17 18 24 16 19 25 20 15 15 20 24 23 15 0 25 22 21 17
18 25 25 21 25 16 21 15 16 15 19 24 18 25 0 23 24 18
20 18 21 23 21 15 22 22 22 18 15 22 25 22 23 0 21 21
16 16 22 15 22 19 23 23 15 17 22 24 19 21 24 21 0 18
21 20 24 19 16 17 20 20 17 25 22 25 16 17 18 21 18 0
