16
10
32 76 59 42 59 77 27 45 57 77
39 61 50 20 17 9 14 62 38 17
10 9 80 61 18 8 62 9 36 42
44 52 68 25 38 36 2 46 72 58
27 36 30 21 31 59 26 65 44 37
55 49 12 30 61 59 13 64 39 22
21 10 56 22 44 64 48 60 68 2
73 39 58 16 58 66 72 17 13 8
61 56 22 32 80 50 23 37 77 70
47 42 51 31 39 50 23 10 68 24
62 1 7 71 32 30 66 75 56 24
70 78 68 58 51 34 51 5 6 60
71 63 75 79 53 33 5 55 35 3
34 14 40 52 50 76 44 64 72 64
46 35 67 75 57 29 22 35 30 26
7 9 34 25 79 33 49 61 21 60
0 17 22 21 23 19 17 24 25 24 25 17 21 19 22 23 18 25
17 0 19 22 19 18 25 18 17 17 15 18 19 16 23 23 15 16
22 19 0 24 17 24 19 16 17 19 22 23 18 20 20 19 25 21
21 22 24 0 22 16 18 23 18 20 21 16 18 19 21 19 22 16
23 19 17 22 0 22 22 24 25 24 25 15 21 20 18 20 19 16
19 18 24 16 22 0 18 25 24 16 19 24 25 19 20 25 16 24
17 25 19 18 22 18 0 16 25 21 23 22 22 24 21 19 17 17
24 18 16 23 24 25 16 0 17 20 25 15 22 19 16 22 16 19
25 17 17 18 25 24 25 17 0 16 18 20 25 17 18 19 25 16
24 17 19 20 24 16 21 20 16 0 17 22 17 25 22 17 17 23
25 15 22 21 25 19 23 25 18 17 0 16 15 18 19 25 23 19
17 18 23 16 15 24 22 15 20 22 16 0 21 15 21 22 24 16
21 19 18 18 21 25 22 22 25 17 15 21 0 16 17 18 24 15
19 16 20 19 20 19 24 19 17 25 18 15 16 0 15 18 21 23
22 23 20 21 18 20 21 16 18 22 19 21 17 15 0 15 17 17
23 23 19 19 20 25 19 22 19 17 25 22 18 18 15 0 17 20
18 15 25 22 19 16 17 16 25 17 23 24 24 21 17 17 0 16
25 16 21 16 16 24 17 19 16 23 19 16 15 23 17 20 16 0
