16
26
20 30 56 74 74 50 49 76 63 1 46 66 29 66 6 27 12 54 58 19 12 78 76 68 51 20
36 25 67 56 11 41 17 65 14 5 39 7 43 60 61 73 77 22 55 69 79 42 20 26 28 43
48 16 22 22 48 65 3 72 52 39 15 17 66 56 10 27 44 51 34 77 17 63 76 14 51 5
61 17 66 10 18 7 31 27 18 10 38 63 6 13 7 33 43 1 76 23 8 79 60 33 27 56
22 35 31 1 18 35 59 65 1 46 8 59 9 35 73 6 70 77 64 59 38 51 23 2 75 59
28 61 58 18 2 76 47 47 79 11 14 70 6 33 69 35 40 54 41 35 69 35 50 14 19 33
45 41 36 35 50 32 47 41 68 34 5 31 59 70 68 8 22 23 32 65 67 56 48 46 72 28
27 68 32 36 56 40 43 34 52 44 9 71 76 11 37 53 60 28 24 68 3 39 50 9 35 24
18 5 76 31 17 8 73 74 66 71 20 80 6 69 14 71 28 11 31 61 22 62 66 70 26 23
3 78 71 31 31 31 7 45 78 22 9 24 22 32 70 2 34 12 45 6 59 24 57 31 40 53
74 33 23 10 65 52 71 5 49 23 22 71 13 26 10 57 62 26 62 62 25 25 39 41 10 39
20 48 7 3 22 50 62 67 23 4 73 43 40 78 55 46 63 1 77 6 54 8 57 65 15 65
37 9 3 1 68 60 19 71 53 25 19 30 68 60 41 9 49 68 55 76 9 27 16 61 32 78
77 7 41 71 41 56 9 47 31 42 34 79 57 11 42 75 75 50 74 56 3 68 72 35 15 50
41 31 52 25 26 39 51 33 46 31 10 36 19 67 77 14 28 38 42 8 74 73 15 29 65 17
7 48 26 72 52 3 67 9 74 47 37 49 23 28 75 56 66 67 51 6 37 40 42 66 43 65
0 15 21 16 23 23 21 17 24 18 24 20 23 18 21 17 17 21
15 0 21 18 23 24 16 18 19 22 15 22 21 21 18 21 20 23
21 21 0 17 16 25 16 19 23 16 21 25 19 21 16 16 19 23
16 18 17 0 15 25 23 25 15 20 20 15 20 16 16 16 23 25
23 23 16 15 0 25 22 21 19 20 17 16 17 17 17 17 20 24
23 24 25 25 25 0 18 22 21 25 18 18 24 24 25 17 18 19
21 16 16 23 22 18 0 24 23 24 18 19 15 21 25 24 23 20
17 18 19 25 21 22 24 0 15 23 19 20 15 15 22 19 23 21
24 19 23 15 19 21 23 15 0 16 16 17 25 19 15 24 23 22
18 22 16 20 20 25 24 23 16 0 22 18 21 23 21 16 20 17
24 15 21 20 17 18 18 19 16 22 0 24 17 16 25 21 23 18
20 22 25 15 16 18 19 20 17 18 24 0 16 23 25 16 19 24
23 21 19 20 17 24 15 15 25 21 17 16 0 19 24 17 21 17
18 21 21 16 17 24 21 15 19 23 16 23 19 0 20 20 19 17
21 18 16 16 17 25 25 22 15 21 25 25 24 20 0 25 19 18
17 21 16 16 17 17 24 19 24 16 21 16 17 20 25 0 16 21
17 20 19 23 20 18 23 23 23 20 23 19 21 19 19 16 0 17
21 23 23 25 24 19 20 21 22 17 18 24 17 17 18 21 17 0
