16
26
2 7 74 52 15 25 67 6 27 19 11 43 43 43 13 7 75 23 46 42 25 70 32 34 56 30
22 11 25 36 47 57 18 71 75 79 23 66 79 46 60 50 43 7 51 20 78 24 33 4 17 52
35 69 23 77 55 54 63 76 50 4 29 57 31 52 7 8 35 39 12 20 25 42 12 78 8 6
28 10 59 26 47 79 35 1 45 33 17 42 62 38 16 31 61 32 25 13 22 33 77 68 20 51
63 26 67 17 27 29 55 72 41 70 43 52 65 51 45 10 43 49 34 21 43 10 48 73 67 67
12 78 48 27 15 27 57 40 42 25 58 61 58 65 60 20 49 76 54 2 1 26 12 49 29 45
78 30 16 63 71 70 8 79 80 10 69 45 63 58 57 15 31 78 63 68 69 15 53 73 42 9
77 7 46 74 79 9 74 6 34 23 23 71 68 28 34 32 23 74 73 76 33 67 5 65 25 3
41 10 13 80 66 55 11 45 20 2 33 24 58 76 61 32 78 41 27 17 55 5 28 7 4 9
27 77 78 48 74 40 48 68 58 52 39 2 35 31 65 35 37 18 25 12 37 62 43 31 12 77
55 4 35 10 67 26 74 50 43 25 55 22 33 76 58 23 51 47 79 19 79 34 47 7 62 58
4 42 23 68 17 69 59 31 53 64 75 1 60 32 73 29 12 74 37 1 25 40 13 7 27 70
4 39 67 17 38 64 19 74 25 41 10 55 66 59 60 46 68 56 58 56 70 60 62 40 72 24
45 50 76 35 19 21 58 53 24 6 68 50 61 21 33 4 17 67 9 47 72 11 49 53 76 32
78 60 37 55 20 66 44 18 49 12 14 7 17 76 71 46 47 16 14 66 6 13 2 76 16 32
2 37 24 29 42 68 52 3 33 69 37 51 33 61 76 24 71 76 27 18 19 11 60 11 72 1
0 23 21 24 19 23 23 21 19 24 25 15 21 18 24 16 15 21
23 0 24 23 16 18 18 20 18 21 18 23 15 22 20 24 24 21
21 24 0 25 21 16 17 17 20 19 22 18 20 16 24 21 23 24
24 23 25 0 20 15 23 16 18 20 23 17 15 23 20 15 17 18
19 16 21 20 0 18 21 20 19 20 21 17 19 24 25 24 24 20
23 18 16 15 18 0 21 25 18 25 24 16 20 20 19 15 19 21
23 18 17 23 21 21 0 16 18 20 23 23 22 20 20 23 15 18
21 20 17 16 20 25 16 0 24 23 20 21 25 22 24 22 16 19
19 18 20 18 19 18 18 24 0 22 23 20 16 17 19 23 16 16
24 21 19 20 20 25 20 23 22 0 23 22 21 25 24 19 22 19
25 18 22 23 21 24 23 20 23 23 0 17 21 17 17 23 16 20
15 23 18 17 17 16 23 21 20 22 17 0 25 23 19 19 21 18
21 15 20 15 19 20 22 25 16 21 21 25 0 24 23 19 17 23
18 22 16 23 24 20 20 22 17 25 17 23 24 0 25 21 17 22
24 20 24 20 25 19 20 24 19 24 17 19 23 25 0 22 18 23
16 24 21 15 24 15 23 22 23 19 23 19 19 21 22 0 19 15
15 24 23 17 24 19 15 16 16 22 16 21 17 17 18 19 0 25
21 21 24 18 20 21 18 19 16 19 20 18 23 22 23 15 25 0
