16
11
34 3 5 54 27 6 69 46 52 3 61 73 62 64 75 44
0 25 15 23 17 25 22 16 17 16 20 22 18 19 21 19 22 18
25 0 21 21 23 19 20 20 19 23 24 18 15 21 25 19 22 23
15 21 0 15 15 15 15 21 25 20 22 16 17 24 16 19 18 19
23 21 15 0 23 19 20 22 19 25 15 25 16 25 22 22 24 23
17 23 15 23 0 16 16 24 15 15 21 17 18 21 17 20 24 25
25 19 15 19 16 0 19 15 23 24 16 18 19 16 15 22 25 17
22 20 15 20 16 19 0 18 17 25 21 22 21 15 17 18 20 15
16 20 21 22 24 15 18 0 16 24 19 25 18 22 25 18 17 18
17 19 25 19 15 23 17 16 0 17 22 21 25 19 24 21 19 21
16 23 20 25 15 24 25 24 17 0 19 17 20 23 20 23 22 21
20 24 22 15 21 16 21 19 22 19 0 22 15 18 15 23 16 21
22 18 16 25 17 18 22 25 21 17 22 0 15 19 23 25 24 25
18 15 17 16 18 19 21 18 25 20 15 15 0 20 24 17 19 18
19 21 24 25 21 16 15 22 19 23 18 19 20 0 15 22 18 20
21 25 16 22 17 15 17 25 24 20 15 23 24 15 0 20 25 24
19 19 19 22 20 22 18 18 21 23 23 25 17 22 20 0 21 22
22 22 18 24 24 25 20 17 19 22 16 24 19 18 25 21 0 15
18 23 19 23 25 17 15 18 21 21 21 25 18 20 24 22 15 0
