16
22
13 37 36 7 39 30 22 22 23 3 27 29 14 35 22 33 7 16 13 10 40 32
10 11 39 21 38 33 22 12 40 9 9 29 12 39 1 36 5 6 5 22 2 27
9 9 8 40 23 15 31 30 29 33 31 22 26 28 3 11 3 20 25 23 4 32
26 37 25 32 17 16 22 31 20 27 30 27 5 31 23 35 19 14 14 39 37 15
31 31 3 9 20 39 9 4 2 4 18 27 23 14 19 13 4 36 32 16 26 21
20 32 34 10 9 7 31 11 4 35 34 27 12 24 24 5 18 35 13 2 28 15
2 3 9 1 23 18 2 26 6 35 6 6 26 5 2 29 16 11 12 24 12 9
17 39 35 5 2 12 38 28 19 35 6 5 33 14 11 36 18 38 18 3 17 2
30 23 2 36 38 37 7 31 35 30 33 28 19 33 15 40 12 20 10 1 11 36
37 16 8 22 29 34 17 17 13 36 23 4 8 10 37 17 8 34 3 26 28 10
10 31 28 6 39 17 38 17 10 21 38 14 39 4 14 25 24 13 12 40 17 28
13 34 37 25 6 37 5 9 11 35 12 10 4 17 10 9 15 34 5 39 3 32
31 15 29 25 1 39 21 28 18 5 33 19 14 3 33 18 4 5 23 12 38 32
35 15 1 25 37 22 31 35 27 34 35 8 16 26 31 5 15 10 5 12 11 16
35 30 11 1 38 17 27 28 17 30 25 17 8 37 20 40 2 5 16 25 6 26
39 21 16 3 12 26 29 34 14 10 19 28 13 39 17 19 16 21 28 3 20 36
0 18 20 23 19 19 19 18 21 17 22 21 22 19 25 16 17 15
18 0 22 20 21 19 22 19 25 17 15 18 17 25 23 19 24 22
20 22 0 18 24 25 21 19 18 22 22 17 15 25 22 16 16 24
23 20 18 0 23 22 24 25 17 18 22 16 25 22 23 18 24 23
19 21 24 23 0 16 21 18 23 16 22 18 15 15 25 18 16 25
19 19 25 22 16 0 19 23 24 25 21 20 19 16 19 20 17 22
19 22 21 24 21 19 0 23 24 24 24 19 25 21 17 18 16 16
18 19 19 25 18 23 23 0 16 16 17 19 16 15 17 15 21 24
21 25 18 17 23 24 24 16 0 23 21 23 18 22 20 23 21 24
17 17 22 18 16 25 24 16 23 0 24 25 19 23 24 19 16 21
22 15 22 22 22 21 24 17 21 24 0 23 20 24 18 21 19 22
21 18 17 16 18 20 19 19 23 25 23 0 23 19 21 22 17 19
22 17 15 25 15 19 25 16 18 19 20 23 0 21 15 19 15 18
19 25 25 22 15 16 21 15 22 23 24 19 21 0 19 22 23 15
25 23 22 23 25 19 17 17 20 24 18 21 15 19 0 20 23 15
16 19 16 18 18 20 18 15 23 19 21 22 19 22 20 0 25 22
17 24 16 24 16 17 16 21 21 16 19 17 15 23 23 25 0 20
15 22 24 23 25 22 16 24 24 21 22 19 18 15 15 22 20 0
