16
6
39 37 15 36 14 18
27 20 36 9 31 35
35 12 35 4 33 8
32 19 27 34 10 19
35 24 10 6 11 6
19 3 8 8 7 18
22 32 36 11 1 33
5 16 36 11 1 9
7 14 17 38 30 36
8 16 6 40 24 37
29 39 9 34 39 23
15 7 9 34 19 5
16 19 35 23 25 10
35 34 33 10 36 12
24 19 14 33 5 1
12 7 26 21 5 14
0 23 16 18 16 20 16 16 22 25 15 15 15 18 15 19 24 20
23 0 22 19 15 23 16 21 24 24 17 20 20 25 21 21 24 23
16 22 0 25 19 16 15 21 21 21 16 17 18 18 23 16 24 21
18 19 25 0 15 18 24 21 25 19 22 21 18 19 25 20 21 15
16 15 19 15 0 22 24 25 24 15 18 24 23 15 20 20 22 17
20 23 16 18 22 0 24 17 16 16 20 23 23 17 15 24 21 25
16 16 15 24 24 24 0 15 17 23 17 24 18 17 19 16 18 23
16 21 21 21 25 17 15 0 21 22 19 25 18 24 17 17 16 22
22 24 21 25 24 16 17 21 0 20 24 24 18 19 21 17 21 15
25 24 21 19 15 16 23 22 20 0 15 18 24 18 21 23 22 20
15 17 16 22 18 20 17 19 24 15 0 17 21 19 23 24 18 16
15 20 17 21 24 23 24 25 24 18 17 0 25 15 15 21 17 16
15 20 18 18 23 23 18 18 18 24 21 25 0 21 22 22 22 18
18 25 18 19 15 17 17 24 19 18 19 15 21 0 22 22 24 22
15 21 23 25 20 15 19 17 21 21 23 15 22 22 0 16 23 21
19 21 16 20 20 24 16 17 17 23 24 21 22 22 16 0 16 17
24 24 24 21 22 21 18 16 21 22 18 17 22 24 23 16 0 21
20 23 21 15 17 25 23 22 15 20 16 16 18 22 21 17 21 0
