16
7
37 2 12 24 9 13 22 25 29 30 6 25 15 15 13 27
0 22 15 19 17 24 22 15 18 16 21 16 17 22 16 18 23 24
22 0 20 22 19 24 21 16 22 20 25 21 16 23 17 21 15 17
15 20 0 20 20 16 15 25 22 19 15 16 16 17 25 25 23 22
19 22 20 0 20 17 19 18 24 21 18 25 24 22 16 17 15 20
17 19 20 20 0 23 23 25 15 15 15 21 15 15 16 23 15 20
24 24 16 17 23 0 15 20 22 19 17 17 21 25 15 19 23 20
22 21 15 19 23 15 0 23 21 16 18 19 23 15 17 25 20 19
15 16 25 18 25 20 23 0 25 17 20 23 24 19 25 22 20 24
18 22 22 24 15 22 21 25 0 22 25 25 20 23 22 22 16 19
16 20 19 21 15 19 16 17 22 0 15 23 24 25 17 19 16 24
21 25 15 18 15 17 18 20 25 15 0 16 15 17 23 17 21 19
16 21 16 25 21 17 19 23 25 23 16 0 25 17 16 17 25 22
17 16 16 24 15 21 23 24 20 24 15 25 0 17 16 24 22 18
22 23 17 22 15 25 15 19 23 25 17 17 17 0 19 18 22 19
16 17 25 16 16 15 17 25 22 17 23 16 16 19 0 16 20 24
18 21 25 17 23 19 25 22 22 19 17 17 24 18 16 0 15 19
23 15 23 15 15 23 20 20 16 16 21 25 22 22 20 15 0 18
24 17 22 20 20 20 19 24 19 24 19 22 18 19 24 19 18 0
