16
15
16 119 15 106 105 20 8 104 26 78 50 100 95 44 55 37
0 18 21 17 18 22 19 20 17 24 15 16 16 15 21 19 24 15
18 0 23 15 20 21 16 21 18 19 24 15 21 23 17 25 22 19
21 23 0 20 17 22 21 18 18 18 20 23 17 22 24 21 24 19
17 15 20 0 22 18 19 19 19 23 19 25 25 18 22 17 25 24
18 20 17 22 0 17 22 16 18 16 24 16 23 22 20 24 24 17
22 21 22 18 17 0 25 24 22 17 25 19 18 25 24 21 24 24
19 16 21 19 22 25 0 24 24 22 16 19 21 18 18 15 22 20
20 21 18 19 16 24 24 0 16 22 23 21 18 19 22 22 25 25
17 18 18 19 18 22 24 16 0 19 17 24 19 22 23 25 21 15
24 19 18 23 16 17 22 22 19 0 25 21 25 20 15 20 18 25
15 24 20 19 24 25 16 23 17 25 0 25 21 17 23 19 21 21
16 15 23 25 16 19 19 21 24 21 25 0 18 25 18 16 21 16
16 21 17 25 23 18 21 18 19 25 21 18 0 17 24 19 22 21
15 23 22 18 22 25 18 19 22 20 17 25 17 0 23 16 21 16
21 17 24 22 20 24 18 22 23 15 23 18 24 23 0 24 21 16
19 25 21 17 24 21 15 22 25 20 19 16 19 16 24 0 22 19
24 22 24 25 24 24 22 25 21 18 21 21 22 21 21 22 0 23
15 19 19 24 17 24 20 25 15 25 21 16 21 16 16 19 23 0
