16
12
75 104 110 8 10 1 9 54 61 26 66 45
66 14 49 66 112 90 42 114 56 57 118 37
117 53 7 75 16 38 47 90 120 25 17 54
10 64 31 77 22 26 13 68 105 28 109 51
58 119 51 44 108 119 87 28 28 50 109 15
14 106 71 116 19 28 18 99 5 108 55 20
89 84 112 49 77 84 31 97 75 8 16 42
74 75 53 3 18 22 32 118 114 49 101 103
114 99 33 55 22 92 44 56 44 88 70 101
82 62 68 9 91 92 67 61 45 115 117 35
8 6 65 114 40 52 76 71 38 39 47 44
101 106 55 7 10 33 76 9 52 93 34 42
62 79 56 10 108 116 71 69 90 9 23 53
35 74 31 7 13 19 68 37 1 86 39 110
6 95 105 107 23 63 100 94 85 95 93 11
113 5 21 87 18 45 90 41 66 14 5 56
0 17 19 25 25 19 16 18 25 25 25 22 19 24 19 15 19 16
17 0 21 23 17 23 20 24 15 15 19 20 22 20 22 15 21 23
19 21 0 24 22 19 18 22 19 18 20 20 16 19 15 25 19 23
25 23 24 0 24 20 22 22 19 24 22 22 19 16 22 16 19 16
25 17 22 24 0 17 23 23 23 24 25 23 18 17 17 23 22 16
19 23 19 20 17 0 17 20 21 24 18 21 15 25 25 20 25 19
16 20 18 22 23 17 0 21 23 25 24 23 25 20 21 20 24 20
18 24 22 22 23 20 21 0 18 21 24 15 21 18 18 25 24 16
25 15 19 19 23 21 23 18 0 21 22 25 20 22 18 17 15 19
25 15 18 24 24 24 25 21 21 0 15 24 15 16 23 15 23 22
25 19 20 22 25 18 24 24 22 15 0 15 21 15 24 23 20 23
22 20 20 22 23 21 23 15 25 24 15 0 20 16 17 15 21 23
19 22 16 19 18 15 25 21 20 15 21 20 0 23 25 19 24 23
24 20 19 16 17 25 20 18 22 16 15 16 23 0 15 17 20 21
19 22 15 22 17 25 21 18 18 23 24 17 25 15 0 22 17 20
15 15 25 16 23 20 20 25 17 15 23 15 19 17 22 0 16 22
19 21 19 19 22 25 24 24 15 23 20 21 24 20 17 16 0 22
16 23 23 16 16 19 20 16 19 22 23 23 23 21 20 22 22 0
