16
16
18 132 136 23 88 156 17 88 16 143 141 117 129 124 90 11
0 20 15 19 24 20 22 15 19 17 22 17 18 19 18 17 21 18
20 0 23 19 15 17 25 17 20 20 20 25 20 21 16 24 15 19
15 23 0 25 21 21 23 23 21 21 17 20 25 20 17 16 16 20
19 19 25 0 16 16 25 18 22 17 15 20 15 16 15 18 20 17
24 15 21 16 0 20 15 23 23 17 21 20 22 18 24 16 18 24
20 17 21 16 20 0 21 18 22 25 24 21 17 18 23 24 25 17
22 25 23 25 15 21 0 18 22 16 18 17 21 17 15 22 18 23
15 17 23 18 23 18 18 0 23 20 17 16 17 16 25 16 24 15
19 20 21 22 23 22 22 23 0 20 21 24 23 24 15 22 20 25
17 20 21 17 17 25 16 20 20 0 15 17 25 23 21 15 18 15
22 20 17 15 21 24 18 17 21 15 0 25 19 20 21 25 25 24
17 25 20 20 20 21 17 16 24 17 25 0 25 20 15 18 23 15
18 20 25 15 22 17 21 17 23 25 19 25 0 21 19 17 25 16
19 21 20 16 18 18 17 16 24 23 20 20 21 0 20 22 23 19
18 16 17 15 24 23 15 25 15 21 21 15 19 20 0 24 21 24
17 24 16 18 16 24 22 16 22 15 25 18 17 22 24 0 16 19
21 15 16 20 18 25 18 24 20 18 25 23 25 23 21 16 0 18
18 19 20 17 24 17 23 15 25 15 24 15 16 19 24 19 18 0
