16
10
35 31 6 113 109 85 31 65 96 150 73 54 150 18 29 76
0 19 15 21 16 24 18 17 20 17 18 15 16 25 18 19 23 18
19 0 23 18 25 20 15 24 25 17 15 22 17 21 19 25 20 23
15 23 0 18 21 22 21 23 21 22 20 25 22 25 22 20 17 25
21 18 18 0 20 25 24 17 17 23 20 18 24 24 21 23 15 18
16 25 21 20 0 22 21 15 21 25 24 22 15 21 19 19 24 20
24 20 22 25 22 0 18 22 20 23 25 15 25 23 16 18 22 15
18 15 21 24 21 18 0 17 18 22 18 21 15 17 20 21 22 15
17 24 23 17 15 22 17 0 17 24 19 21 23 22 22 21 17 24
20 25 21 17 21 20 18 17 0 22 17 23 21 24 24 19 18 18
17 17 22 23 25 23 22 24 22 0 22 19 22 17 17 16 21 20
18 15 20 20 24 25 18 19 17 22 0 24 25 21 20 16 19 17
15 22 25 18 22 15 21 21 23 19 24 0 15 17 22 17 22 21
16 17 22 24 15 25 15 23 21 22 25 15 0 22 20 18 23 16
25 21 25 24 21 23 17 22 24 17 21 17 22 0 19 25 24 21
18 19 22 21 19 16 20 22 24 17 20 22 20 19 0 21 18 21
19 25 20 23 19 18 21 21 19 16 16 17 18 25 21 0 15 15
23 20 17 15 24 22 22 17 18 21 19 22 23 24 18 15 0 25
18 23 25 18 20 15 15 24 18 20 17 21 16 21 21 15 25 0
