16
22
19 120 104 74 16 88 62 56 24 57 11 20 63 95 64 98 41 115 77 112 25 43
65 10 49 29 118 44 101 102 46 19 73 61 109 76 82 100 112 68 115 15 93 10
30 112 60 100 57 105 28 46 36 16 46 114 19 38 44 62 28 43 37 68 17 83
31 119 47 93 89 96 64 101 57 31 50 39 93 91 25 105 80 47 85 7 32 102
76 107 20 37 74 68 92 31 43 86 91 106 17 42 101 30 54 63 54 117 6 90
2 67 24 77 72 19 3 39 17 99 63 83 38 67 110 93 66 118 14 73 2 74
8 23 99 105 77 9 99 119 90 90 14 94 32 89 41 82 57 38 120 16 112 5
10 117 45 117 24 6 97 64 59 35 89 100 17 63 109 9 33 66 19 10 65 120
27 74 95 19 55 80 23 9 49 31 1 8 115 70 90 87 76 109 89 55 52 4
96 83 120 1 44 37 102 72 18 2 105 74 101 77 42 83 108 93 111 84 7 100
23 46 75 79 87 12 67 102 39 33 103 14 116 40 35 93 39 12 113 29 73 40
110 42 87 24 66 93 56 11 43 66 35 52 100 40 57 118 27 46 91 34 63 10
74 31 38 86 38 41 95 13 52 13 73 100 48 82 80 77 111 47 90 108 16 27
81 35 84 115 72 89 2 114 103 36 21 74 31 100 119 69 23 34 109 26 109 53
10 117 6 7 51 15 66 23 99 22 52 39 110 44 34 95 72 117 99 83 102 52
32 74 30 42 29 104 118 41 13 49 49 64 36 19 112 13 115 25 78 87 33 114
0 17 23 15 21 22 24 17 20 20 20 17 23 21 23 17 17 22
17 0 16 23 22 20 18 22 20 15 24 16 22 19 23 15 22 21
23 16 0 16 23 16 23 22 25 25 16 24 15 19 24 17 24 17
15 23 16 0 21 19 16 18 24 17 25 17 24 19 23 20 25 18
21 22 23 21 0 24 21 25 18 21 24 19 24 18 22 17 21 16
22 20 16 19 24 0 21 21 17 16 22 16 17 25 20 24 17 21
24 18 23 16 21 21 0 15 24 23 17 21 18 17 16 20 15 20
17 22 22 18 25 21 15 0 18 22 16 24 23 23 18 15 21 18
20 20 25 24 18 17 24 18 0 15 25 16 25 15 24 23 20 25
20 15 25 17 21 16 23 22 15 0 23 19 17 21 17 22 15 23
20 24 16 25 24 22 17 16 25 23 0 19 15 17 23 24 24 17
17 16 24 17 19 16 21 24 16 19 19 0 18 18 19 16 21 23
23 22 15 24 24 17 18 23 25 17 15 18 0 25 25 23 23 20
21 19 19 19 18 25 17 23 15 21 17 18 25 0 21 18 16 22
23 23 24 23 22 20 16 18 24 17 23 19 25 21 0 22 21 18
17 15 17 20 17 24 20 15 23 22 24 16 23 18 22 0 15 18
17 22 24 25 21 17 15 21 20 15 24 21 23 16 21 15 0 22
22 21 17 18 16 21 20 18 25 23 17 23 20 22 18 18 22 0
