16
4
38 34 76 43
12 59 65 27
24 63 11 9
14 33 28 20
41 67 9 55
36 67 64 18
18 38 41 61
72 71 25 42
21 72 44 43
11 65 74 28
20 69 77 73
19 49 65 26
71 9 59 54
10 70 79 31
57 68 26 75
66 13 56 38
0 24 15 15 22 23 19 22 22 19 15 16 17 18 25 16 17 21
24 0 21 22 19 22 19 24 22 22 15 17 24 19 15 18 20 21
15 21 0 19 16 21 23 22 24 25 23 15 18 19 20 21 16 21
15 22 19 0 23 21 21 23 18 20 20 21 23 17 25 17 24 23
22 19 16 23 0 23 25 25 19 19 20 20 16 21 21 24 18 25
23 22 21 21 23 0 16 20 21 23 24 25 24 25 22 19 17 15
19 19 23 21 25 16 0 24 19 24 21 24 17 22 19 17 16 20
22 24 22 23 25 20 24 0 25 22 21 25 17 17 24 23 24 23
22 22 24 18 19 21 19 25 0 18 25 25 24 24 20 16 16 19
19 22 25 20 19 23 24 22 18 0 19 21 17 23 17 21 21 25
15 15 23 20 20 24 21 21 25 19 0 20 18 25 24 25 15 15
16 17 15 21 20 25 24 25 25 21 20 0 16 18 22 17 17 25
17 24 18 23 16 24 17 17 24 17 18 16 0 22 24 23 19 20
18 19 19 17 21 25 22 17 24 23 25 18 22 0 17 15 25 23
25 15 20 25 21 22 19 24 20 17 24 22 24 17 0 21 23 21
16 18 21 17 24 19 17 23 16 21 25 17 23 15 21 0 23 16
17 20 16 24 18 17 16 24 16 21 15 17 19 25 23 23 0 18
21 21 21 23 25 15 20 23 19 25 15 25 20 23 21 16 18 0
