16
18
10 7 20 31 14 34 31 31 16 4 36 40 26 39 9 28 32 6
27 10 11 1 26 7 7 18 32 35 14 3 38 23 13 40 9 19
23 12 14 10 7 10 33 13 23 24 17 30 16 30 21 39 32 3
11 23 2 21 37 23 3 32 21 6 35 8 8 13 27 21 11 7
5 22 16 14 21 16 11 30 37 13 40 34 5 30 13 18 36 20
21 32 31 14 13 1 34 22 5 32 3 40 39 9 5 37 26 24
37 33 37 31 27 6 5 9 2 6 39 14 7 9 35 35 14 10
23 24 8 25 38 13 20 28 14 1 1 17 25 13 36 3 3 23
33 34 21 24 18 6 17 18 35 9 30 35 24 7 11 39 9 3
39 14 6 7 5 18 24 40 5 36 6 35 27 33 9 24 9 33
5 39 10 12 13 30 38 35 29 33 14 34 15 3 14 13 9 31
16 22 3 3 26 11 12 1 17 19 36 17 14 28 37 28 18 40
18 6 15 5 3 24 26 35 7 4 39 23 2 1 17 11 27 38
28 6 33 6 1 9 1 3 1 35 3 5 25 40 29 1 24 2
39 29 38 5 6 35 28 2 23 22 14 31 34 7 28 7 33 15
15 10 17 2 38 34 1 40 23 8 32 18 35 30 12 31 38 8
0 23 18 24 20 22 19 17 21 24 20 24 20 20 19 23 24 17
23 0 16 24 21 16 16 17 18 15 21 16 25 15 16 16 17 23
18 16 0 15 19 19 21 23 21 20 20 18 15 22 25 23 25 20
24 24 15 0 18 18 18 15 25 15 17 19 17 22 21 15 16 20
20 21 19 18 0 25 15 18 20 25 22 21 19 19 17 20 21 23
22 16 19 18 25 0 17 15 22 20 23 16 25 25 16 21 24 19
19 16 21 18 15 17 0 22 18 15 17 15 17 22 17 22 18 22
17 17 23 15 18 15 22 0 20 24 23 21 24 24 15 16 16 17
21 18 21 25 20 22 18 20 0 23 18 22 21 19 24 23 19 20
24 15 20 15 25 20 15 24 23 0 20 18 25 19 24 18 22 25
20 21 20 17 22 23 17 23 18 20 0 23 18 18 17 24 17 15
24 16 18 19 21 16 15 21 22 18 23 0 22 16 15 24 18 20
20 25 15 17 19 25 17 24 21 25 18 22 0 16 21 17 25 23
20 15 22 22 19 25 22 24 19 19 18 16 16 0 16 20 18 17
19 16 25 21 17 16 17 15 24 24 17 15 21 16 0 22 21 23
23 16 23 15 20 21 22 16 23 18 24 24 17 20 22 0 18 25
24 17 25 16 21 24 18 16 19 22 17 18 25 18 21 18 0 22
17 23 20 20 23 19 22 17 20 25 15 20 23 17 23 25 22 0
