16
20
45 76 54 38 74 68 78 15 15 80 32 39 30 57 46 15 2 74 9 75
68 54 63 25 50 15 38 50 63 1 21 29 44 28 63 34 37 7 80 58
78 67 7 50 2 40 8 2 67 16 76 76 52 42 13 63 14 57 73 67
47 43 16 17 28 48 41 74 11 41 28 51 76 59 71 71 31 21 51 18
25 29 59 75 52 24 66 28 46 24 53 56 54 7 78 36 49 22 36 20
31 51 55 70 73 75 8 59 22 74 79 27 3 40 76 37 12 59 38 15
75 76 2 45 71 45 23 27 5 26 53 71 22 14 41 12 66 37 38 43
48 41 76 24 41 29 71 17 61 40 53 60 76 36 24 8 43 1 22 70
34 18 10 6 23 45 1 36 31 58 60 29 64 50 70 73 43 51 6 6
18 69 44 35 67 62 57 59 29 13 74 23 53 29 38 37 47 19 67 63
57 29 48 1 3 52 20 42 27 28 69 30 1 48 45 57 22 25 2 55
3 5 68 62 52 42 48 40 42 73 60 41 30 37 62 13 38 77 32 9
13 41 64 64 31 30 66 28 15 77 38 23 45 1 59 8 54 57 43 26
73 55 74 28 36 14 45 53 35 30 43 11 78 80 44 21 16 47 70 41
22 51 43 3 3 75 29 48 62 12 56 38 79 52 75 14 31 55 53 20
30 62 59 30 51 8 40 24 45 40 6 59 55 75 19 3 75 14 36 19
0 24 19 23 19 21 20 23 23 24 16 22 16 22 20 21 23 19
24 0 23 16 19 25 22 16 23 18 25 24 25 25 16 15 19 22
19 23 0 24 20 17 17 16 20 22 18 24 18 22 22 19 20 19
23 16 24 0 24 24 20 17 22 22 16 23 22 19 22 22 18 18
19 19 20 24 0 19 18 20 23 17 22 18 23 23 18 23 19 19
21 25 17 24 19 0 25 17 17 16 22 22 18 18 19 22 21 21
20 22 17 20 18 25 0 22 17 23 23 17 25 22 18 16 17 15
23 16 16 17 20 17 22 0 25 19 23 20 15 22 25 20 20 20
23 23 20 22 23 17 17 25 0 15 23 23 17 23 19 24 15 18
24 18 22 22 17 16 23 19 15 0 18 17 16 21 19 20 22 16
16 25 18 16 22 22 23 23 23 18 0 21 24 18 19 19 17 25
22 24 24 23 18 22 17 20 23 17 21 0 25 23 17 21 24 21
16 25 18 22 23 18 25 15 17 16 24 25 0 17 20 23 20 17
22 25 22 19 23 18 22 22 23 21 18 23 17 0 20 20 15 15
20 16 22 22 18 19 18 25 19 19 19 17 20 20 0 18 21 21
21 15 19 22 23 22 16 20 24 20 19 21 23 20 18 0 20 22
23 19 20 18 19 21 17 20 15 22 17 24 20 15 21 20 0 17
19 22 19 18 19 21 15 20 18 16 25 21 17 15 21 22 17 0
