16
4
73 24 119 85
51 83 91 55
107 99 112 27
85 39 54 105
88 61 120 89
109 29 21 97
4 75 89 52
56 85 73 50
38 90 12 16
19 10 107 34
86 37 110 66
39 100 34 102
1 35 111 110
110 113 31 41
4 111 2 18
34 77 11 116
0 19 15 23 25 23 22 16 20 15 17 18 24 16 16 23 25 23
19 0 25 24 18 16 23 15 22 22 17 21 18 25 17 21 23 20
15 25 0 20 18 25 23 20 25 23 19 20 20 18 23 20 19 23
23 24 20 0 22 17 20 17 16 18 21 19 15 22 20 17 25 25
25 18 18 22 0 18 24 20 16 21 15 22 16 17 18 24 25 17
23 16 25 17 18 0 22 23 21 19 25 19 18 24 21 24 25 21
22 23 23 20 24 22 0 18 22 23 23 17 22 17 18 20 20 23
16 15 20 17 20 23 18 0 19 22 17 16 20 19 15 19 25 23
20 22 25 16 16 21 22 19 0 24 17 24 24 21 17 23 18 23
15 22 23 18 21 19 23 22 24 0 19 18 22 17 16 23 20 17
17 17 19 21 15 25 23 17 17 19 0 22 24 19 18 15 24 23
18 21 20 19 22 19 17 16 24 18 22 0 23 18 25 22 23 22
24 18 20 15 16 18 22 20 24 22 24 23 0 24 16 17 17 15
16 25 18 22 17 24 17 19 21 17 19 18 24 0 18 17 15 16
16 17 23 20 18 21 18 15 17 16 18 25 16 18 0 22 24 19
23 21 20 17 24 24 20 19 23 23 15 22 17 17 22 0 23 23
25 23 19 25 25 25 20 25 18 20 24 23 17 15 24 23 0 20
23 20 23 25 17 21 23 23 23 17 23 22 15 16 19 23 20 0
